"ID","y"
"AS_M_1",-0.05020643
"AS_M_1",-0.01044569
"AS_M_1",0.01808113
"AS_M_1",0.01330809
"AS_M_1",-0.007502468
"AS_M_1",-0.07626036
"AS_M_1",-0.01741564
"AS_M_1",0.01069154
"AS_M_1",0.06313401
"AS_M_1",0.003000628
"AS_M_1",0.01166889
"AS_M_1",-0.01603036
"AS_M_1",0.007450094
"AS_M_1",-0.05653487
"AS_M_1",-0.007378463
"AS_M_1",0.009506777
"AS_M_1",0.1191902
"AS_M_1",0.05282733
"AS_M_1",0.001915401
"AS_M_1",0.02289395
"AS_M_1",0.1333337
"AS_M_1",0.06999493
"AS_M_1",0.01102732
"AS_M_1",-0.0158634
"AS_M_1",-0.09304225
"AS_M_1",-0.187065
"AS_M_1",-0.3950845
"AS_M_1",-0.3700298
"AS_M_1",-0.2892033
"AS_M_1",0.01316297
"AS_M_1",0.1725198
"AS_M_1",0.02325155
"AS_M_1",-0.1225122
"AS_M_1",-0.1419656
"AS_M_1",0.005732521
"AS_M_1",0.1125074
"AS_M_1",0.2780989
"AS_M_1",0.3646143
"AS_M_1",0.188026
"AS_M_1",0.04996509
"AS_M_1",-0.2192928
"AS_M_1",-0.2387689
"AS_M_1",-0.08104582
"AS_M_1",0.04167193
"AS_M_1",0.05258426
"AS_M_1",-0.06582098
"AS_M_1",-0.1267169
"AS_M_1",-0.215494
"AS_M_1",-0.08691083
"AS_M_1",-0.1356741
"AS_M_1",-0.1214771
"AS_M_1",-0.1113999
"AS_M_1",-0.06838633
"AS_M_1",-0.07573426
"AS_M_1",0.02510123
"AS_M_1",0.1030625
"AS_M_1",0.105559
"AS_M_1",0.09587172
"AS_M_1",0.0842042
"AS_M_1",0.09269944
"AS_M_1",0.09885843
"AS_M_1",0.05195341
"AS_M_1",0.08427997
"AS_M_1",0.1368273
"AS_M_1",0.1562938
"AS_M_1",0.2039117
"AS_M_1",0.0602144
"AS_M_1",0.04022736
"AS_M_1",-0.04102691
"AS_M_1",-0.01520307
"AS_M_1",-0.02986926
"AS_M_1",-0.07395078
"AS_M_1",-0.1314913
"AS_M_1",0.001950681
"AS_M_1",0.002667405
"AS_M_1",0.05630734
"AS_M_1",0.05312281
"AS_M_1",0.03893401
"AS_M_1",0.1533708
"AS_M_1",0.1081825
"AS_M_1",-0.09114569
"AS_M_1",-0.1108533
"AS_M_1",-0.2046729
"AS_M_1",-0.07772929
"AS_M_1",7.769465E-05
"AS_M_1",0.004411746
"AS_M_1",0.003791282
"AS_M_1",-0.006928734
"AS_M_1",0.03624875
"AS_M_1",0.09479973
"AS_M_1",0.06523785
"AS_M_1",0.00955131
"AS_M_1",-0.130067
"AS_M_1",-0.1806147
"AS_M_1",-0.14085
"AS_M_1",-0.08430661
"AS_M_1",0.08191451
"AS_M_1",0.07467358
"AS_M_1",0.02825552
"AS_M_1",-0.042197
"AS_M_1",0.008463273
"AS_M_1",-0.03692559
"AS_M_1",0.01976332
"AS_M_1",0.1938824
"AS_M_1",0.18173
"AS_M_1",0.3912842
"AS_M_1",0.2108303
"AS_M_1",0.05453736
"AS_M_1",0.02017343
"AS_M_1",-0.08726999
"AS_M_1",0.006298929
"AS_M_1",0.05920406
"AS_M_1",-0.08994132
"AS_M_1",0.0443753
"AS_M_1",-0.1870737
"AS_M_1",-0.1577766
"AS_M_1",-0.1143126
"AS_M_1",-0.1298755
"AS_M_1",-0.165714
"AS_M_1",-0.1955084
"AS_M_1",-0.3611504
"AS_M_1",-0.4242311
"AS_M_1",-0.1969189
"AS_M_1",0.04173529
"AS_M_1",0.2780523
"AS_M_1",0.433438
"AS_M_1",0.4064817
"AS_M_1",0.1598065
"AS_M_1",-0.1689796
"AS_M_1",-0.1782652
"AS_M_1",-0.3009547
"AS_M_1",-0.1248338
"AS_M_1",-0.06137024
"AS_M_1",0.04359958
"AS_M_1",0.0006159395
"AS_M_1",-0.02994255
"AS_M_1",0.002754826
"AS_M_1",0.02213125
"AS_M_1",0.03875146
"AS_M_1",0.04702248
"AS_M_1",0.07435089
"AS_M_1",0.1297487
"AS_M_1",-0.006516695
"AS_M_1",0.1127368
"AS_M_1",0.09901061
"AS_M_1",0.1988076
"AS_M_1",0.1425665
"AS_M_1",0.1081045
"AS_M_1",-0.114217
"AS_M_1",-0.1188793
"AS_M_1",-0.07643175
"AS_M_1",-0.02985546
"AS_M_1",0.1884784
"AS_M_1",-0.1915425
"AS_M_1",-0.1541689
"AS_M_1",-0.1045489
"AS_M_1",0.05711599
"AS_M_1",-0.009683713
"AS_M_1",0.03947708
"AS_M_1",0.08572131
"AS_M_1",0.1697813
"AS_M_1",0.1029625
"AS_M_1",0.064116
"AS_M_1",0.05135135
"AS_M_1",0.0901956
"AS_M_1",0.01712502
"AS_M_1",-0.1026927
"AS_M_1",-0.09001331
"AS_M_1",-0.1205156
"AS_M_1",0.1604625
"AS_M_1",-0.1155248
"AS_M_1",-0.2073798
"AS_M_1",-0.2500706
"AS_M_1",-0.2344068
"AS_M_1",0.1008892
"AS_M_1",0.1465578
"AS_M_1",-0.08898792
"AS_M_1",-0.1620043
"AS_M_1",0.01092929
"AS_M_1",-0.3389302
"AS_M_1",-0.3482458
"AS_M_1",-0.3510523
"AS_M_1",-0.2681971
"AS_M_1",-0.2527623
"AS_M_1",-0.03255192
"AS_M_1",0.1589977
"AS_M_1",0.1641684
"AS_M_1",0.2115987
"AS_M_1",0.2933842
"AS_M_1",0.286086
"AS_M_1",0.2210152
"AS_M_1",0.1459473
"AS_M_1",-0.1142421
"AS_M_1",-0.1504016
"AS_M_1",-0.1685297
"AS_M_1",-0.1014239
"AS_M_1",-0.1173821
"AS_M_1",-0.05114664
"AS_M_1",-0.05756748
"AS_M_1",-0.1206026
"AS_M_1",-0.04497186
"AS_M_1",-0.03405809
"AS_M_1",-0.01014997
"AS_M_1",0.05641641
"AS_M_1",0.114673
"AS_M_1",0.113942
"AS_M_1",0.09329169
"AS_M_1",0.1383574
"AS_M_1",0.1150606
"AS_M_1",0.1033583
"AS_M_1",0.01678495
"AS_M_1",0.02513453
"AS_M_1",0.02432715
"AS_M_1",0.01167293
"AS_M_1",0.03017423
"AS_M_1",0.03512831
"AS_M_1",-0.02850866
"AS_M_1",-0.09099262
"AS_M_1",0.006107824
"AS_M_1",-0.05334104
"AS_M_1",-0.08013245
"AS_M_1",-0.05286008
"AS_M_1",-0.01541286
"AS_M_1",0.0624604
"AS_M_1",0.03594989
"AS_M_1",0.02399819
"AS_M_1",-0.07065784
"AS_M_1",0.02267132
"AS_M_1",0.03079659
"AS_M_1",0.03196659
"AS_M_1",0.03490525
"AS_M_1",-0.005765863
"AS_M_1",0.01515987
"AS_M_1",0.01488974
"AS_M_1",0.003503215
"AS_M_1",-0.03541294
"AS_M_1",-0.04951225
"AS_M_1",-0.02472021
"AS_M_1",-0.1577949
"AS_M_1",-0.0769665
"AS_M_1",-0.1260861
"AS_M_1",-0.1095257
"AS_M_1",0.02209503
"AS_M_1",0.01609842
"AS_M_1",0.04803048
"AS_M_1",0.1059395
"AS_M_1",0.1190377
"AS_M_1",0.1820981
"AS_M_1",0.108182
"AS_M_1",-0.07478878
"AS_M_1",0.1676975
"AS_M_1",0.2919652
"AS_M_1",0.3285436
"AS_M_1",0.3002714
"AS_M_1",0.1821408
"AS_M_1",0.1801757
"AS_M_1",0.3088328
"AS_M_1",0.2623163
"AS_M_1",0.1239132
"AS_M_1",-0.009999543
"AS_M_1",0.02308192
"AS_M_1",-0.04939242
"AS_M_1",-0.2145303
"AS_M_1",-0.364873
"AS_M_1",-0.2022635
"AS_M_1",-0.3000321
"AS_M_1",-0.4828164
"AS_M_1",-0.4516062
"AS_M_1",-0.3627429
"AS_M_1",-0.4386978
"AS_M_1",-0.3039714
"AS_M_1",-0.1922744
"AS_M_1",0.1561641
"AS_M_1",0.404941
"AS_M_1",-0.2133077
"AS_M_1",-0.07647946
"AS_M_1",0.05192858
"AS_M_1",-0.1131091
"AS_M_1",0.1115849
"AS_M_1",0.1721123
"AS_M_1",-0.1047779
"AS_M_1",-0.1517358
"AS_M_1",-0.07543346
"AS_M_1",0.04777171
"AS_M_1",0.0387026
"AS_M_1",0.02651312
"AS_M_1",-0.05369074
"AS_M_1",0.03409954
"AS_M_1",0.2331723
"AS_M_1",0.161898
"AS_M_1",-0.1969138
"AS_M_1",-0.021323
"AS_M_1",0.03037794
"AS_M_1",0.01161699
"AS_M_1",0.01522352
"AS_M_1",-0.04849458
"AS_M_1",-0.08581333
"AS_M_1",-0.04048863
"AS_M_1",-0.0255082
"AS_M_1",-0.0006791106
"AS_M_1",-0.007590407
"AS_M_1",-0.05626549
"AS_M_1",0.03102082
"AS_M_1",0.04534096
"AS_M_1",0.04831144
"AS_M_1",-0.004495412
"AS_M_1",0.04575088
"AS_M_1",-0.02449094
"AS_M_1",-0.09664159
"AS_M_1",-0.1147248
"AS_M_1",-0.08595459
"AS_M_1",0.01979402
"AS_M_1",0.03089002
"AS_M_1",-0.02118442
"AS_M_1",-0.01918853
"AS_M_1",0.01957478
"AS_M_1",0.03513906
"AS_M_1",0.0007848293
"AS_M_1",-0.01490184
"AS_M_1",-0.03163559
"AS_M_1",0.01425382
"AS_M_1",0.08045243
"AS_M_1",0.03060085
"AS_M_1",0.07916234
"AS_M_1",0.1285348
"AS_M_1",0.2744879
"AS_M_1",0.1970584
"AS_M_1",0.1700479
"AS_M_1",0.2048084
"AS_M_1",0.2306947
"AS_M_1",0.2866329
"AS_M_1",0.2388142
"AS_M_1",-0.1008333
"AS_M_1",-0.3781545
"AS_M_1",-0.3300288
"AS_M_1",-0.3887684
"AS_M_1",-0.09800549
"AS_M_1",0.04657112
"AS_M_1",0.07186826
"AS_M_1",0.03561453
"AS_M_1",-0.04637888
"AS_M_1",0.06439699
"AS_M_1",-0.068
"AS_M_1",0.05989857
"AS_M_1",0.1038779
"AS_M_1",-0.2581618
"AS_M_1",-0.349576
"AS_M_1",-0.6735083
"AS_M_1",-0.5285625
"AS_M_1",0.07416067
"AS_M_1",0.1110282
"AS_M_1",0.001478702
"AS_M_1",0.2418371
"AS_M_1",0.07661532
"AS_M_1",-0.02221569
"AS_M_1",-0.03899205
"AS_M_1",-0.007144183
"AS_M_1",-0.2260256
"AS_M_1",-0.08628038
"AS_M_1",-0.1363384
"AS_M_1",-0.02940181
"AS_M_1",0.05083825
"AS_M_1",0.06265801
"AS_M_1",0.01300034
"AS_M_1",0.02592122
"AS_M_1",0.001139157
"AS_M_1",-0.009990847
"AS_M_1",0.0009744634
"AS_M_1",-0.0146361
"AS_M_1",0.0006214194
"AS_M_1",-0.04611498
"AS_M_1",0.0146154
"AS_M_1",-0.0243334
"AS_M_1",-0.05404444
"AS_M_1",0.03171313
"AS_M_1",0.01684801
"AS_M_1",0.02575438
"AS_M_1",-0.01175879
"AS_M_1",-0.002844732
"AS_M_1",-0.01639259
"AS_M_1",-0.02456411
"AS_M_1",0.03524861
"AS_M_1",0.08348294
"AS_M_1",0.01526007
"AS_M_1",0.1013705
"AS_M_1",-0.04293159
"AS_M_1",0.09805865
"AS_M_1",0.05723586
"AS_M_1",0.004887954
"AS_M_1",-0.1043192
"AS_M_1",-0.1105989
"AS_M_1",-0.1388835
"AS_M_1",-0.06795764
"AS_M_1",-0.002501762
"AS_M_1",0.02335626
"AS_M_1",0.03967629
"AS_M_1",0.04558062
"AS_M_1",-0.0335176
"AS_M_1",0.05402886
"AS_M_1",0.07429786
"AS_M_1",0.09889627
"AS_M_1",0.06653082
"AS_M_1",0.03766078
"AS_M_1",0.2949872
"AS_M_1",0.5668191
"AS_M_1",0.3671616
"AS_M_1",-0.1045501
"AS_M_1",0.02976101
"AS_M_1",-0.0362248
"AS_M_1",0.04549944
"AS_M_1",0.02278283
"AS_M_1",-0.01084107
"AS_M_1",-0.1446839
"AS_M_1",-0.1039025
"AS_M_1",-0.370548
"AS_M_1",-0.4335254
"AS_M_1",-0.5120273
"AS_M_1",-0.5561804
"AS_M_1",-0.3069795
"AS_M_1",0.06652568
"AS_M_1",0.3148062
"AS_M_1",0.1860474
"AS_M_1",0.05333339
"AS_M_1",0.1248609
"AS_M_1",0.03858534
"AS_M_1",-0.08033556
"AS_M_1",-0.01399087
"AS_M_1",-0.04858221
"AS_M_1",-0.08427118
"AS_M_1",-0.09679224
"AS_M_1",-0.0504557
"AS_M_1",-0.1157471
"AS_M_1",-0.07994969
"AS_M_1",0.06307705
"AS_M_1",-0.05333707
"AS_M_1",-0.1084023
"AS_M_1",-0.008138387
"AS_M_1",0.001762413
"AS_M_1",-0.07082126
"AS_M_1",-0.02589533
"AS_M_1",-0.05398193
"AS_M_1",-0.06494069
"AS_M_1",-0.03439695
"AS_M_1",-0.006938152
"AS_M_1",-0.06109966
"AS_M_1",-0.02769677
"AS_M_1",-0.01799258
"AS_M_1",-0.02792904
"AS_M_1",-0.01627359
"AS_M_1",0.02517496
"AS_M_1",0.003445544
"AS_M_1",-0.02755729
"AS_M_1",0.01503677
"AS_M_1",-0.009053196
"AS_M_1",0.03056798
"AS_M_1",-0.007621579
"AS_M_1",-0.00557174
"AS_M_1",0.01174994
"AS_M_1",0.001403062
"AS_M_1",-0.01987711
"AS_M_1",-0.02103015
"AS_M_1",-0.01142843
"AS_M_1",-0.05195512
"AS_M_1",-0.008565767
"AS_M_1",-0.02264275
"AS_M_1",0.002766345
"AS_M_1",-0.07859619
"AS_M_1",-0.05243816
"AS_M_1",-0.05698076
"AS_M_1",-0.009847082
"AS_M_1",-0.02805792
"AS_M_1",0.06216658
"AS_M_1",0.07647009
"AS_M_1",0.186238
"AS_M_1",0.247888
"AS_M_1",0.191779
"AS_M_1",0.2206875
"AS_M_1",0.2221686
"AS_M_1",0.4008809
"AS_M_1",0.4246407
"AS_M_1",0.4171908
"AS_M_1",0.2412066
"AS_M_1",0.002140712
"AS_M_1",-0.1415706
"AS_M_1",-0.3235411
"AS_M_1",-0.2955508
"AS_M_1",-0.3349736
"AS_M_1",-0.2911698
"AS_M_1",-0.308982
"AS_M_1",-0.3302223
"AS_M_1",-0.1436405
"AS_M_1",-0.1382855
"AS_M_1",-0.1549549
"AS_M_1",-0.2456955
"AS_M_1",-0.3982644
"AS_M_1",-0.3611272
"AS_M_1",-0.2152034
"AS_M_1",0.06419159
"AS_M_1",0.009672166
"AS_M_1",-0.1722521
"AS_M_1",-0.153384
"AS_M_1",-0.02725057
"AS_M_1",0.270853
"AS_M_1",0.09770122
"AS_M_1",-0.03299288
"AS_M_1",0.003947735
"AS_M_1",0.006038602
"AS_M_1",0.07440328
"AS_M_1",0.09696116
"AS_M_1",-0.02334835
"AS_M_1",-0.01482859
"AS_M_1",-0.02962457
"AS_M_1",-0.004968908
"AS_M_1",-0.04235661
"AS_M_1",-0.03879165
"AS_M_1",-0.04827798
"AS_M_1",0.001197651
"AS_M_1",0.01302823
"AS_M_1",0.00454647
"AS_M_1",0.03289597
"AS_M_1",-0.006127178
"AS_M_1",-0.02339039
"AS_M_1",-0.01226804
"AS_M_1",-0.05182434
"AS_M_1",-0.02753588
"AS_M_1",0.04118114
"AS_M_1",0.1048092
"AS_M_1",0.08009461
"AS_M_1",0.03519518
"AS_M_1",0.05386274
"AS_M_1",-0.001209312
"AS_M_1",-0.07825091
"AS_M_1",-0.06294568
"AS_M_1",-0.05819774
"AS_M_1",-0.05175132
"AS_M_1",0.008065406
"AS_M_1",0.003399944
"AS_M_1",-0.004915324
"AS_M_1",-0.01013244
"AS_M_1",-0.01696336
"AS_M_1",-0.02916805
"AS_M_1",-0.004318551
"AS_M_1",0.003441282
"AS_M_1",-0.007918151
"AS_M_1",0.03752419
"AS_M_1",0.1204888
"AS_M_1",0.1092935
"AS_M_1",0.1066649
"AS_M_1",0.04684942
"AS_M_1",0.1307928
"AS_M_1",0.1397281
"AS_M_1",0.07744727
"AS_M_1",-0.043935
"AS_M_1",-0.10141
"AS_M_1",-0.2020604
"AS_M_1",-0.1419642
"AS_M_1",0.0179838
"AS_M_1",-0.06827903
"AS_M_1",0.07568734
"AS_M_1",-0.08917629
"AS_M_1",-0.08770057
"AS_M_1",-0.09589864
"AS_M_1",-0.0433363
"AS_M_1",-0.04222837
"AS_M_1",-0.04569162
"AS_M_1",-0.1248449
"AS_M_1",-0.1764258
"AS_M_1",-0.3157445
"AS_M_1",-0.06184301
"AS_M_1",0.1121844
"AS_M_1",0.06978793
"AS_M_1",0.1942429
"AS_M_1",0.1053639
"AS_M_1",0.04663573
"AS_M_1",-0.1030423
"AS_M_1",-0.04376892
"AS_M_1",-0.04243156
"AS_M_1",-0.1544926
"AS_M_1",-0.0672753
"AS_M_1",-0.1022773
"AS_M_1",-0.06754015
"AS_M_1",-0.004437123
"AS_M_1",0.003090606
"AS_M_1",0.03085401
"AS_M_1",-0.03790569
"AS_M_1",0.02373367
"AS_M_1",-0.00460489
"AS_M_1",-0.003966134
"AS_M_1",-0.02099493
"AS_M_1",0.01988941
"AS_M_1",-0.004094343
"AS_M_1",0.06288044
"AS_M_1",-0.001917645
"AS_M_1",-0.09876189
"AS_M_1",-0.03857048
"AS_M_1",-0.05706161
"AS_M_1",-0.05407653
"AS_M_1",-0.02820096
"AS_M_1",0.003906734
"AS_M_1",-0.01714662
"AS_M_1",0.009522795
"AS_M_1",0.08108173
"AS_M_1",0.02219981
"AS_M_1",0.02455201
"AS_M_1",0.2376027
"AS_M_1",0.3182753
"AS_M_1",0.06214625
"AS_M_1",-0.1141661
"AS_M_1",-0.166031
"AS_M_1",-0.02946131
"AS_M_1",-0.07967259
"AS_M_1",-0.03516
"AS_M_1",0.03850929
"AS_M_1",-0.09850124
"AS_M_1",-0.1011822
"AS_M_1",-0.1524441
"AS_M_1",-0.2667426
"AS_M_1",-0.3056667
"AS_M_1",-0.2841109
"AS_M_1",-0.05704024
"AS_M_1",0.08706594
"AS_M_1",0.2231932
"AS_M_1",0.1619085
"AS_M_1",0.04373837
"AS_M_1",0.06029384
"AS_M_1",0.03770572
"AS_M_1",-0.0334645
"AS_M_1",-0.05465488
"AS_M_1",-0.1395052
"AS_M_1",-0.0351965
"AS_M_1",-0.02586685
"AS_M_1",-0.1022501
"AS_M_1",-0.02643491
"AS_M_1",-0.04501675
"AS_M_1",-0.01833805
"AS_M_1",-0.04918115
"AS_M_1",-0.04308139
"AS_M_1",0.009457894
"AS_M_1",0.03476819
"AS_M_1",0.01393041
"AS_M_1",-0.0426367
"AS_M_1",0.06138512
"AS_M_1",0.04477661
"AS_M_1",-0.0004018284
"AS_M_1",-0.01641519
"AS_M_1",-0.06681259
"AS_M_1",-0.06684831
"AS_M_1",-0.02219628
"AS_M_1",-0.08198229
"AS_M_1",-0.006273557
"AS_M_1",-0.04087733
"AS_M_1",-0.01455936
"AS_M_1",0.0008212496
"AS_M_1",-0.02692579
"AS_M_1",-0.004443747
"AS_M_1",0.01987666
"AS_M_1",-0.04556622
"AS_M_1",-0.008935014
"AS_M_1",0.02717443
"AS_M_1",-0.02958346
"AS_M_1",-0.01101574
"AS_M_1",-0.02284974
"AS_M_1",-0.05337072
"AS_M_1",-0.03495911
"AS_M_1",-0.03962818
"AS_M_1",-0.03081383
"AS_M_1",0.009300593
"AS_M_1",-0.0002551889
"AS_M_1",-0.01456694
"AS_M_1",0.02122168
"AS_M_1",-0.0119235
"AS_M_1",0.02890062
"AS_M_1",0.02394272
"AS_M_1",0.0521279
"AS_M_1",0.04192432
"AS_M_1",0.0717053
"AS_M_1",0.03757991
"AS_M_1",0.04631296
"AS_M_1",-0.001651395
"AS_M_1",0.04758719
"AS_M_1",0.1389533
"AS_M_1",0.02560303
"AS_M_1",0.01263503
"AS_M_1",0.08795039
"AS_M_1",0.01713436
"AS_M_1",0.08869728
"AS_M_1",0.1597995
"AS_M_1",0.1803007
"AS_M_1",0.1720918
"AS_M_1",0.07291573
"AS_M_1",-0.01427274
"AS_M_1",-0.1032566
"AS_M_1",-0.09125794
"AS_M_1",-0.1376514
"AS_M_1",-0.1710271
"AS_M_1",-0.178719
"AS_M_1",-0.2218513
"AS_M_1",-0.09597251
"AS_M_1",-0.1662075
"AS_M_1",-0.1448217
"AS_M_1",-0.157595
"AS_M_1",-0.1407636
"AS_M_1",-0.02084556
"AS_M_1",-0.004337901
"AS_M_1",0.01910014
"AS_M_1",-0.0294722
"AS_M_1",0.1473517
"AS_M_1",0.1574916
"AS_M_1",0.1139445
"AS_M_1",0.007485174
"AS_M_1",-0.1435086
"AS_M_1",-0.07309023
"AS_M_1",0.04038374
"AS_M_1",0.04374066
"AS_M_1",0.08417222
"AS_M_1",0.05756193
"AS_M_1",-0.1032705
"AS_M_1",-0.03206427
"AS_M_1",-0.003823176
"AS_M_1",-0.02829387
"AS_M_1",0.01059706
"AS_M_1",0.1075095
"AS_M_1",0.1045772
"AS_M_1",-0.2051074
"AS_M_1",-0.2481432
"AS_M_1",-0.2149135
"AS_M_1",-0.07287243
"AS_M_1",-0.04185932
"AS_M_1",0.05668298
"AS_M_1",-0.01326289
"AS_M_1",-0.04931666
"AS_M_1",-0.03260897
"AS_M_1",-0.02652794
"AS_M_1",0.008274421
"AS_M_1",-0.01207881
"AS_M_1",0.008463047
"AS_M_1",-0.0327928
"AS_M_1",-0.01711297
"AS_M_1",-0.005175166
"AS_M_1",0.07114069
"AS_M_1",0.02383039
"AS_M_1",-0.05862443
"AS_M_1",-0.006956819
"AS_M_1",0.001587898
"AS_M_1",-0.03606453
"AS_M_1",-0.1127293
"AS_M_1",-0.1384775
"AS_M_1",-0.0682499
"AS_M_1",0.04740877
"AS_M_1",0.01393091
"AS_M_1",-0.09668629
"AS_M_1",-0.005036
"AS_M_1",-0.001612708
"AS_M_1",-0.01432927
"AS_M_1",0.130128
"AS_M_1",0.01782452
"AS_M_1",0.01208435
"AS_M_1",-0.02311338
"AS_M_1",-0.2666331
"AS_M_1",-0.3836628
"AS_M_1",-0.3491527
"AS_M_1",0.1402667
"AS_M_1",0.397816
"AS_M_1",0.251618
"AS_M_1",0.0007959157
"AS_M_1",-0.2644284
"AS_M_1",-0.2450361
"AS_M_1",-0.1192376
"AS_M_1",-0.03160144
"AS_M_1",-0.02445639
"AS_M_1",0.02979907
"AS_M_1",-0.09174445
"AS_M_1",-0.07705851
"AS_M_1",-0.08088917
"AS_M_1",-0.04259225
"AS_M_1",0.02034891
"AS_M_1",0.1080726
"AS_M_1",0.1610579
"AS_M_1",-0.04357658
"AS_M_1",0.02101076
"AS_M_1",0.01183756
"AS_M_1",0.05809589
"AS_M_1",0.001920108
"AS_M_1",0.05308235
"AS_M_1",0.04026163
"AS_M_1",-0.05418618
"AS_M_1",0.01757371
"AS_M_1",0.03753061
"AS_M_1",0.05578107
"AS_M_1",0.05370463
"AS_M_1",-0.09078135
"AS_M_1",-0.04647195
"AS_M_1",-0.0120563
"AS_M_1",-0.01535707
"AS_M_1",-0.08235446
"AS_M_1",-0.0935602
"AS_M_1",-0.0910004
"AS_M_1",-0.1131419
"AS_M_1",-0.05499408
"AS_M_1",-0.05150909
"AS_M_1",-0.01840626
"AS_M_1",-0.02318139
"AS_M_1",-0.00835675
"AS_M_1",0.02219679
"AS_M_1",0.000591956
"AS_M_1",0.02484592
"AS_M_1",0.05081941
"AS_M_1",0.005091341
"AS_M_1",0.02457564
"AS_M_1",0.05513208
"AS_M_1",-0.03649033
"AS_M_1",-0.01793571
"AS_M_1",-0.02910629
"AS_M_1",-0.05296784
"AS_M_1",-0.02276074
"AS_M_1",-0.01683984
"AS_M_1",0.02602062
"AS_M_1",0.01018243
"AS_M_1",-0.02143835
"AS_M_1",-0.04647587
"AS_M_1",-0.004754375
"AS_M_1",-0.007716334
"AS_M_1",-0.01242293
"AS_M_1",0.04411532
"AS_M_1",-0.02590825
"AS_M_1",0.1759823
"AS_M_1",0.2617915
"AS_M_1",-0.04089165
"AS_M_1",-0.3305834
"AS_M_1",-0.03734209
"AS_M_1",-0.02089998
"AS_M_1",0.1051136
"AS_M_1",0.2346254
"AS_M_1",-0.005544059
"AS_M_1",-0.06332473
"AS_M_1",-0.03746383
"AS_M_1",-0.1322292
"AS_M_1",-0.1233449
"AS_M_1",-0.1181734
"AS_M_1",-0.1318507
"AS_M_1",-0.1095676
"AS_M_1",-0.1321649
"AS_M_1",-0.1575141
"AS_M_1",-0.160321
"AS_M_1",0.1042008
"AS_M_1",0.1735089
"AS_M_1",-0.006059879
"AS_M_1",0.01980307
"AS_M_1",-0.0003700405
"AS_M_1",-0.1736619
"AS_M_1",-0.1551116
"AS_M_1",-0.08446728
"AS_M_1",-0.09156255
"AS_M_1",-0.06785213
"AS_M_1",-0.02795394
"AS_M_1",0.003720229
"AS_M_1",0.04790988
"AS_M_1",-0.03836894
"AS_M_1",-0.0540451
"AS_M_1",-0.1076109
"AS_M_1",-0.02146378
"AS_M_1",0.06913383
"AS_M_1",0.09689555
"AS_M_1",0.1042648
"AS_M_1",0.1213164
"AS_M_1",0.08433031
"AS_M_1",0.02379661
"AS_M_1",0.017237
"AS_M_1",-0.0103235
"AS_M_1",0.01646046
"AS_M_1",0.008764046
"AS_M_1",-0.03363499
"AS_M_1",-0.01707339
"AS_M_1",-0.07077836
"AS_M_1",-0.1101528
"AS_M_2",-0.04127036
"AS_M_2",-0.04367051
"AS_M_2",-0.07389536
"AS_M_2",-0.07046777
"AS_M_2",-0.03043954
"AS_M_2",0.02003695
"AS_M_2",0.02961305
"AS_M_2",0.04865929
"AS_M_2",0.01578974
"AS_M_2",0.007035032
"AS_M_2",0.05599725
"AS_M_2",0.0243723
"AS_M_2",0.02661404
"AS_M_2",0.03167407
"AS_M_2",-0.02358055
"AS_M_2",-0.0511677
"AS_M_2",-0.1250732
"AS_M_2",-0.1389519
"AS_M_2",-0.1282695
"AS_M_2",-0.05876277
"AS_M_2",-0.04064298
"AS_M_2",-0.0493843
"AS_M_2",-0.08839063
"AS_M_2",-0.05017621
"AS_M_2",-0.03462183
"AS_M_2",-0.03353839
"AS_M_2",0.007192638
"AS_M_2",0.005349826
"AS_M_2",0.05618244
"AS_M_2",0.004871876
"AS_M_2",-0.0002809186
"AS_M_2",-0.05467944
"AS_M_2",-0.03592481
"AS_M_2",-0.06964278
"AS_M_2",-0.03225873
"AS_M_2",0.007668629
"AS_M_2",0.03456306
"AS_M_2",-0.06542799
"AS_M_2",-0.07514666
"AS_M_2",-0.0390644
"AS_M_2",0.1166719
"AS_M_2",0.1215085
"AS_M_2",-0.1225356
"AS_M_2",-0.1413147
"AS_M_2",0.008602213
"AS_M_2",0.1609959
"AS_M_2",0.1128943
"AS_M_2",0.1686477
"AS_M_2",-0.04741961
"AS_M_2",-0.1302074
"AS_M_2",-0.1455055
"AS_M_2",-0.1398529
"AS_M_2",-0.1061587
"AS_M_2",-0.009183703
"AS_M_2",-0.05697712
"AS_M_2",-0.06432532
"AS_M_2",0.1142614
"AS_M_2",-0.03265426
"AS_M_2",-0.06417915
"AS_M_2",-0.03070077
"AS_M_2",0.04289307
"AS_M_2",0.03557824
"AS_M_2",0.04396132
"AS_M_2",0.04707171
"AS_M_2",-0.008881409
"AS_M_2",-0.0003993325
"AS_M_2",-0.01576046
"AS_M_2",-0.01086905
"AS_M_2",-0.07626854
"AS_M_2",-0.04590911
"AS_M_2",0.01156729
"AS_M_2",0.03700177
"AS_M_2",-0.031156
"AS_M_2",-0.08832599
"AS_M_2",-0.03166762
"AS_M_2",-0.02785624
"AS_M_2",0.004026419
"AS_M_2",0.02031844
"AS_M_2",0.03499333
"AS_M_2",-0.002585761
"AS_M_2",0.065801
"AS_M_2",0.07727024
"AS_M_2",0.04786843
"AS_M_2",-0.03552818
"AS_M_2",-0.07266869
"AS_M_2",-0.1432994
"AS_M_2",-0.09987036
"AS_M_2",-0.1002988
"AS_M_2",-0.1268584
"AS_M_2",-0.04846296
"AS_M_2",-0.02612821
"AS_M_2",-0.007293284
"AS_M_2",-0.01324901
"AS_M_2",-0.02039117
"AS_M_2",-0.01635652
"AS_M_2",0.04107842
"AS_M_2",0.04946074
"AS_M_2",0.04309443
"AS_M_2",-0.0179244
"AS_M_2",-0.025639
"AS_M_2",-0.01507499
"AS_M_2",0.01188667
"AS_M_2",-0.03192463
"AS_M_2",-0.05314465
"AS_M_2",-0.0752055
"AS_M_2",-0.1516775
"AS_M_2",-0.03346185
"AS_M_2",0.3134245
"AS_M_2",0.2699811
"AS_M_2",-0.07835181
"AS_M_2",-0.143963
"AS_M_2",0.0710492
"AS_M_2",-0.006149132
"AS_M_2",-0.01520959
"AS_M_2",0.05418295
"AS_M_2",0.05172905
"AS_M_2",0.04176511
"AS_M_2",0.01940245
"AS_M_2",0.01084987
"AS_M_2",0.008531027
"AS_M_2",0.1218616
"AS_M_2",0.05617086
"AS_M_2",-0.2427599
"AS_M_2",-0.2266597
"AS_M_2",-0.1507185
"AS_M_2",0.01538837
"AS_M_2",0.04005757
"AS_M_2",-0.01234037
"AS_M_2",0.03329411
"AS_M_2",0.02010852
"AS_M_2",0.002750341
"AS_M_2",-0.02410701
"AS_M_2",-0.0009101406
"AS_M_2",-0.001390822
"AS_M_2",-0.006529087
"AS_M_2",-0.01831702
"AS_M_2",0.01529167
"AS_M_2",0.008283857
"AS_M_2",-0.0158085
"AS_M_2",-0.004556799
"AS_M_2",-0.0402547
"AS_M_2",-0.1065793
"AS_M_2",-0.07952708
"AS_M_2",-0.04247642
"AS_M_2",-0.02392569
"AS_M_2",0.04032215
"AS_M_2",0.02053966
"AS_M_2",-0.08222064
"AS_M_2",-0.1019195
"AS_M_2",-0.05386876
"AS_M_2",-0.03068375
"AS_M_2",0.01303766
"AS_M_2",-0.02373229
"AS_M_2",-0.08120982
"AS_M_2",0.01582256
"AS_M_2",-0.01672947
"AS_M_2",0.02827458
"AS_M_2",-0.02339809
"AS_M_2",0.02658771
"AS_M_2",-0.01255572
"AS_M_2",0.09127469
"AS_M_2",0.05945935
"AS_M_2",0.0153676
"AS_M_2",-0.1252159
"AS_M_2",-0.1207811
"AS_M_2",-0.1117461
"AS_M_2",0.0008071541
"AS_M_2",0.02966468
"AS_M_2",0.09492168
"AS_M_2",0.07767458
"AS_M_2",-0.01298463
"AS_M_2",-0.004441939
"AS_M_2",0.03219482
"AS_M_2",0.04306304
"AS_M_2",-0.02655377
"AS_M_2",-0.1120721
"AS_M_2",0.03871307
"AS_M_2",0.2056221
"AS_M_2",0.2181406
"AS_M_2",-0.02961282
"AS_M_2",-0.1471066
"AS_M_2",-0.08135679
"AS_M_2",-0.03370096
"AS_M_2",-0.05237424
"AS_M_2",-0.136803
"AS_M_2",-0.110214
"AS_M_2",-0.02029312
"AS_M_2",-0.0490173
"AS_M_2",-0.003402408
"AS_M_2",-0.1506674
"AS_M_2",-0.1162078
"AS_M_2",-0.0420376
"AS_M_2",0.02482102
"AS_M_2",0.01632076
"AS_M_2",-0.001752004
"AS_M_2",-0.05673573
"AS_M_2",-0.02373391
"AS_M_2",-0.04478188
"AS_M_2",0.01618591
"AS_M_2",0.0001057545
"AS_M_2",0.007642426
"AS_M_2",-0.05494977
"AS_M_2",-0.1094579
"AS_M_2",-0.003761935
"AS_M_2",-0.03783555
"AS_M_2",-0.0135431
"AS_M_2",-0.03794474
"AS_M_2",0.03781135
"AS_M_2",0.005224012
"AS_M_2",0.004229803
"AS_M_2",-0.0229523
"AS_M_2",-0.01853945
"AS_M_2",0.008223516
"AS_M_2",-0.0092955
"AS_M_2",-0.05741888
"AS_M_2",-0.03825006
"AS_M_2",0.006416439
"AS_M_2",-0.06764887
"AS_M_2",-0.07909234
"AS_M_2",-0.06412482
"AS_M_2",-0.09294105
"AS_M_2",-0.1179089
"AS_M_2",-0.1247966
"AS_M_2",-0.02549897
"AS_M_2",-0.022592
"AS_M_2",0.1260338
"AS_M_2",0.1085576
"AS_M_2",0.06299707
"AS_M_2",0.01246241
"AS_M_2",0.04730772
"AS_M_2",0.05578693
"AS_M_2",0.03115243
"AS_M_2",-0.05783488
"AS_M_2",-0.01492512
"AS_M_2",-0.001481377
"AS_M_2",-0.07780699
"AS_M_2",-0.07598194
"AS_M_2",-0.0501778
"AS_M_2",-0.07776774
"AS_M_2",-0.02292951
"AS_M_2",0.0407677
"AS_M_2",-0.02702643
"AS_M_2",-0.1167849
"AS_M_2",-0.08600526
"AS_M_2",0.09417616
"AS_M_2",0.09602645
"AS_M_2",0.005934406
"AS_M_2",-0.108671
"AS_M_2",-0.1459525
"AS_M_2",-0.08707489
"AS_M_2",-0.05485082
"AS_M_2",-0.1024009
"AS_M_2",-0.003490888
"AS_M_2",0.01950431
"AS_M_2",0.02531637
"AS_M_2",0.006286114
"AS_M_2",-0.01198198
"AS_M_2",-0.0006216839
"AS_M_2",-0.03237627
"AS_M_2",-0.01229766
"AS_M_2",-0.04833589
"AS_M_2",0.01181616
"AS_M_2",-0.03408936
"AS_M_2",-0.0458342
"AS_M_2",-0.0305097
"AS_M_2",0.05031621
"AS_M_2",0.1003298
"AS_M_2",-0.02961208
"AS_M_2",-0.1699111
"AS_M_2",-0.1101697
"AS_M_2",-0.0648838
"AS_M_2",-0.0138287
"AS_M_2",-0.05106748
"AS_M_2",-0.09037888
"AS_M_2",-0.03156126
"AS_M_2",-0.0350197
"AS_M_2",-0.02328432
"AS_M_2",-0.03502791
"AS_M_2",-0.009841431
"AS_M_2",0.02763228
"AS_M_2",0.06627491
"AS_M_2",0.0330636
"AS_M_2",-0.002694368
"AS_M_2",0.001532248
"AS_M_2",-0.0485687
"AS_M_2",-0.01823002
"AS_M_2",-0.07152201
"AS_M_2",-0.05406407
"AS_M_2",-0.02131036
"AS_M_2",0.01429859
"AS_M_2",0.01081876
"AS_M_2",-0.01233539
"AS_M_2",-0.003755744
"AS_M_2",-0.01557615
"AS_M_2",-0.04229289
"AS_M_2",-0.0306869
"AS_M_2",-0.03648594
"AS_M_2",-0.06037564
"AS_M_2",-0.03660841
"AS_M_2",0.0207085
"AS_M_2",-0.02181772
"AS_M_2",-0.04306307
"AS_M_2",-0.03244108
"AS_M_2",-0.007884614
"AS_M_2",0.01454603
"AS_M_2",-0.01499227
"AS_M_2",-0.05899217
"AS_M_2",0.009746436
"AS_M_2",0.02734254
"AS_M_2",-0.01206771
"AS_M_2",0.02397794
"AS_M_2",0.03321024
"AS_M_2",0.04991669
"AS_M_2",-0.01548605
"AS_M_2",0.010994
"AS_M_2",-0.01793654
"AS_M_2",-0.05081744
"AS_M_2",-0.03336767
"AS_M_2",-0.0346977
"AS_M_2",0.008142379
"AS_M_2",-0.04448267
"AS_M_2",-0.07596964
"AS_M_2",-0.1132343
"AS_M_2",-0.02679076
"AS_M_2",0.05432236
"AS_M_2",0.1023178
"AS_M_2",0.09139737
"AS_M_2",0.09635901
"AS_M_2",0.1023325
"AS_M_2",0.1162118
"AS_M_2",0.06917609
"AS_M_2",-0.02759275
"AS_M_2",-0.02073624
"AS_M_2",-0.05045869
"AS_M_2",-0.09036301
"AS_M_2",-0.1393934
"AS_M_2",-0.1315512
"AS_M_2",-0.138298
"AS_M_2",-0.12242
"AS_M_2",0.02937699
"AS_M_2",0.1578429
"AS_M_2",0.1237092
"AS_M_2",-0.1155647
"AS_M_2",-0.1532766
"AS_M_2",-0.0496662
"AS_M_2",0.07124969
"AS_M_2",0.07085734
"AS_M_2",-0.06337854
"AS_M_2",-0.08079214
"AS_M_2",-0.05634429
"AS_M_2",0.04668134
"AS_M_2",0.08152466
"AS_M_2",0.06831731
"AS_M_2",0.07026926
"AS_M_2",0.05653487
"AS_M_2",0.02499356
"AS_M_2",-0.05450191
"AS_M_2",-0.0544674
"AS_M_2",-0.01494262
"AS_M_2",-0.05809543
"AS_M_2",-0.05792991
"AS_M_2",-0.02946867
"AS_M_2",-0.01761406
"AS_M_2",-0.01429571
"AS_M_2",-0.01261719
"AS_M_2",-0.06648117
"AS_M_2",-0.0142827
"AS_M_2",0.0196633
"AS_M_2",0.007384606
"AS_M_2",-0.02040067
"AS_M_2",-0.0383283
"AS_M_2",-0.07862037
"AS_M_2",0.0129789
"AS_M_2",0.1534033
"AS_M_2",0.1379356
"AS_M_2",0.1611044
"AS_M_2",0.06165753
"AS_M_2",0.02533327
"AS_M_2",-0.08332133
"AS_M_2",-0.07273326
"AS_M_2",-0.02278626
"AS_M_2",0.008342787
"AS_M_2",-0.0358374
"AS_M_2",-0.04012061
"AS_M_2",-0.02597497
"AS_M_2",0.07702108
"AS_M_2",0.1187119
"AS_M_2",0.05746982
"AS_M_2",0.04007504
"AS_M_2",0.1262672
"AS_M_2",0.09650032
"AS_M_2",0.1038079
"AS_M_2",0.01395874
"AS_M_2",-0.07422015
"AS_M_2",-0.04122504
"AS_M_2",-0.1219486
"AS_M_2",-0.09709868
"AS_M_2",-0.1992291
"AS_M_2",-0.1951184
"AS_M_2",-0.04882088
"AS_M_2",-0.007134387
"AS_M_2",0.09457554
"AS_M_2",0.08585276
"AS_M_2",0.1539617
"AS_M_2",0.2250767
"AS_M_2",0.06515799
"AS_M_2",-0.003586594
"AS_M_2",-0.06646824
"AS_M_2",0.01439807
"AS_M_2",-0.07287263
"AS_M_2",-0.2141038
"AS_M_2",-0.2244066
"AS_M_2",-0.2401119
"AS_M_2",-0.06556182
"AS_M_2",-0.04373089
"AS_M_2",-0.09101567
"AS_M_2",-0.07537089
"AS_M_2",-0.05352673
"AS_M_2",0.05577997
"AS_M_2",0.04571671
"AS_M_2",-0.004321254
"AS_M_2",-0.1537488
"AS_M_2",-0.1547577
"AS_M_2",-0.1487315
"AS_M_2",-0.004748341
"AS_M_2",-0.01065294
"AS_M_2",-0.0607475
"AS_M_2",-0.1108869
"AS_M_2",-0.07111206
"AS_M_2",-0.09155363
"AS_M_2",-0.09648144
"AS_M_2",-0.02793388
"AS_M_2",0.01264202
"AS_M_2",0.03863201
"AS_M_2",0.02372454
"AS_M_2",-0.03722175
"AS_M_2",-0.04482614
"AS_M_2",-0.008701462
"AS_M_2",-0.03254461
"AS_M_2",-0.001100346
"AS_M_2",-0.07458857
"AS_M_2",-0.01587222
"AS_M_2",0.03804719
"AS_M_2",0.02472077
"AS_M_2",-0.004771361
"AS_M_2",-0.02788442
"AS_M_2",-0.03054865
"AS_M_2",-0.05409125
"AS_M_2",0.01985839
"AS_M_2",0.006604745
"AS_M_2",0.03077714
"AS_M_2",0.04435023
"AS_M_2",0.005439132
"AS_M_2",-0.03962607
"AS_M_2",-0.02516225
"AS_M_2",-0.01605071
"AS_M_2",-0.03545494
"AS_M_2",-0.04931567
"AS_M_2",-0.06204738
"AS_M_2",-0.08099077
"AS_M_2",-0.05702829
"AS_M_2",0.02454871
"AS_M_2",0.1099176
"AS_M_2",0.06205501
"AS_M_2",0.05055121
"AS_M_2",0.08417391
"AS_M_2",0.206891
"AS_M_2",0.23631
"AS_M_2",0.1713365
"AS_M_2",-0.04507833
"AS_M_2",-0.1969589
"AS_M_2",-0.1890906
"AS_M_2",-0.3187888
"AS_M_2",-0.2360127
"AS_M_2",-0.04997517
"AS_M_2",0.1602493
"AS_M_2",0.1077375
"AS_M_2",-0.1110368
"AS_M_2",-0.2549953
"AS_M_2",-0.2415901
"AS_M_2",-0.1632301
"AS_M_2",0.1617965
"AS_M_2",0.3252512
"AS_M_2",0.0782271
"AS_M_2",-0.05545866
"AS_M_2",-0.08887427
"AS_M_2",0.01319253
"AS_M_2",0.1442288
"AS_M_2",0.06909925
"AS_M_2",-0.1020882
"AS_M_2",-0.1486206
"AS_M_2",-0.07374635
"AS_M_2",-0.08645267
"AS_M_2",0.02123997
"AS_M_2",-0.1111471
"AS_M_2",-0.1210059
"AS_M_2",-0.1662431
"AS_M_2",-0.0001052991
"AS_M_2",0.003677141
"AS_M_2",0.08981894
"AS_M_2",0.01747724
"AS_M_2",0.08645484
"AS_M_2",0.06751102
"AS_M_2",0.06967086
"AS_M_2",-0.004001513
"AS_M_2",0.07090598
"AS_M_2",0.03957725
"AS_M_2",-0.06428778
"AS_M_2",0.00352475
"AS_M_2",-0.07953906
"AS_M_2",-0.06328233
"AS_M_2",-0.04575553
"AS_M_2",0.02620734
"AS_M_2",0.008965414
"AS_M_2",-0.0471935
"AS_M_2",-0.03034526
"AS_M_2",-0.04269229
"AS_M_2",-0.0370414
"AS_M_2",-0.0115051
"AS_M_2",-0.001280125
"AS_M_2",0.00261176
"AS_M_2",-0.01104318
"AS_M_2",0.02290273
"AS_M_2",-0.04775245
"AS_M_2",0.01106047
"AS_M_2",-0.006959097
"AS_M_2",-0.03368445
"AS_M_2",-0.04800062
"AS_M_2",-0.02193817
"AS_M_2",-0.02625981
"AS_M_2",0.02103346
"AS_M_2",-0.0009688721
"AS_M_2",-0.0001438763
"AS_M_2",-0.007103371
"AS_M_2",0.0746619
"AS_M_2",0.1111584
"AS_M_2",0.04372635
"AS_M_2",0.06565329
"AS_M_2",-0.03695668
"AS_M_2",0.2086632
"AS_M_2",0.1537534
"AS_M_2",0.03074995
"AS_M_2",-0.03388651
"AS_M_2",0.00790935
"AS_M_2",-0.0884819
"AS_M_2",-0.2612917
"AS_M_2",-0.3457249
"AS_M_2",-0.2667928
"AS_M_2",0.04518255
"AS_M_2",0.08420677
"AS_M_2",0.1361841
"AS_M_2",-0.154034
"AS_M_2",-0.1584541
"AS_M_2",0.1353994
"AS_M_2",0.1472337
"AS_M_2",0.01473215
"AS_M_2",0.1442449
"AS_M_2",0.1072284
"AS_M_2",0.178051
"AS_M_2",0.2067229
"AS_M_2",0.1833108
"AS_M_2",-0.1106218
"AS_M_2",-0.2081568
"AS_M_2",-0.09833564
"AS_M_2",-0.1466183
"AS_M_2",-0.2172358
"AS_M_2",-0.09817697
"AS_M_2",-0.05880798
"AS_M_2",-0.05633345
"AS_M_2",-0.03500403
"AS_M_2",-0.04744507
"AS_M_2",-0.1068667
"AS_M_2",-0.09246892
"AS_M_2",-0.04526886
"AS_M_2",-0.1426565
"AS_M_2",-0.1119436
"AS_M_2",-0.002452981
"AS_M_2",0.03690696
"AS_M_2",0.02719678
"AS_M_2",-0.05924529
"AS_M_2",-0.01825672
"AS_M_2",-0.100978
"AS_M_2",-0.08444025
"AS_M_2",-0.1232076
"AS_M_2",-0.1394931
"AS_M_2",-0.04057236
"AS_M_2",-0.02597075
"AS_M_2",-0.04050005
"AS_M_2",-0.04310876
"AS_M_2",-1.581758E-05
"AS_M_2",0.02551179
"AS_M_2",0.08488173
"AS_M_2",0.03360111
"AS_M_2",0.04675404
"AS_M_2",0.007341922
"AS_M_2",-0.02050003
"AS_M_2",0.01413001
"AS_M_2",-0.01106936
"AS_M_2",-0.04201895
"AS_M_2",-0.01344394
"AS_M_2",-0.142138
"AS_M_2",-0.1025357
"AS_M_2",-0.1304031
"AS_M_2",0.1967148
"AS_M_2",0.03533869
"AS_M_2",-0.08041625
"AS_M_2",-0.1472707
"AS_M_2",-0.1710325
"AS_M_2",-0.1012369
"AS_M_2",0.1036901
"AS_M_2",0.2576771
"AS_M_2",0.1957811
"AS_M_2",0.03318632
"AS_M_2",0.03898994
"AS_M_2",0.1578071
"AS_M_2",0.1545551
"AS_M_2",0.1027093
"AS_M_2",0.2052674
"AS_M_2",0.2078891
"AS_M_2",0.09640317
"AS_M_2",0.09636055
"AS_M_2",-0.008474141
"AS_M_2",0.03612128
"AS_M_2",0.05063389
"AS_M_2",-0.06424865
"AS_M_2",-0.08153724
"AS_M_2",-0.2133282
"AS_M_2",-0.2449394
"AS_M_2",-0.08014639
"AS_M_2",-0.119993
"AS_M_2",-0.232909
"AS_M_2",-0.0976793
"AS_M_2",0.03232086
"AS_M_2",0.007625882
"AS_M_2",-0.0540811
"AS_M_2",-0.06573249
"AS_M_2",0.004223722
"AS_M_2",0.001401432
"AS_M_2",-0.01059845
"AS_M_2",-0.000774232
"AS_M_2",0.06571294
"AS_M_2",0.09064773
"AS_M_2",0.08880719
"AS_M_2",0.1170654
"AS_M_2",0.07912399
"AS_M_2",0.005509038
"AS_M_2",-0.001309021
"AS_M_2",-0.0121145
"AS_M_2",-0.011237
"AS_M_2",0.01009408
"AS_M_2",-0.122092
"AS_M_2",-0.1312779
"AS_M_2",-0.1658925
"AS_M_2",-0.08233661
"AS_M_2",0.007186864
"AS_M_2",0.004286878
"AS_M_2",-0.01579658
"AS_M_2",-0.0800215
"AS_M_2",-0.07971479
"AS_M_2",-0.03553895
"AS_M_2",-0.01039473
"AS_M_2",-0.01544866
"AS_M_2",0.02186058
"AS_M_2",0.03663727
"AS_M_2",0.02679162
"AS_M_2",-0.02203939
"AS_M_2",0.05587813
"AS_M_2",-0.03902927
"AS_M_2",-0.006386382
"AS_M_2",-0.01960779
"AS_M_2",-0.0271985
"AS_M_2",0.03272812
"AS_M_2",0.0515154
"AS_M_2",0.183484
"AS_M_2",0.2861135
"AS_M_2",0.1670841
"AS_M_2",0.07948013
"AS_M_2",-0.08819512
"AS_M_2",-0.1256559
"AS_M_2",-0.1082322
"AS_M_2",-0.05848765
"AS_M_2",-0.09903241
"AS_M_2",-0.193539
"AS_M_2",-0.2183443
"AS_M_2",-0.0262146
"AS_M_2",-0.06023562
"AS_M_2",-0.1405619
"AS_M_2",-0.1272386
"AS_M_2",-0.119308
"AS_M_2",0.01091084
"AS_M_2",0.008840628
"AS_M_2",0.1243613
"AS_M_2",0.1678787
"AS_M_2",0.2402484
"AS_M_2",-0.03032006
"AS_M_2",-0.1290382
"AS_M_2",-0.1747061
"AS_M_2",-0.03178864
"AS_M_2",-0.006144515
"AS_M_2",-0.0247119
"AS_M_2",-0.02776209
"AS_M_2",0.1786254
"AS_M_2",0.07232097
"AS_M_2",-0.0006650463
"AS_M_2",-0.05913618
"AS_M_2",-0.07010866
"AS_M_2",-0.04479397
"AS_M_2",-0.07315026
"AS_M_2",0.0005977433
"AS_M_2",0.07908824
"AS_M_2",-0.09119734
"AS_M_2",-0.05082477
"AS_M_2",0.03564591
"AS_M_2",0.02183478
"AS_M_2",0.002917904
"AS_M_2",-0.07287757
"AS_M_2",-0.09054607
"AS_M_2",-0.03892258
"AS_M_2",-0.005541178
"AS_M_2",0.02245351
"AS_M_2",-0.07606638
"AS_M_2",-0.06654873
"AS_M_2",-0.05202753
"AS_M_2",-0.03847567
"AS_M_2",0.01478829
"AS_M_2",0.04921848
"AS_M_2",-0.04546356
"AS_M_2",-0.0526721
"AS_M_2",-0.05764611
"AS_M_2",-0.04522825
"AS_M_2",-0.04487284
"AS_M_2",0.01568038
"AS_M_2",0.03773181
"AS_M_2",0.05083998
"AS_M_2",-0.007961601
"AS_M_2",0.01883342
"AS_M_2",-0.02819975
"AS_M_2",-0.01193156
"AS_M_2",-0.03718055
"AS_M_2",-0.08263879
"AS_M_2",0.02077779
"AS_M_2",0.0272308
"AS_M_2",-0.04600789
"AS_M_2",-0.009221978
"AS_M_2",-0.01662036
"AS_M_2",-0.02618335
"AS_M_2",-0.03252766
"AS_M_2",-0.06408229
"AS_M_2",-0.02865667
"AS_M_2",-0.03965349
"AS_M_2",-0.004203354
"AS_M_2",-0.04140724
"AS_M_2",0.01035091
"AS_M_2",0.05695881
"AS_M_2",0.06097373
"AS_M_2",0.04845793
"AS_M_2",0.05340514
"AS_M_2",-0.1818994
"AS_M_2",0.1023913
"AS_M_2",0.007503241
"AS_M_2",0.04233465
"AS_M_2",0.02714629
"AS_M_2",-0.08842225
"AS_M_2",-0.03359429
"AS_M_2",-0.01339565
"AS_M_2",-0.04387693
"AS_M_2",-0.1487223
"AS_M_2",-0.1799658
"AS_M_2",-0.07637274
"AS_M_2",0.05500447
"AS_M_2",0.04448013
"AS_M_2",-0.02358222
"AS_M_2",-0.1149956
"AS_M_2",-0.1637175
"AS_M_2",-0.1440804
"AS_M_2",0.05560029
"AS_M_2",0.1604077
"AS_M_2",0.0828682
"AS_M_2",0.01674223
"AS_M_2",0.05121107
"AS_M_2",0.06548487
"AS_M_2",0.01163519
"AS_M_2",-0.007699333
"AS_M_2",-0.04763571
"AS_M_2",-0.03231585
"AS_M_2",0.03769808
"AS_M_2",0.002814375
"AS_M_2",-0.1017737
"AS_M_2",-0.1015649
"AS_M_2",-0.1240663
"AS_M_2",-0.05070752
"AS_M_2",0.002454523
"AS_M_2",-0.05616187
"AS_M_2",-0.05561715
"AS_M_2",-0.03006588
"AS_M_2",-0.002403319
"AS_M_2",0.02932027
"AS_M_2",0.05977538
"AS_M_2",-0.00297191
"AS_M_2",0.0002571722
"AS_M_2",-0.02064579
"AS_M_2",-0.03143372
"AS_M_2",-0.05254787
"AS_M_2",-0.02905854
"AS_M_2",-0.01387485
"AS_M_2",-0.04326685
"AS_M_2",-0.04579121
"AS_M_2",-0.02221826
"AS_M_2",-0.03211534
"AS_M_2",0.004792493
"AS_M_2",0.04479447
"AS_M_2",0.04414477
"AS_M_2",0.05952649
"AS_M_2",0.03422701
"AS_M_2",-0.01200163
"AS_M_2",-0.008859865
"AS_M_2",0.02978909
"AS_M_2",-0.04433901
"AS_M_2",-0.04151288
"AS_M_2",-0.03598987
"AS_M_2",-0.06377498
"AS_M_2",0.004695322
"AS_M_2",-0.04701581
"AS_M_2",-0.06815656
"AS_M_2",-0.03237031
"AS_M_2",-0.0675551
"AS_M_2",-0.08269399
"AS_M_2",-0.07434033
"AS_M_2",-0.05695023
"AS_M_2",-0.03712979
"AS_M_2",0.005277244
"AS_M_2",0.0114251
"AS_M_2",0.008318402
"AS_M_2",0.002315861
"AS_M_2",0.06961386
"AS_M_2",0.08855145
"AS_M_2",0.118905
"AS_M_2",0.003455229
"AS_M_2",-0.04228193
"AS_M_2",-0.132679
"AS_M_2",0.00912345
"AS_M_2",0.222224
"AS_M_2",0.1964744
"AS_M_2",0.1140231
"AS_M_2",-0.04212078
"AS_M_2",-0.07308433
"AS_M_2",0.01315317
"AS_M_2",0.01126278
"AS_M_2",0.005990297
"AS_M_2",-0.1466189
"AS_M_2",-0.2074854
"AS_M_2",-0.2199575
"AS_M_2",-0.0718094
"AS_M_2",-0.1583257
"AS_M_2",-0.1374012
"AS_M_2",0.0120034
"AS_M_2",0.07387324
"AS_M_2",-0.04173464
"AS_M_2",-0.003902156
"AS_M_2",-0.006869745
"AS_M_2",0.04208619
"AS_M_2",0.08031112
"AS_M_2",0.04090125
"AS_M_2",-0.03013255
"AS_M_2",-0.02438009
"AS_M_2",-0.006305103
"AS_M_2",-0.05295083
"AS_M_2",0.03430337
"AS_M_2",0.002485316
"AS_M_2",0.004087282
"AS_M_2",-0.002851797
"AS_M_2",-0.08848208
"AS_M_2",-0.04847858
"AS_M_2",-0.03305295
"ME_F_1",-0.05074298
"ME_F_1",-0.04856361
"ME_F_1",-0.04453867
"ME_F_1",0.04599663
"ME_F_1",0.03002764
"ME_F_1",0.02404426
"ME_F_1",-0.1463542
"ME_F_1",-0.1206156
"ME_F_1",-0.07891186
"ME_F_1",-0.0593763
"ME_F_1",0.05325081
"ME_F_1",0.01696878
"ME_F_1",0.08071953
"ME_F_1",0.1792793
"ME_F_1",-0.08079535
"ME_F_1",0.01605126
"ME_F_1",0.06772536
"ME_F_1",0.07606506
"ME_F_1",0.1489875
"ME_F_1",0.4794087
"ME_F_1",-0.0831086
"ME_F_1",-0.1437531
"ME_F_1",-0.1206046
"ME_F_1",-0.06672251
"ME_F_1",0.03717815
"ME_F_1",0.1311324
"ME_F_1",-0.04975503
"ME_F_1",-0.2859772
"ME_F_1",-0.02476281
"ME_F_1",0.07104428
"ME_F_1",-0.07822296
"ME_F_1",-0.03966017
"ME_F_1",0.03198066
"ME_F_1",-0.004303686
"ME_F_1",0.002268221
"ME_F_1",0.009115126
"ME_F_1",-0.01717017
"ME_F_1",-0.006658491
"ME_F_1",0.01177402
"ME_F_1",0.07611436
"ME_F_1",0.001411945
"ME_F_1",0.006439482
"ME_F_1",-0.1329564
"ME_F_1",-0.07663706
"ME_F_1",-0.009192429
"ME_F_1",0.01320075
"ME_F_1",0.1122074
"ME_F_1",0.09658995
"ME_F_1",-0.02154858
"ME_F_1",-0.1039189
"ME_F_1",-0.06040295
"ME_F_1",0.01837528
"ME_F_1",0.02593035
"ME_F_1",0.0120883
"ME_F_1",0.00147169
"ME_F_1",-0.03292263
"ME_F_1",-0.0881213
"ME_F_1",-0.1612796
"ME_F_1",-0.02835616
"ME_F_1",0.005724579
"ME_F_1",-0.03371663
"ME_F_1",-0.02459769
"ME_F_1",-0.004014261
"ME_F_1",-0.02824082
"ME_F_1",0.005514841
"ME_F_1",0.02041121
"ME_F_1",0.01840982
"ME_F_1",0.0289537
"ME_F_1",0.02835424
"ME_F_1",0.05506925
"ME_F_1",-0.005940169
"ME_F_1",0.01243254
"ME_F_1",-0.00104484
"ME_F_1",-0.05748896
"ME_F_1",-0.007562949
"ME_F_1",0.119747
"ME_F_1",0.07403304
"ME_F_1",0.04058818
"ME_F_1",0.04037318
"ME_F_1",0.08518115
"ME_F_1",0.04492328
"ME_F_1",0.05837654
"ME_F_1",-0.07325663
"ME_F_1",0.1433434
"ME_F_1",-0.1861562
"ME_F_1",-0.1448689
"ME_F_1",0.03708454
"ME_F_1",-0.06101713
"ME_F_1",-0.04726451
"ME_F_1",-0.000183329
"ME_F_1",-0.01253275
"ME_F_1",-0.1068299
"ME_F_1",-0.1041952
"ME_F_1",-0.08176382
"ME_F_1",-0.09843884
"ME_F_1",-0.05727831
"ME_F_1",-0.04677805
"ME_F_1",-0.03460051
"ME_F_1",-0.03447611
"ME_F_1",-0.03515903
"ME_F_1",-0.07728618
"ME_F_1",-0.01730194
"ME_F_1",0.03344902
"ME_F_1",0.007647347
"ME_F_1",0.02966913
"ME_F_1",0.2391869
"ME_F_1",0.1875169
"ME_F_1",-0.1287852
"ME_F_1",-0.1655098
"ME_F_1",-0.1016911
"ME_F_1",-0.07682043
"ME_F_1",-0.09242238
"ME_F_1",-0.0142765
"ME_F_1",0.02833436
"ME_F_1",0.1046185
"ME_F_1",-0.1125031
"ME_F_1",-0.1082388
"ME_F_1",-0.04297256
"ME_F_1",-7.834285E-05
"ME_F_1",0.07250588
"ME_F_1",0.1105038
"ME_F_1",0.06527901
"ME_F_1",0.03754809
"ME_F_1",-0.002131152
"ME_F_1",0.044393
"ME_F_1",0.01705068
"ME_F_1",0.02501256
"ME_F_1",-0.06434888
"ME_F_1",-0.04004315
"ME_F_1",-0.1821672
"ME_F_1",-0.1220526
"ME_F_1",-0.01258954
"ME_F_1",0.09874852
"ME_F_1",0.03487076
"ME_F_1",0.002127688
"ME_F_1",-0.05160483
"ME_F_1",-0.05503708
"ME_F_1",-0.06018906
"ME_F_1",-0.09804519
"ME_F_1",0.03367535
"ME_F_1",0.02600377
"ME_F_1",-0.005347691
"ME_F_1",-0.0123384
"ME_F_1",0.001823165
"ME_F_1",-0.02770407
"ME_F_1",-0.04239874
"ME_F_1",-0.0507315
"ME_F_1",-0.0659211
"ME_F_1",-0.04279102
"ME_F_1",-0.06162066
"ME_F_1",-0.02614422
"ME_F_1",-0.03794717
"ME_F_1",-0.001263975
"ME_F_1",-0.008573219
"ME_F_1",-0.05767094
"ME_F_1",-0.02209688
"ME_F_1",-0.005174676
"ME_F_1",-0.04053408
"ME_F_1",0.00817013
"ME_F_1",0.1424172
"ME_F_1",0.09114386
"ME_F_1",0.07743309
"ME_F_1",-0.2069718
"ME_F_1",-0.2085821
"ME_F_1",0.05623022
"ME_F_1",0.2697533
"ME_F_1",0.1943653
"ME_F_1",0.04862571
"ME_F_1",-0.2290647
"ME_F_1",-0.06513729
"ME_F_1",0.1274259
"ME_F_1",0.1145611
"ME_F_1",-0.1041777
"ME_F_1",-0.2116894
"ME_F_1",-0.1195679
"ME_F_1",-0.01053945
"ME_F_1",-0.02582935
"ME_F_1",-0.2599634
"ME_F_1",-0.1722251
"ME_F_1",-0.09116438
"ME_F_1",0.06371382
"ME_F_1",0.09779453
"ME_F_1",0.07782759
"ME_F_1",-0.0005314872
"ME_F_1",0.0916734
"ME_F_1",0.05608531
"ME_F_1",0.04335707
"ME_F_1",0.1252899
"ME_F_1",0.09052259
"ME_F_1",-0.06755119
"ME_F_1",-0.01113281
"ME_F_1",-0.006599274
"ME_F_1",0.09534415
"ME_F_1",-0.0197398
"ME_F_1",-0.02159202
"ME_F_1",-0.05668653
"ME_F_1",0.04602732
"ME_F_1",0.1269035
"ME_F_1",0.01469374
"ME_F_1",0.01101438
"ME_F_1",0.06343789
"ME_F_1",-0.103344
"ME_F_1",-0.03392311
"ME_F_1",0.03226814
"ME_F_1",0.08376102
"ME_F_1",-0.02735514
"ME_F_1",-0.159347
"ME_F_1",-0.1114543
"ME_F_1",0.01610322
"ME_F_1",-0.0741807
"ME_F_1",-0.05906556
"ME_F_1",-0.09704615
"ME_F_1",-0.02184579
"ME_F_1",-0.06122603
"ME_F_1",-0.030182
"ME_F_1",0.003895242
"ME_F_1",0.009486102
"ME_F_1",0.1197631
"ME_F_1",0.09901604
"ME_F_1",-0.03373275
"ME_F_1",-0.02540227
"ME_F_1",-0.03801921
"ME_F_1",0.03154873
"ME_F_1",0.002535757
"ME_F_1",0.002415079
"ME_F_1",0.03967609
"ME_F_1",0.04539561
"ME_F_1",-0.01441851
"ME_F_1",0.07501175
"ME_F_1",-0.0196134
"ME_F_1",0.07802673
"ME_F_1",0.06323003
"ME_F_1",0.1010124
"ME_F_1",-0.001839787
"ME_F_1",-0.02210921
"ME_F_1",0.0552204
"ME_F_1",-0.04996467
"ME_F_1",0.0491659
"ME_F_1",-0.00376261
"ME_F_1",0.01999984
"ME_F_1",-0.05233122
"ME_F_1",-0.03900203
"ME_F_1",0.01157536
"ME_F_1",-0.02005715
"ME_F_1",-0.01764784
"ME_F_1",-0.08764639
"ME_F_1",-0.0932099
"ME_F_1",-0.05973129
"ME_F_1",0.06359957
"ME_F_1",0.02293164
"ME_F_1",0.001965381
"ME_F_1",0.1015184
"ME_F_1",0.05123015
"ME_F_1",-0.04086438
"ME_F_1",-0.04176354
"ME_F_1",-0.060923
"ME_F_1",-0.07014702
"ME_F_1",-0.03496233
"ME_F_1",-0.06535075
"ME_F_1",-0.04420764
"ME_F_1",-0.07117917
"ME_F_1",-0.03079769
"ME_F_1",-0.05986109
"ME_F_1",-0.1289417
"ME_F_1",-0.08007478
"ME_F_1",-0.05285687
"ME_F_1",-0.02597006
"ME_F_1",0.06402743
"ME_F_1",0.05558498
"ME_F_1",-0.1319752
"ME_F_1",0.1132735
"ME_F_1",0.1950996
"ME_F_1",-0.03468853
"ME_F_1",-0.04368086
"ME_F_1",-0.01337524
"ME_F_1",0.07887529
"ME_F_1",-0.02680772
"ME_F_1",0.02899413
"ME_F_1",0.05191948
"ME_F_1",0.1255699
"ME_F_1",0.05960326
"ME_F_1",-0.1111874
"ME_F_1",-0.1575046
"ME_F_1",-0.08892232
"ME_F_1",0.04869752
"ME_F_1",0.002118412
"ME_F_1",-0.01669847
"ME_F_1",-0.02558163
"ME_F_1",-0.1056139
"ME_F_1",-0.1131144
"ME_F_1",0.06903393
"ME_F_1",0.1590063
"ME_F_1",0.03563351
"ME_F_1",0.03473554
"ME_F_1",-0.006953113
"ME_F_1",0.008836986
"ME_F_1",0.03925926
"ME_F_1",0.108702
"ME_F_1",0.1075623
"ME_F_1",0.2033617
"ME_F_1",0.0425716
"ME_F_1",0.03977454
"ME_F_1",-0.03684457
"ME_F_1",-0.2493577
"ME_F_1",0.155598
"ME_F_1",-0.08439817
"ME_F_1",-0.03409731
"ME_F_1",-0.03778102
"ME_F_1",-0.01604672
"ME_F_1",-0.0487285
"ME_F_1",-0.0705964
"ME_F_1",-0.05895187
"ME_F_1",-0.07915867
"ME_F_1",-0.05195729
"ME_F_1",-0.01998381
"ME_F_1",-0.06336986
"ME_F_1",0.01817358
"ME_F_1",-0.007798553
"ME_F_1",-0.09414485
"ME_F_1",0.01871756
"ME_F_1",0.007624678
"ME_F_1",-0.01712509
"ME_F_1",-0.04173953
"ME_F_1",-0.03620486
"ME_F_1",-0.1117805
"ME_F_1",-0.06233557
"ME_F_1",0.1287717
"ME_F_1",0.159026
"ME_F_1",0.241002
"ME_F_1",-0.04297445
"ME_F_1",-0.1295841
"ME_F_1",-0.1580033
"ME_F_1",-0.0490716
"ME_F_1",-0.01500252
"ME_F_1",0.04438752
"ME_F_1",-0.002662152
"ME_F_1",0.002405427
"ME_F_1",0.03824921
"ME_F_1",0.02003214
"ME_F_1",0.00151479
"ME_F_1",0.01280964
"ME_F_1",-0.006995261
"ME_F_1",-0.005795985
"ME_F_1",-0.01966423
"ME_F_1",-0.03226022
"ME_F_1",0.07282864
"ME_F_1",0.03120789
"ME_F_1",-0.0999079
"ME_F_1",-0.07123151
"ME_F_1",0.03004444
"ME_F_1",0.02795115
"ME_F_1",-0.01053803
"ME_F_1",0.01281504
"ME_F_1",-0.006383982
"ME_F_1",0.01696048
"ME_F_1",0.02331636
"ME_F_1",0.1026474
"ME_F_1",0.03001541
"ME_F_1",0.01621428
"ME_F_1",0.004998125
"ME_F_1",0.002714356
"ME_F_1",-0.08554281
"ME_F_1",-0.08560646
"ME_F_1",-0.1193393
"ME_F_1",0.08372343
"ME_F_1",0.02688597
"ME_F_1",0.02915521
"ME_F_1",0.01195291
"ME_F_1",-0.03837417
"ME_F_1",-0.001905656
"ME_F_1",-0.0206531
"ME_F_1",-0.0160594
"ME_F_1",-0.04338598
"ME_F_1",-0.01515308
"ME_F_1",-0.037805
"ME_F_1",-0.06703099
"ME_F_1",-0.03899106
"ME_F_1",-0.008511093
"ME_F_1",-0.00609015
"ME_F_1",-0.0434172
"ME_F_1",-0.024851
"ME_F_1",-0.03411018
"ME_F_1",-0.01396821
"ME_F_1",-0.0681752
"ME_F_1",-0.07659894
"ME_F_1",-0.06236126
"ME_F_1",0.0223881
"ME_F_1",0.1435369
"ME_F_1",0.1828994
"ME_F_1",0.1373843
"ME_F_1",0.05969885
"ME_F_1",0.1338628
"ME_F_1",0.1268776
"ME_F_1",0.0407899
"ME_F_1",0.0500166
"ME_F_1",0.08249674
"ME_F_1",-0.08111095
"ME_F_1",-0.008808896
"ME_F_1",0.0226939
"ME_F_1",-0.1036201
"ME_F_1",-0.09760799
"ME_F_1",-0.2528066
"ME_F_1",-0.2261293
"ME_F_1",-0.1537798
"ME_F_1",-0.01670215
"ME_F_1",0.0005166158
"ME_F_1",0.06670102
"ME_F_1",0.08273052
"ME_F_1",0.09328891
"ME_F_1",0.03317819
"ME_F_1",0.1230839
"ME_F_1",0.07683809
"ME_F_1",0.04978365
"ME_F_1",0.0443316
"ME_F_1",0.003629562
"ME_F_1",-0.119458
"ME_F_1",-0.129239
"ME_F_1",-0.09228569
"ME_F_1",-0.1813536
"ME_F_1",-0.07591315
"ME_F_1",-0.01336072
"ME_F_1",0.07113117
"ME_F_1",0.04771394
"ME_F_1",-0.02723705
"ME_F_1",0.003642149
"ME_F_1",-0.06016498
"ME_F_1",0.02511358
"ME_F_1",0.06936197
"ME_F_1",0.07633181
"ME_F_1",0.04820348
"ME_F_1",-0.02732643
"ME_F_1",-0.05632086
"ME_F_1",-0.09353925
"ME_F_1",-0.06650439
"ME_F_1",-0.01187532
"ME_F_1",0.01501034
"ME_F_1",-0.1032393
"ME_F_1",0.04105064
"ME_F_1",-0.02461341
"ME_F_1",0.006387547
"ME_F_1",0.02392706
"ME_F_1",-0.00446212
"ME_F_1",-0.01466594
"ME_F_1",-0.03225385
"ME_F_1",-0.08782487
"ME_F_1",-0.1585002
"ME_F_1",-0.03627558
"ME_F_1",-0.07433081
"ME_F_1",0.02285056
"ME_F_1",-0.02626784
"ME_F_1",0.01846847
"ME_F_1",0.05085878
"ME_F_1",-0.07141884
"ME_F_1",-0.009535735
"ME_F_1",0.04896619
"ME_F_1",0.1116363
"ME_F_1",0.00887479
"ME_F_1",0.04832232
"ME_F_1",-0.01091493
"ME_F_1",-0.0216038
"ME_F_1",-0.09911646
"ME_F_1",-0.1672703
"ME_F_1",-0.1706441
"ME_F_1",-0.1588332
"ME_F_1",-0.0672873
"ME_F_1",0.0290246
"ME_F_1",0.1538178
"ME_F_1",0.1574319
"ME_F_1",-0.05934085
"ME_F_1",-0.1491421
"ME_F_1",-0.06167363
"ME_F_1",0.1143045
"ME_F_1",0.1282147
"ME_F_1",0.1099098
"ME_F_1",0.08335727
"ME_F_1",-0.247564
"ME_F_1",-0.2961872
"ME_F_1",-0.05022444
"ME_F_1",0.1379018
"ME_F_1",0.03558959
"ME_F_1",-0.01405235
"ME_F_1",-0.02705029
"ME_F_1",-0.03441713
"ME_F_1",0.05779488
"ME_F_1",0.09430468
"ME_F_1",0.1692058
"ME_F_1",0.1453994
"ME_F_1",0.04999261
"ME_F_1",-7.368624E-06
"ME_F_1",-0.08457876
"ME_F_1",-0.1112252
"ME_F_1",-0.1054162
"ME_F_1",-0.02874381
"ME_F_1",-0.0132384
"ME_F_1",0.01659208
"ME_F_1",-0.06401269
"ME_F_1",-0.0881537
"ME_F_1",-0.08194314
"ME_F_1",-0.08240814
"ME_F_1",0.001205157
"ME_F_1",-0.01914046
"ME_F_1",-0.06754438
"ME_F_1",-0.1371685
"ME_F_1",0.0004182626
"ME_F_1",0.02291967
"ME_F_1",0.003222814
"ME_F_1",-0.05417485
"ME_F_1",0.08373831
"ME_F_1",-0.02780976
"ME_F_1",0.04849916
"ME_F_1",-0.05729314
"ME_F_1",-0.05614407
"ME_F_1",0.01157382
"ME_F_1",-0.0729382
"ME_F_1",-0.123238
"ME_F_1",-0.08969426
"ME_F_1",-0.0431749
"ME_F_1",-0.104785
"ME_F_1",0.04735379
"ME_F_1",0.03912602
"ME_F_1",0.03370629
"ME_F_1",0.09151185
"ME_F_1",-0.01633
"ME_F_1",-0.1011673
"ME_F_1",-0.07213417
"ME_F_1",0.001078263
"ME_F_1",0.04229173
"ME_F_1",-0.02125373
"ME_F_1",-0.04268938
"ME_F_1",-0.06453736
"ME_F_1",0.02907673
"ME_F_1",0.05636127
"ME_F_1",-0.04267842
"ME_F_1",-0.06338732
"ME_F_1",0.005960517
"ME_F_1",0.06686967
"ME_F_1",-0.0510691
"ME_F_1",-0.05816094
"ME_F_1",0.0176844
"ME_F_1",-0.07288288
"ME_F_1",-0.03941521
"ME_F_1",0.006449486
"ME_F_1",-0.04677271
"ME_F_1",0.04450275
"ME_F_1",0.03682603
"ME_F_1",-0.01841713
"ME_F_1",-0.01149958
"ME_F_1",-0.09610261
"ME_F_1",-0.05023414
"ME_F_1",0.009554886
"ME_F_1",0.009179966
"ME_F_1",0.0200377
"ME_F_1",0.03075168
"ME_F_1",0.01863012
"ME_F_1",-0.1276809
"ME_F_1",-0.03926531
"ME_F_1",-0.004556581
"ME_F_1",0.06755307
"ME_F_1",0.02905233
"ME_F_1",0.01874894
"ME_F_1",0.0005211532
"ME_F_1",-0.05275343
"ME_F_1",-0.1223133
"ME_F_1",-0.1059391
"ME_F_1",-0.06221697
"ME_F_1",-0.1103958
"ME_F_1",-0.03277765
"ME_F_1",0.08961084
"ME_F_1",0.0758846
"ME_F_1",0.04250698
"ME_F_1",-0.003562502
"ME_F_1",-0.01095716
"ME_F_1",0.0444043
"ME_F_1",0.00823633
"ME_F_1",0.0268731
"ME_F_1",0.0638454
"ME_F_1",0.06865366
"ME_F_1",0.07793169
"ME_F_1",0.03130372
"ME_F_1",0.01568682
"ME_F_1",0.01392165
"ME_F_1",-0.005584536
"ME_F_1",0.003561463
"ME_F_1",-0.008219391
"ME_F_1",0.05082672
"ME_F_1",0.01924905
"ME_F_1",0.002484419
"ME_F_1",0.0008783154
"ME_F_1",0.06481515
"ME_F_1",-0.03792095
"ME_F_1",-0.08959801
"ME_F_1",-0.008764832
"ME_F_1",0.04720478
"ME_F_1",0.05215093
"ME_F_1",-0.02887301
"ME_F_1",-0.004942877
"ME_F_1",-0.003272191
"ME_F_1",-0.04479703
"ME_F_1",-0.05270743
"ME_F_1",-0.09089065
"ME_F_1",-0.08263288
"ME_F_1",-0.08134564
"ME_F_1",0.01279776
"ME_F_1",0.01511182
"ME_F_1",-0.004808743
"ME_F_1",-0.1177703
"ME_F_1",-0.07944298
"ME_F_1",-0.1316683
"ME_F_1",-0.1605168
"ME_F_1",-0.02635331
"ME_F_1",-0.06369105
"ME_F_1",-0.008370094
"ME_F_1",0.02899765
"ME_F_1",0.05525105
"ME_F_1",0.1281341
"ME_F_1",0.05047036
"ME_F_1",-0.01939853
"ME_F_1",-0.02185768
"ME_F_1",-0.0547763
"ME_F_1",0.01134727
"ME_F_1",-0.0535011
"ME_F_1",-0.06547594
"ME_F_1",-0.01582183
"ME_F_1",-0.007460497
"ME_F_1",0.01519564
"ME_F_1",0.04150022
"ME_F_1",0.07483708
"ME_F_1",0.06971079
"ME_F_1",0.04512295
"ME_F_1",0.06022444
"ME_F_1",-0.04241369
"ME_F_1",-0.05522271
"ME_F_1",-0.008535348
"ME_F_1",0.01197306
"ME_F_1",-0.06482229
"ME_F_1",-0.06008371
"ME_F_1",-0.02164032
"ME_F_1",-0.04632211
"ME_F_1",0.02663977
"ME_F_1",-0.006144359
"ME_F_1",0.03193401
"ME_F_1",0.04703159
"ME_F_1",0.04379986
"ME_F_1",0.06367151
"ME_F_1",-0.05083087
"ME_F_1",-0.06191247
"ME_F_1",-0.07237162
"ME_F_1",-0.09751649
"ME_F_1",-0.1808491
"ME_F_1",-0.04412499
"ME_F_1",0.0008724816
"ME_F_1",0.04231771
"ME_F_1",0.1399672
"ME_F_1",0.08606589
"ME_F_1",0.0489298
"ME_F_1",0.01787298
"ME_F_1",-0.04390647
"ME_F_1",-0.04273348
"ME_F_1",-0.03788404
"ME_F_1",0.0003041849
"ME_F_1",-0.07262366
"ME_F_1",-0.06315549
"ME_F_1",0.006387763
"ME_F_1",0.05408182
"ME_F_1",0.01628469
"ME_F_1",0.005675361
"ME_F_1",0.02748853
"ME_F_1",0.1134929
"ME_F_1",0.06020042
"ME_F_1",0.05976972
"ME_F_1",0.07177658
"ME_F_1",0.05339259
"ME_F_1",0.1502929
"ME_F_1",0.2571465
"ME_F_1",0.2081445
"ME_F_1",0.1731022
"ME_F_1",0.0623345
"ME_F_1",0.08321252
"ME_F_1",0.1045744
"ME_F_1",0.1019656
"ME_F_1",-0.04868133
"ME_F_1",-0.1669522
"ME_F_1",-0.1568038
"ME_F_1",-0.1516437
"ME_F_1",-0.05333639
"ME_F_1",-0.1055008
"ME_F_1",-0.1747974
"ME_F_1",-0.1922245
"ME_F_1",-0.1997831
"ME_F_1",-0.2359657
"ME_F_1",-0.1635475
"ME_F_1",-0.1266652
"ME_F_1",0.09310351
"ME_F_1",0.09549163
"ME_F_1",-0.03711773
"ME_F_1",-0.1605633
"ME_F_1",0.03677035
"ME_F_1",0.1183103
"ME_F_1",0.131839
"ME_F_1",0.139167
"ME_F_1",0.1183967
"ME_F_1",0.1617322
"ME_F_1",-0.1242985
"ME_F_1",-0.04214419
"ME_F_1",0.06472884
"ME_F_1",0.1097663
"ME_F_1",-0.02956629
"ME_F_1",-0.00197155
"ME_F_1",0.0005829316
"ME_F_1",-0.02210305
"ME_F_1",-0.1436147
"ME_F_1",-0.191877
"ME_F_1",0.0561178
"ME_F_1",0.02383505
"ME_F_1",-0.08384525
"ME_F_1",-0.08915027
"ME_F_1",0.007340018
"ME_F_1",0.13018
"ME_F_1",0.08084231
"ME_F_1",0.1124736
"ME_F_1",0.06395902
"ME_F_1",0.03658541
"ME_F_1",-0.005893881
"ME_F_1",0.03981853
"ME_F_1",0.04200039
"ME_F_1",0.05268684
"ME_F_1",-0.050221
"ME_F_1",0.04229975
"ME_F_1",0.05166111
"ME_F_1",0.04795195
"ME_F_1",0.0620703
"ME_F_1",-0.06096738
"ME_F_1",-0.07078311
"ME_F_1",-0.0305868
"ME_F_1",-0.04726959
"ME_F_1",-0.03346521
"ME_F_1",-0.03637272
"ME_F_1",-0.0315419
"ME_F_1",-0.01871028
"ME_F_1",0.03113433
"ME_F_1",0.00969992
"ME_F_1",0.03047574
"ME_F_1",0.03559881
"ME_F_1",0.04617589
"ME_F_1",0.1055354
"ME_F_1",0.06584678
"ME_F_1",0.1021002
"ME_F_1",0.06330924
"ME_F_1",-0.03048726
"ME_F_1",0.00750084
"ME_F_1",-0.04807372
"ME_F_1",-0.03839439
"ME_F_1",0.09197608
"ME_F_1",0.08858837
"ME_F_1",0.005726911
"ME_F_1",0.1040732
"ME_F_1",-0.1338771
"ME_F_1",-0.05315582
"ME_F_1",-0.09694636
"ME_F_1",-0.06769591
"ME_F_1",-0.0283588
"ME_F_1",0.009708455
"ME_F_1",0.02274024
"ME_F_1",0.05592125
"ME_F_1",-0.05016608
"ME_F_1",-0.02240579
"ME_F_1",-0.1001781
"ME_F_1",-0.0291839
"ME_F_1",-0.07847783
"ME_F_1",-0.02355633
"ME_F_1",-0.006517556
"ME_F_1",-0.04670756
"ME_F_1",-0.01552946
"ME_F_1",-0.09255306
"ME_F_1",-0.1295487
"ME_F_1",0.03870934
"ME_F_1",0.1172018
"ME_F_1",0.07272363
"ME_F_1",-0.01376832
"ME_F_1",-0.02387899
"ME_F_1",-0.02536373
"ME_F_1",-0.05298574
"ME_F_1",-0.04780669
"ME_F_1",-0.06921077
"ME_F_1",0.07237793
"ME_F_1",0.04873722
"ME_F_1",0.02658629
"ME_F_1",-0.02223431
"ME_F_1",0.03726087
"ME_F_1",0.05876908
"ME_F_1",0.00475961
"ME_F_1",0.02592819
"ME_F_1",0.01315127
"ME_F_1",-0.02951393
"ME_F_1",0.01471057
"ME_F_1",-0.06247035
"ME_F_1",-0.01608116
"ME_F_1",-0.05224654
"ME_F_1",-0.01081948
"ME_F_1",-0.1001198
"ME_F_1",0.00700295
"ME_F_1",-0.03738468
"ME_F_1",-0.01306513
"ME_F_1",-0.03201695
"ME_F_1",0.03993682
"ME_F_1",0.0005650744
"ME_F_1",-0.02891274
"ME_F_1",-0.03000303
"ME_F_1",-0.003736943
"ME_F_1",-0.06040399
"ME_F_1",0.05405412
"ME_F_1",0.1526478
"ME_F_1",0.1085217
"ME_F_1",0.05564376
"ME_F_1",0.02673479
"ME_F_1",-0.0271366
"ME_F_1",-0.1051069
"ME_F_1",-0.09275624
"ME_F_1",-0.08260844
"ME_F_1",0.006085362
"ME_F_1",0.03021837
"ME_F_1",0.001440902
"ME_F_1",0.1179479
"ME_F_1",0.2218356
"ME_F_1",-0.03592367
"ME_F_1",-0.07078211
"ME_F_1",0.013661
"ME_F_1",0.1435758
"ME_F_1",0.119618
"ME_F_1",-0.04383021
"ME_F_1",-0.04727868
"ME_F_1",-0.03622743
"ME_F_1",-0.0470673
"ME_F_1",-0.1482446
"ME_F_1",-0.1750605
"ME_F_1",-0.09741957
"ME_F_1",-0.1653074
"ME_F_1",-0.09938255
"ME_F_1",-0.050436
"ME_F_1",-0.05577117
"ME_F_1",0.0214075
"ME_F_1",0.09585793
"ME_F_1",0.03542674
"ME_F_1",0.08959466
"ME_F_1",0.02354637
"ME_F_1",0.1024588
"ME_F_1",0.1336175
"ME_F_1",0.1128533
"ME_F_1",-0.06126825
"ME_F_1",-0.1435966
"ME_F_1",-0.04754511
"ME_F_1",0.01320211
"ME_F_1",-0.03799986
"ME_F_1",-0.03418523
"ME_F_1",0.09502847
"ME_F_1",0.08665858
"ME_F_1",0.02562949
"ME_F_1",-0.08389686
"ME_F_1",-0.05159772
"ME_F_1",-0.05184203
"ME_F_1",-0.06664875
"ME_F_1",-0.06603074
"ME_F_1",-0.06388356
"ME_F_1",-0.0212017
"ME_F_1",0.03382855
"ME_F_1",0.06866279
"ME_F_1",-0.01495741
"ME_F_1",-0.01982136
"ME_F_1",-0.03253751
"ME_F_1",0.007157311
"ME_F_1",-0.03529172
"ME_F_1",0.04616357
"ME_F_1",0.4172512
"ME_F_1",-0.03414086
"ME_M_1",-0.1750848
"ME_M_1",-0.1214324
"ME_M_1",-0.02343988
"ME_M_1",0.0007050131
"ME_M_1",0.01815675
"ME_M_1",5.965494E-05
"ME_M_1",-0.02277788
"ME_M_1",0.007348585
"ME_M_1",0.02480244
"ME_M_1",-0.008228684
"ME_M_1",-0.008153236
"ME_M_1",-0.02884975
"ME_M_1",0.05270738
"ME_M_1",0.07293441
"ME_M_1",0.1410049
"ME_M_1",0.1406831
"ME_M_1",0.08141971
"ME_M_1",0.04182741
"ME_M_1",0.1788862
"ME_M_1",0.3194374
"ME_M_1",0.3489202
"ME_M_1",0.3934501
"ME_M_1",0.1289624
"ME_M_1",-0.1466111
"ME_M_1",-0.007314249
"ME_M_1",0.01898107
"ME_M_1",0.08450343
"ME_M_1",0.01234605
"ME_M_1",-0.006878559
"ME_M_1",-0.2176971
"ME_M_1",-0.239467
"ME_M_1",-0.1612554
"ME_M_1",-0.05855492
"ME_M_1",-0.004281587
"ME_M_1",-0.003193453
"ME_M_1",-0.2328659
"ME_M_1",-0.03147743
"ME_M_1",0.07763917
"ME_M_1",-0.01531167
"ME_M_1",-0.1511543
"ME_M_1",-0.203431
"ME_M_1",-0.1125689
"ME_M_1",-0.08380978
"ME_M_1",-0.08355176
"ME_M_1",-0.1023387
"ME_M_1",-0.09849468
"ME_M_1",0.00525853
"ME_M_1",0.0380814
"ME_M_1",0.06137206
"ME_M_1",0.06967151
"ME_M_1",-0.04582743
"ME_M_1",0.04332413
"ME_M_1",0.01274086
"ME_M_1",-0.04347734
"ME_M_1",-0.07781638
"ME_M_1",0.1033321
"ME_M_1",-0.09548455
"ME_M_1",-0.07531042
"ME_M_1",-0.07631095
"ME_M_1",-0.07050542
"ME_M_1",-0.04207332
"ME_M_1",0.06431508
"ME_M_1",-0.003375676
"ME_M_1",0.04950166
"ME_M_1",-0.05458761
"ME_M_1",-0.1126938
"ME_M_1",-0.01562602
"ME_M_1",0.01487043
"ME_M_1",-0.005385354
"ME_M_1",-0.009728824
"ME_M_1",0.0100788
"ME_M_1",-0.008661202
"ME_M_1",-0.03458156
"ME_M_1",-0.06715429
"ME_M_1",-0.04765417
"ME_M_1",0.06256743
"ME_M_1",-0.0239961
"ME_M_1",-0.00652699
"ME_M_1",-0.005797288
"ME_M_1",0.002716102
"ME_M_1",-0.04786074
"ME_M_1",0.004156779
"ME_M_1",0.02847342
"ME_M_1",0.03991846
"ME_M_1",-0.001124646
"ME_M_1",-0.02891963
"ME_M_1",-0.04240812
"ME_M_1",-0.001718029
"ME_M_1",0.04827124
"ME_M_1",-0.0908665
"ME_M_1",-0.04477734
"ME_M_1",-0.01535183
"ME_M_1",-0.05618339
"ME_M_1",0.004712895
"ME_M_1",0.0321668
"ME_M_1",-0.02324832
"ME_M_1",-0.1304325
"ME_M_1",0.1712158
"ME_M_1",0.1602503
"ME_M_1",0.03683871
"ME_M_1",-0.01396264
"ME_M_1",0.002503645
"ME_M_1",0.08881448
"ME_M_1",0.05956428
"ME_M_1",-0.03561054
"ME_M_1",-0.02128496
"ME_M_1",-0.08598299
"ME_M_1",-0.1408061
"ME_M_1",0.01902832
"ME_M_1",0.06729002
"ME_M_1",0.02869118
"ME_M_1",-0.02460547
"ME_M_1",-0.07789543
"ME_M_1",0.07229404
"ME_M_1",0.1132709
"ME_M_1",0.08165711
"ME_M_1",0.03929087
"ME_M_1",0.148376
"ME_M_1",0.151031
"ME_M_1",0.1259627
"ME_M_1",0.02711881
"ME_M_1",-0.06487712
"ME_M_1",-0.105499
"ME_M_1",0.0001303256
"ME_M_1",-0.03523958
"ME_M_1",0.008400103
"ME_M_1",0.0003138557
"ME_M_1",-0.2905168
"ME_M_1",-0.2027884
"ME_M_1",0.01800825
"ME_M_1",0.000837794
"ME_M_1",0.02500438
"ME_M_1",0.01073558
"ME_M_1",-0.03282083
"ME_M_1",-0.03199043
"ME_M_1",0.01806176
"ME_M_1",0.007692717
"ME_M_1",-0.05431569
"ME_M_1",-0.001481239
"ME_M_1",-0.09275346
"ME_M_1",-0.007259417
"ME_M_1",0.04356843
"ME_M_1",-0.0454511
"ME_M_1",0.06612224
"ME_M_1",0.04258902
"ME_M_1",0.03290843
"ME_M_1",-0.003213665
"ME_M_1",0.001118753
"ME_M_1",0.03945996
"ME_M_1",0.02273456
"ME_M_1",-0.007601431
"ME_M_1",-0.01453351
"ME_M_1",-0.01896686
"ME_M_1",-0.04916517
"ME_M_1",-0.01653714
"ME_M_1",0.03802317
"ME_M_1",-0.03670143
"ME_M_1",0.01899327
"ME_M_1",-0.001791738
"ME_M_1",-0.02973257
"ME_M_1",-0.03632889
"ME_M_1",-0.005074624
"ME_M_1",0.03633277
"ME_M_1",-0.03396728
"ME_M_1",-0.06650034
"ME_M_1",-0.06167876
"ME_M_1",-0.08982825
"ME_M_1",0.04917109
"ME_M_1",0.1017503
"ME_M_1",0.1363245
"ME_M_1",0.06962929
"ME_M_1",-0.03248452
"ME_M_1",0.004466652
"ME_M_1",-0.02055761
"ME_M_1",0.03095342
"ME_M_1",-0.04720194
"ME_M_1",-0.1072743
"ME_M_1",0.04932388
"ME_M_1",0.04607253
"ME_M_1",-0.08151814
"ME_M_1",0.09984286
"ME_M_1",0.09197336
"ME_M_1",0.06476875
"ME_M_1",-0.1702703
"ME_M_1",-0.204539
"ME_M_1",-0.002118722
"ME_M_1",-0.05222946
"ME_M_1",-0.01728675
"ME_M_1",0.01248883
"ME_M_1",0.01103032
"ME_M_1",0.01339309
"ME_M_1",-0.0446611
"ME_M_1",-0.03187308
"ME_M_1",-0.1065035
"ME_M_1",-0.03029939
"ME_M_1",0.04367489
"ME_M_1",0.03774361
"ME_M_1",0.02916243
"ME_M_1",-0.009258743
"ME_M_1",0.01043084
"ME_M_1",-0.03612667
"ME_M_1",-0.002570015
"ME_M_1",-0.04586225
"ME_M_1",-0.001220115
"ME_M_1",-0.03867742
"ME_M_1",-0.02912868
"ME_M_1",-0.07035247
"ME_M_1",0.004762182
"ME_M_1",-0.002204623
"ME_M_1",-0.01092196
"ME_M_1",0.01753014
"ME_M_1",-0.05815989
"ME_M_1",-0.06170075
"ME_M_1",0.02095587
"ME_M_1",0.009174804
"ME_M_1",0.01697103
"ME_M_1",0.04201294
"ME_M_1",0.01942447
"ME_M_1",0.02654704
"ME_M_1",0.007329342
"ME_M_1",0.03634637
"ME_M_1",0.003006782
"ME_M_1",0.1296002
"ME_M_1",0.04971991
"ME_M_1",0.05374434
"ME_M_1",0.0117324
"ME_M_1",-0.02795443
"ME_M_1",-0.02829313
"ME_M_1",-0.03012156
"ME_M_1",0.01443453
"ME_M_1",-0.01687082
"ME_M_1",0.01771168
"ME_M_1",0.1267566
"ME_M_1",-0.005771901
"ME_M_1",0.01669597
"ME_M_1",-0.009960679
"ME_M_1",-0.08702587
"ME_M_1",-0.02392077
"ME_M_1",-0.01982021
"ME_M_1",-0.03792456
"ME_M_1",-0.1024657
"ME_M_1",-0.06365801
"ME_M_1",0.0002448112
"ME_M_1",0.0009414554
"ME_M_1",0.002832884
"ME_M_1",-0.006793745
"ME_M_1",-0.006109737
"ME_M_1",-0.02542228
"ME_M_1",0.0526478
"ME_M_1",0.1332793
"ME_M_1",-0.04798838
"ME_M_1",-0.1002728
"ME_M_1",-0.05455481
"ME_M_1",-0.02181328
"ME_M_1",-0.05546688
"ME_M_1",-0.01165137
"ME_M_1",0.009579824
"ME_M_1",-0.01358699
"ME_M_1",0.004223388
"ME_M_1",-0.0611417
"ME_M_1",-0.02357778
"ME_M_1",-0.09413471
"ME_M_1",-0.01997894
"ME_M_1",0.01940959
"ME_M_1",-0.05158561
"ME_M_1",-0.1090505
"ME_M_1",-0.05504985
"ME_M_1",-0.005283976
"ME_M_1",0.002657571
"ME_M_1",0.06012383
"ME_M_1",0.02403007
"ME_M_1",-0.01531598
"ME_M_1",-0.06537512
"ME_M_1",-0.07702833
"ME_M_1",-0.07295625
"ME_M_1",-0.02004308
"ME_M_1",-0.08548397
"ME_M_1",-0.07243671
"ME_M_1",-0.0650337
"ME_M_1",-0.06431743
"ME_M_1",-0.0688255
"ME_M_1",-0.1655285
"ME_M_1",-0.07829806
"ME_M_1",-0.04294872
"ME_M_1",-0.01214201
"ME_M_1",0.07951866
"ME_M_1",-0.04862874
"ME_M_1",-0.07737446
"ME_M_1",-0.06308946
"ME_M_1",-0.04846428
"ME_M_1",-0.01060578
"ME_M_1",-0.06994952
"ME_M_1",-0.03685141
"ME_M_1",0.08942835
"ME_M_1",0.1300801
"ME_M_1",0.08979303
"ME_M_1",0.06765421
"ME_M_1",0.02811259
"ME_M_1",0.07571317
"ME_M_1",0.08150905
"ME_M_1",0.06927297
"ME_M_1",-0.04923239
"ME_M_1",-0.02528054
"ME_M_1",-0.02170444
"ME_M_1",-0.07292739
"ME_M_1",-0.0317315
"ME_M_1",0.02950021
"ME_M_1",0.03765061
"ME_M_1",0.04223792
"ME_M_1",-0.004300583
"ME_M_1",-0.04236788
"ME_M_1",-0.1060132
"ME_M_1",-0.02479205
"ME_M_1",0.03018849
"ME_M_1",0.03839034
"ME_M_1",-0.02851848
"ME_M_1",-0.03494808
"ME_M_1",-0.005473733
"ME_M_1",0.06616874
"ME_M_1",0.03731714
"ME_M_1",0.02514434
"ME_M_1",-0.02332115
"ME_M_1",-0.08099012
"ME_M_1",-0.1478781
"ME_M_1",-0.05507337
"ME_M_1",-0.09249163
"ME_M_1",-0.07541532
"ME_M_1",-0.009975036
"ME_M_1",-0.08619639
"ME_M_1",0.0382251
"ME_M_1",0.0401415
"ME_M_1",-0.05267853
"ME_M_1",-0.06114295
"ME_M_1",0.03595283
"ME_M_1",-0.0181107
"ME_M_1",-0.05104283
"ME_M_1",-0.04777655
"ME_M_1",-0.04188953
"ME_M_1",-0.03879309
"ME_M_1",-0.01218462
"ME_M_1",-0.01209706
"ME_M_1",-0.09557244
"ME_M_1",-0.07463412
"ME_M_1",-0.05624603
"ME_M_1",-0.06278209
"ME_M_1",-0.0790299
"ME_M_1",-0.06122273
"ME_M_1",0.02503242
"ME_M_1",-0.0506902
"ME_M_1",0.003455572
"ME_M_1",0.09569211
"ME_M_1",0.04497536
"ME_M_1",0.04205035
"ME_M_1",0.03043397
"ME_M_1",0.02342218
"ME_M_1",-0.007166309
"ME_M_1",-0.02324056
"ME_M_1",0.05092034
"ME_M_1",0.03116527
"ME_M_1",0.0102075
"ME_M_1",0.02559849
"ME_M_1",-0.005441308
"ME_M_1",-0.002992859
"ME_M_1",-0.004796032
"ME_M_1",-0.04809187
"ME_M_1",-0.03450308
"ME_M_1",-0.04504821
"ME_M_1",-0.06708746
"ME_M_1",0.01875615
"ME_M_1",0.002221301
"ME_M_1",-0.01941136
"ME_M_1",-0.03068821
"ME_M_1",-0.0009094513
"ME_M_1",-0.008112829
"ME_M_1",-0.01523884
"ME_M_1",0.01694823
"ME_M_1",-0.02680687
"ME_M_1",0.006276994
"ME_M_1",-0.02363758
"ME_M_1",-0.0138492
"ME_M_1",-0.01056399
"ME_M_1",0.01837061
"ME_M_1",0.0462951
"ME_M_1",0.007878082
"ME_M_1",0.06786826
"ME_M_1",0.01209468
"ME_M_1",-0.06249601
"ME_M_1",0.03202766
"ME_M_1",0.04273234
"ME_M_1",-0.05111466
"ME_M_1",-0.001414331
"ME_M_1",-0.004007859
"ME_M_1",0.007535534
"ME_M_1",-0.00802641
"ME_M_1",0.00881609
"ME_M_1",-0.01367407
"ME_M_1",-0.0009064274
"ME_M_1",-0.06550664
"ME_M_1",0.0180192
"ME_M_1",0.006021336
"ME_M_1",-0.06795037
"ME_M_1",-0.1226731
"ME_M_1",-0.06586557
"ME_M_1",-0.1035366
"ME_M_1",-0.1152587
"ME_M_1",0.03024636
"ME_M_1",0.08120926
"ME_M_1",0.1146968
"ME_M_1",0.06532755
"ME_M_1",-0.05520941
"ME_M_1",-0.05812828
"ME_M_1",0.02644675
"ME_M_1",-0.006385323
"ME_M_1",-0.0515517
"ME_M_1",-0.07965996
"ME_M_1",-0.03430746
"ME_M_1",0.09798862
"ME_M_1",0.01847935
"ME_M_1",0.043096
"ME_M_1",0.001326486
"ME_M_1",0.1393966
"ME_M_1",-0.05750131
"ME_M_1",-0.156081
"ME_M_1",-0.02607247
"ME_M_1",0.05706263
"ME_M_1",-0.02881179
"ME_M_1",-0.008797221
"ME_M_1",-0.1413661
"ME_M_1",-0.06651618
"ME_M_1",0.06235138
"ME_M_1",0.01479306
"ME_M_1",-0.04664686
"ME_M_1",-0.1067936
"ME_M_1",-0.0931465
"ME_M_1",0.0230224
"ME_M_1",-0.008427996
"ME_M_1",-0.03075052
"ME_M_1",-0.07387328
"ME_M_1",-0.1083358
"ME_M_1",-0.04488255
"ME_M_1",0.03721768
"ME_M_1",0.08629069
"ME_M_1",-0.0350356
"ME_M_1",-0.03351887
"ME_M_1",-0.01825636
"ME_M_1",-0.01367798
"ME_M_1",0.008612058
"ME_M_1",0.06914464
"ME_M_1",-0.02300476
"ME_M_1",-0.08576366
"ME_M_1",-0.008669814
"ME_M_1",0.04197253
"ME_M_1",0.0129211
"ME_M_1",-0.02292774
"ME_M_1",-0.03950484
"ME_M_1",-0.05266802
"ME_M_1",-0.03512533
"ME_M_1",0.06904981
"ME_M_1",-0.04701703
"ME_M_1",-0.1199195
"ME_M_1",-0.07538079
"ME_M_1",0.05540065
"ME_M_1",-0.01063523
"ME_M_1",0.01018902
"ME_M_1",-0.03648259
"ME_M_1",-0.04145023
"ME_M_1",4.184619E-05
"ME_M_1",0.08185142
"ME_M_1",0.05956019
"ME_M_1",0.02909156
"ME_M_1",-0.01684927
"ME_M_1",-0.04376174
"ME_M_1",-0.06446791
"ME_M_1",-0.03980983
"ME_M_1",0.009865481
"ME_M_1",-0.004719589
"ME_M_1",-0.01830403
"ME_M_1",-0.01981475
"ME_M_1",-0.1500995
"ME_M_1",-0.1312364
"ME_M_1",-0.1207701
"ME_M_1",-0.133489
"ME_M_1",0.04411357
"ME_M_1",0.05344651
"ME_M_1",0.0197906
"ME_M_1",0.01489749
"ME_M_1",-0.04286312
"ME_M_1",-0.01319696
"ME_M_1",-0.007411364
"ME_M_1",0.08575007
"ME_M_1",0.1145454
"ME_M_1",0.07979824
"ME_M_1",-0.06781283
"ME_M_1",-0.06953731
"ME_M_1",0.02866402
"ME_M_1",-0.02165066
"ME_M_1",-0.04507158
"ME_M_1",-0.00399055
"ME_M_1",-0.05636773
"ME_M_1",-0.04039552
"ME_M_1",-0.09353484
"ME_M_1",-0.06744085
"ME_M_1",0.05204488
"ME_M_1",0.07174215
"ME_M_1",0.04168403
"ME_M_1",-0.00907805
"ME_M_1",-0.01588538
"ME_M_1",0.005168094
"ME_M_1",-0.01148661
"ME_M_1",-0.02126973
"ME_M_1",0.03835898
"ME_M_1",-0.01824282
"ME_M_1",-0.04249757
"ME_M_1",-0.02212708
"ME_M_1",-0.03212844
"ME_M_1",0.01848919
"ME_M_1",-0.000418982
"ME_M_1",0.01457106
"ME_M_1",0.009556528
"ME_M_1",0.0446218
"ME_M_1",-0.009692762
"ME_M_1",0.05309591
"ME_M_1",0.06332727
"ME_M_1",-0.01991022
"ME_M_1",-0.03739646
"ME_M_1",-0.04314415
"ME_M_1",0.008781437
"ME_M_1",0.07797538
"ME_M_1",0.04126292
"ME_M_1",0.005554825
"ME_M_1",0.007672137
"ME_M_1",-0.09876248
"ME_M_1",-0.007124823
"ME_M_1",0.04929949
"ME_M_1",-0.04580286
"ME_M_1",0.2394941
"ME_M_1",0.2677746
"ME_M_1",0.05908838
"ME_M_1",0.051751
"ME_M_1",-0.1058317
"ME_M_1",-0.1092906
"ME_M_1",-0.02704783
"ME_M_1",-0.03357948
"ME_M_1",-0.02309521
"ME_M_1",-0.0267252
"ME_M_1",-0.07159804
"ME_M_1",-0.06564519
"ME_M_1",-0.0323692
"ME_M_1",-0.04211261
"ME_M_1",-0.0487354
"ME_M_1",-0.0033397
"ME_M_1",-0.02113648
"ME_M_1",-0.06635266
"ME_M_1",0.01640593
"ME_M_1",-0.02435743
"ME_M_1",0.0271683
"ME_M_1",0.05245339
"ME_M_1",0.1436912
"ME_M_1",0.1564643
"ME_M_1",0.1563876
"ME_M_1",0.1126185
"ME_M_1",0.1556631
"ME_M_1",0.03537266
"ME_M_1",-0.1950121
"ME_M_1",-0.2402594
"ME_M_1",-0.1484364
"ME_M_1",-0.1304573
"ME_M_1",-0.1904578
"ME_M_1",-0.1342682
"ME_M_1",-0.1021185
"ME_M_1",-0.03885159
"ME_M_1",-0.1483429
"ME_M_1",-0.05826864
"ME_M_1",-0.1423694
"ME_M_1",-0.0822298
"ME_M_1",0.1765475
"ME_M_1",0.1378687
"ME_M_1",0.1293952
"ME_M_1",0.09208187
"ME_M_1",0.07869341
"ME_M_1",0.02780304
"ME_M_1",-0.0306986
"ME_M_1",-0.03520154
"ME_M_1",-0.04606276
"ME_M_1",-0.01057772
"ME_M_1",-0.01993568
"ME_M_1",0.07632462
"ME_M_1",0.05130197
"ME_M_1",0.01403539
"ME_M_1",-0.04008307
"ME_M_1",0.01516854
"ME_M_1",0.01998092
"ME_M_1",-0.004918884
"ME_M_1",0.03334732
"ME_M_1",-0.03976669
"ME_M_1",-0.01389439
"ME_M_1",-0.01433061
"ME_M_1",-0.03110866
"ME_M_1",0.02940761
"ME_M_1",0.08289368
"ME_M_1",0.01176361
"ME_M_1",-0.06660157
"ME_M_1",0.02142047
"ME_M_1",0.09278986
"ME_M_1",-0.006098323
"ME_M_1",0.1337234
"ME_M_1",0.1354143
"ME_M_1",0.04292187
"ME_M_1",-0.1688347
"ME_M_1",-0.126902
"ME_M_1",-0.1298341
"ME_M_1",0.02198917
"ME_M_1",-0.004181705
"ME_M_1",-0.07083068
"ME_M_1",-0.01402742
"ME_M_1",-0.07112966
"ME_M_1",-0.1190134
"ME_M_1",-0.1126888
"ME_M_1",-0.01688404
"ME_M_1",-0.0005858354
"ME_M_1",-0.04505492
"ME_M_1",0.03797567
"ME_M_1",0.03768259
"ME_M_1",0.03512869
"ME_M_1",0.02501478
"ME_M_1",0.0348972
"ME_M_1",0.03970171
"ME_M_1",0.1194528
"ME_M_1",0.05700549
"ME_M_1",-0.09722961
"ME_M_1",0.01607175
"ME_M_1",0.0001283274
"ME_M_1",-0.03431328
"ME_M_1",0.03123365
"ME_M_1",-0.04402756
"ME_M_1",-0.04413152
"ME_M_1",0.004402208
"ME_M_1",-0.06428306
"ME_M_1",0.01197849
"ME_M_1",-0.01205421
"ME_M_1",-0.01210676
"ME_M_1",-0.06143783
"ME_M_1",0.03429887
"ME_M_1",-0.05194042
"ME_M_1",-0.03803947
"ME_M_1",-0.02055946
"ME_M_1",-0.01920931
"ME_M_1",0.01051216
"ME_M_1",-0.02872391
"ME_M_1",-0.04271018
"ME_M_1",-0.03860745
"ME_M_1",-0.004455437
"ME_M_1",0.03263096
"ME_M_1",0.003930055
"ME_M_1",-0.03089029
"ME_M_1",0.04476723
"ME_M_1",0.0174867
"ME_M_1",0.1654208
"ME_M_1",0.1544915
"ME_M_1",-0.02480816
"ME_M_1",-0.08943102
"ME_M_1",-0.06240006
"ME_M_1",0.04156049
"ME_M_1",0.01588102
"ME_M_1",-0.02738842
"ME_M_1",-0.05018959
"ME_M_1",-0.006305728
"ME_M_1",0.0147749
"ME_M_1",0.02025189
"ME_M_1",0.03024012
"ME_M_1",0.06510279
"ME_M_1",0.0246119
"ME_M_1",-0.08385012
"ME_M_1",-0.06706376
"ME_M_1",-0.04606639
"ME_M_1",-0.0359838
"ME_M_1",0.04762556
"ME_M_1",-0.02167673
"ME_M_1",-0.008933095
"ME_M_1",-0.1049033
"ME_M_1",-0.03310552
"ME_M_1",-0.01659524
"ME_M_1",-0.009063617
"ME_M_1",-0.06832471
"ME_M_1",0.00420358
"ME_M_1",0.0124698
"ME_M_1",0.07201652
"ME_M_1",0.0155803
"ME_M_1",-0.03427002
"ME_M_1",-0.05310908
"ME_M_1",-0.04898791
"ME_M_1",-0.02057302
"ME_M_1",-0.0007590111
"ME_M_1",0.0502949
"ME_M_1",0.03013263
"ME_M_1",-0.02624471
"ME_M_1",-0.05728645
"ME_M_1",-0.05653635
"ME_M_1",-0.01023131
"ME_M_1",0.02280606
"ME_M_1",-0.007539812
"ME_M_1",0.02905595
"ME_M_1",-0.09931353
"ME_M_1",-0.02992485
"ME_M_1",-0.06772533
"ME_M_1",0.1114263
"ME_M_1",0.1840099
"ME_M_1",0.1197393
"ME_M_1",-0.0004069768
"ME_M_1",0.03249223
"ME_M_1",-0.06073344
"ME_M_1",-0.02514249
"ME_M_1",-0.001333922
"ME_M_1",-0.04790936
"ME_M_1",-0.04788593
"ME_M_1",-0.03994298
"ME_M_1",-0.09045798
"ME_M_1",-0.001433704
"ME_M_1",0.03573658
"ME_M_1",0.0199532
"ME_M_1",-0.02416952
"ME_M_1",-0.01463073
"ME_M_1",0.02304805
"ME_M_1",-0.002202424
"ME_M_1",0.01379385
"ME_M_1",-0.03220757
"ME_M_1",-0.02202885
"ME_M_1",0.05257983
"ME_M_1",0.005041649
"ME_M_1",-0.02123968
"ME_M_1",-0.02104424
"ME_M_1",0.001362592
"ME_M_1",-0.02851216
"ME_M_1",-0.07221506
"ME_M_1",-0.09129411
"ME_M_1",-0.1992416
"ME_M_1",-0.1235818
"ME_M_1",0.01066395
"ME_M_1",0.02589753
"ME_M_1",0.04386356
"ME_M_1",0.01543535
"ME_M_1",0.07472468
"ME_M_1",0.07291488
"ME_M_1",0.04514083
"ME_M_1",0.03546593
"ME_M_1",0.03486093
"ME_M_1",-0.164187
"ME_M_1",-0.003841147
"ME_M_1",0.06001712
"ME_M_1",0.04056399
"ME_M_1",0.00131347
"ME_M_1",-0.005533649
"ME_M_1",0.008677194
"ME_M_1",0.03141126
"ME_M_1",0.005471553
"ME_M_1",-0.1276127
"ME_M_1",-0.03222579
"ME_M_1",-0.02451129
"ME_M_1",-0.02241458
"ME_M_1",-0.03357042
"ME_M_1",0.002961162
"ME_M_1",0.02970343
"ME_M_1",0.02484223
"ME_M_1",-0.01963913
"ME_M_1",-0.005899204
"ME_M_1",0.02638588
"ME_M_1",0.008187053
"ME_M_1",-0.01282466
"ME_M_1",0.03970051
"ME_M_1",0.04160481
"ME_M_1",0.004404533
"ME_M_1",0.01460155
"ME_M_1",0.02768369
"ME_M_1",-0.02982741
"ME_M_1",0.05934053
"ME_M_1",-0.0059646
"ME_M_1",0.02169363
"ME_M_1",-0.0293555
"ME_M_1",-0.01374232
"ME_M_1",0.01269343
"ME_M_1",-0.01953286
"ME_M_1",0.03358629
"ME_M_1",-0.07845739
"ME_M_1",0.002023262
"ME_M_1",-0.04708234
"ME_M_1",-0.03193942
"ME_M_1",-0.08626536
"ME_M_1",-0.01023164
"ME_M_1",-0.05345213
"ME_M_1",-0.08296587
"ME_M_1",-0.01441659
"ME_M_1",0.007947629
"ME_M_1",0.01225211
"ME_M_1",-0.02317807
"ME_M_1",-0.01145597
"ME_M_1",-0.07581104
"ME_M_1",0.01377136
"ME_M_1",0.0813138
"ME_M_1",-0.02819839
"ME_M_1",0.07524584
"ME_M_1",0.001720243
"ME_M_1",-0.03984976
"ME_M_1",-0.07024427
"ME_M_1",0.0047381
"ME_M_1",-0.01129942
"ME_M_1",-0.01765086
"ME_M_1",-0.01757348
"ME_M_1",-0.0577306
"ME_M_1",-0.01511456
"ME_M_1",0.02347585
"ME_M_1",0.04540006
"ME_M_1",-0.00739478
"ME_M_1",0.1020525
"ME_M_1",0.09775338
"ME_M_1",-0.0006638318
"ME_M_1",0.02300792
"ME_M_1",-0.0455882
"ME_M_1",-0.0464575
"ME_M_1",0.0614088
"ME_M_1",-0.01508591
"ME_M_1",-0.1660547
"ME_M_1",-0.1559074
"ME_M_1",-0.1030055
"ME_M_1",-0.06145385
"ME_M_1",0.0528626
"ME_M_1",0.09547765
"ME_M_1",0.04396552
"ME_M_1",-0.01872736
"ME_M_1",-0.0004363246
"ME_M_1",-0.02465235
"ME_M_1",0.03284334
"ME_M_1",-0.03601521
"ME_M_1",0.01108773
"ME_M_1",0.05784215
"ME_M_1",0.02999373
"ME_M_1",-0.02451312
"ME_M_1",-0.0257937
"ME_M_1",0.009961466
"ME_M_1",-0.007276017
"ME_M_1",-0.007371552
"ME_M_1",-0.02140009
"ME_M_1",-0.09356771
"ME_M_1",-0.03046171
"ME_M_1",0.02238657
"ME_M_1",-0.05209102
"ME_M_1",0.03374433
"ME_M_1",0.016351
"ME_M_1",0.01097542
"ME_M_1",-0.02095469
"ME_M_1",-0.02681102
"ME_M_1",-0.02935791
"ME_M_1",0.1124191
"ME_M_1",-0.01757251
"ME_M_1",0.03182394
"ME_M_1",0.02748373
"ME_M_1",-0.2531506
"ME_M_1",-0.006129235
"ME_M_1",-0.02283859
"ME_M_1",0.01940376
"ME_M_1",0.0167927
"ME_M_1",-0.04722663
"ME_M_1",-0.01814798
"ME_M_1",0.01234998
"ME_M_1",0.04367404
"ME_M_1",-0.05193492
"ME_M_1",-0.06946629
"ME_M_1",-0.07517788
"ME_M_1",-0.05993346
"ME_M_1",-0.06146574
"ME_M_1",0.01278871
"ME_M_1",0.07332191
"ME_M_1",0.02272046
"ME_M_2",-0.1272185
"ME_M_2",-0.05770534
"ME_M_2",0.1043165
"ME_M_2",0.09570317
"ME_M_2",0.1008923
"ME_M_2",0.1696612
"ME_M_2",0.1693516
"ME_M_2",0.1292773
"ME_M_2",0.04893471
"ME_M_2",0.02296925
"ME_M_2",0.06697775
"ME_M_2",-0.01092839
"ME_M_2",-0.07628383
"ME_M_2",-0.06535862
"ME_M_2",-0.07678308
"ME_M_2",-0.0438331
"ME_M_2",-0.08271725
"ME_M_2",-0.07702124
"ME_M_2",-0.1906051
"ME_M_2",-0.09178044
"ME_M_2",-0.02125463
"ME_M_2",-0.07564665
"ME_M_2",-0.09994546
"ME_M_2",-0.166607
"ME_M_2",-0.2380089
"ME_M_2",-0.2016154
"ME_M_2",-0.09742113
"ME_M_2",0.06545869
"ME_M_2",0.1899464
"ME_M_2",0.1463095
"ME_M_2",0.02104753
"ME_M_2",-0.02024395
"ME_M_2",0.00801447
"ME_M_2",0.07211525
"ME_M_2",0.09516613
"ME_M_2",0.1316758
"ME_M_2",0.05696675
"ME_M_2",0.05834563
"ME_M_2",0.05059458
"ME_M_2",0.007401599
"ME_M_2",-0.01281028
"ME_M_2",-0.1057491
"ME_M_2",-0.1434429
"ME_M_2",-0.1749652
"ME_M_2",-0.09396826
"ME_M_2",-0.08689306
"ME_M_2",-0.03489526
"ME_M_2",-0.0376059
"ME_M_2",-0.02637466
"ME_M_2",-0.03194663
"ME_M_2",-0.02317425
"ME_M_2",-0.1480211
"ME_M_2",-0.08296651
"ME_M_2",0.01974973
"ME_M_2",0.132708
"ME_M_2",0.08637479
"ME_M_2",-0.1763593
"ME_M_2",-0.1644125
"ME_M_2",-0.1177092
"ME_M_2",0.008972928
"ME_M_2",-0.06111952
"ME_M_2",0.002766959
"ME_M_2",-0.02961203
"ME_M_2",0.00640545
"ME_M_2",0.004194835
"ME_M_2",0.09617449
"ME_M_2",0.1093962
"ME_M_2",0.2283495
"ME_M_2",0.1603745
"ME_M_2",-0.02081953
"ME_M_2",-0.1344057
"ME_M_2",-0.1312913
"ME_M_2",0.04968573
"ME_M_2",-0.1327935
"ME_M_2",-0.1469653
"ME_M_2",-0.2100159
"ME_M_2",-0.276639
"ME_M_2",-0.0408998
"ME_M_2",0.3803403
"ME_M_2",0.4264875
"ME_M_2",0.3671268
"ME_M_2",-0.02526443
"ME_M_2",-0.175641
"ME_M_2",-0.1733267
"ME_M_2",-0.1028101
"ME_M_2",-0.04470327
"ME_M_2",0.01317385
"ME_M_2",-0.05447334
"ME_M_2",-0.1125757
"ME_M_2",-0.1454415
"ME_M_2",-0.06331109
"ME_M_2",-0.01720109
"ME_M_2",-0.02629104
"ME_M_2",-0.02213597
"ME_M_2",0.04576313
"ME_M_2",-0.04586146
"ME_M_2",-0.003125066
"ME_M_2",0.02709709
"ME_M_2",0.01220819
"ME_M_2",0.03488639
"ME_M_2",0.06804927
"ME_M_2",-0.0909584
"ME_M_2",-0.0897011
"ME_M_2",-0.04978906
"ME_M_2",-0.005475647
"ME_M_2",-0.06406438
"ME_M_2",0.07374133
"ME_M_2",-0.01403855
"ME_M_2",0.02858374
"ME_M_2",0.013265
"ME_M_2",-0.02823761
"ME_M_2",-0.01725331
"ME_M_2",0.03362563
"ME_M_2",-0.02149704
"ME_M_2",-0.05085775
"ME_M_2",-0.05666525
"ME_M_2",-0.07090428
"ME_M_2",-0.06539027
"ME_M_2",-0.04527051
"ME_M_2",-0.06291278
"ME_M_2",-0.02306723
"ME_M_2",0.007890075
"ME_M_2",0.02074398
"ME_M_2",0.04312658
"ME_M_2",0.05323964
"ME_M_2",0.06024548
"ME_M_2",0.03802891
"ME_M_2",-0.01156718
"ME_M_2",-0.04091465
"ME_M_2",-0.03654786
"ME_M_2",0.05265264
"ME_M_2",0.04478364
"ME_M_2",0.05331393
"ME_M_2",0.05438857
"ME_M_2",-0.03304713
"ME_M_2",-0.03956619
"ME_M_2",-0.08289559
"ME_M_2",-0.04609218
"ME_M_2",-0.03523446
"ME_M_2",0.009337004
"ME_M_2",0.02700831
"ME_M_2",0.06103081
"ME_M_2",-0.004746027
"ME_M_2",-0.01149349
"ME_M_2",-0.04526011
"ME_M_2",-0.02672523
"ME_M_2",0.06626612
"ME_M_2",0.08690526
"ME_M_2",-0.2200589
"ME_M_2",-0.1807245
"ME_M_2",-0.02380972
"ME_M_2",-0.01392948
"ME_M_2",0.07487844
"ME_M_2",0.04967315
"ME_M_2",-0.00350025
"ME_M_2",-0.0115352
"ME_M_2",0.1415562
"ME_M_2",0.09335613
"ME_M_2",0.1365547
"ME_M_2",0.1626396
"ME_M_2",0.1575092
"ME_M_2",0.02160428
"ME_M_2",-0.04858913
"ME_M_2",-0.1973596
"ME_M_2",-0.2707165
"ME_M_2",-0.2429297
"ME_M_2",-0.2266489
"ME_M_2",-0.11423
"ME_M_2",-0.09466798
"ME_M_2",-0.05360266
"ME_M_2",0.03063507
"ME_M_2",0.04227853
"ME_M_2",-0.1073349
"ME_M_2",-0.2417819
"ME_M_2",-0.3021394
"ME_M_2",-0.3457642
"ME_M_2",-0.002729431
"ME_M_2",0.1027908
"ME_M_2",0.09645993
"ME_M_2",0.1917976
"ME_M_2",0.01818253
"ME_M_2",0.1789456
"ME_M_2",0.1638698
"ME_M_2",0.06220983
"ME_M_2",-0.0005748086
"ME_M_2",-0.1040733
"ME_M_2",-0.1213837
"ME_M_2",-0.1034768
"ME_M_2",-0.05173721
"ME_M_2",-0.09285517
"ME_M_2",-0.1037565
"ME_M_2",-0.1128053
"ME_M_2",-0.0993377
"ME_M_2",0.01018132
"ME_M_2",0.1677956
"ME_M_2",0.05430925
"ME_M_2",-0.05566237
"ME_M_2",-0.07971829
"ME_M_2",-0.0716041
"ME_M_2",0.05863206
"ME_M_2",0.06402545
"ME_M_2",0.0589567
"ME_M_2",-0.06261501
"ME_M_2",-0.1146196
"ME_M_2",-0.3775788
"ME_M_2",-0.2972054
"ME_M_2",0.06673031
"ME_M_2",0.1462573
"ME_M_2",0.362301
"ME_M_2",0.3321329
"ME_M_2",0.1664353
"ME_M_2",0.04050989
"ME_M_2",-0.1671629
"ME_M_2",-0.1346541
"ME_M_2",-0.06546608
"ME_M_2",0.03666579
"ME_M_2",0.1213911
"ME_M_2",0.06610741
"ME_M_2",-0.02823899
"ME_M_2",0.03153972
"ME_M_2",-0.02920222
"ME_M_2",-0.07627982
"ME_M_2",-0.03660046
"ME_M_2",-0.09003194
"ME_M_2",-0.1133366
"ME_M_2",-0.06496182
"ME_M_2",-0.04112227
"ME_M_2",-0.1258714
"ME_M_2",-0.1419662
"ME_M_2",-0.04654054
"ME_M_2",0.03033157
"ME_M_2",0.004938897
"ME_M_2",-0.01314764
"ME_M_2",-0.03909902
"ME_M_2",-0.1280197
"ME_M_2",-0.07680462
"ME_M_2",-0.07016996
"ME_M_2",-0.06147866
"ME_M_2",-0.01159567
"ME_M_2",-0.02599941
"ME_M_2",-0.08639394
"ME_M_2",-0.04056932
"ME_M_2",0.009876123
"ME_M_2",0.05967423
"ME_M_2",0.1349176
"ME_M_2",0.03538001
"ME_M_2",0.01079909
"ME_M_2",-0.05306779
"ME_M_2",-0.02326548
"ME_M_2",0.07169895
"ME_M_2",0.04402141
"ME_M_2",0.1081122
"ME_M_2",0.0004851297
"ME_M_2",-0.05752394
"ME_M_2",-0.07316881
"ME_M_2",-0.0436336
"ME_M_2",-0.01159145
"ME_M_2",-0.01489303
"ME_M_2",-0.03323763
"ME_M_2",-0.06983849
"ME_M_2",-0.06088561
"ME_M_2",-0.03778067
"ME_M_2",-0.1109932
"ME_M_2",-0.1553709
"ME_M_2",-0.09502061
"ME_M_2",0.03391491
"ME_M_2",0.0934758
"ME_M_2",0.03005238
"ME_M_2",-0.03435477
"ME_M_2",0.04367054
"ME_M_2",-0.02032561
"ME_M_2",-0.06206219
"ME_M_2",-0.01365078
"ME_M_2",-0.002510965
"ME_M_2",-0.005912066
"ME_M_2",-0.07120694
"ME_M_2",-0.04854483
"ME_M_2",-0.03036441
"ME_M_2",-0.02546595
"ME_M_2",0.03587839
"ME_M_2",-0.08093731
"ME_M_2",-0.2378883
"ME_M_2",-0.2028998
"ME_M_2",-0.1073246
"ME_M_2",0.08131504
"ME_M_2",0.1282035
"ME_M_2",0.04954585
"ME_M_2",0.1001357
"ME_M_2",-0.04878877
"ME_M_2",-0.02240767
"ME_M_2",0.05447838
"ME_M_2",0.05051468
"ME_M_2",0.04733735
"ME_M_2",0.09211273
"ME_M_2",0.06993187
"ME_M_2",0.01825009
"ME_M_2",-0.1190651
"ME_M_2",-0.1798088
"ME_M_2",0.06389815
"ME_M_2",0.05746749
"ME_M_2",0.1765831
"ME_M_2",-0.008090325
"ME_M_2",-0.1315067
"ME_M_2",-0.1467271
"ME_M_2",-0.1325059
"ME_M_2",-0.168632
"ME_M_2",-0.3395662
"ME_M_2",-0.3154063
"ME_M_2",-0.1233443
"ME_M_2",-0.02276927
"ME_M_2",0.03267124
"ME_M_2",0.03826518
"ME_M_2",-0.1235252
"ME_M_2",-0.06704725
"ME_M_2",-0.2149872
"ME_M_2",-0.03416531
"ME_M_2",0.2024029
"ME_M_2",0.3209051
"ME_M_2",0.2467951
"ME_M_2",0.02964836
"ME_M_2",-0.2378933
"ME_M_2",-0.2351606
"ME_M_2",-0.135281
"ME_M_2",0.01299682
"ME_M_2",-0.03781462
"ME_M_2",0.0645158
"ME_M_2",0.08292121
"ME_M_2",0.03894314
"ME_M_2",-0.2882719
"ME_M_2",-0.2997644
"ME_M_2",-0.09012094
"ME_M_2",0.1994348
"ME_M_2",0.2986525
"ME_M_2",0.2082568
"ME_M_2",0.06355172
"ME_M_2",0.06261623
"ME_M_2",0.03020804
"ME_M_2",0.03602042
"ME_M_2",-0.07443652
"ME_M_2",-0.000702709
"ME_M_2",0.06389404
"ME_M_2",0.02058006
"ME_M_2",0.06126816
"ME_M_2",0.0447331
"ME_M_2",-0.03068577
"ME_M_2",-0.01114736
"ME_M_2",-0.04131345
"ME_M_2",0.008341268
"ME_M_2",-0.05976479
"ME_M_2",-0.08857067
"ME_M_2",-0.06595285
"ME_M_2",-0.07898082
"ME_M_2",-0.08683152
"ME_M_2",-0.04361606
"ME_M_2",-0.03947099
"ME_M_2",-0.07511114
"ME_M_2",-0.03525811
"ME_M_2",-0.09102997
"ME_M_2",-0.02240778
"ME_M_2",-0.001955867
"ME_M_2",0.009726182
"ME_M_2",0.02599024
"ME_M_2",-0.02135283
"ME_M_2",0.009813409
"ME_M_2",0.03291949
"ME_M_2",-0.031057
"ME_M_2",-0.08302234
"ME_M_2",-0.1120172
"ME_M_2",-0.09712645
"ME_M_2",-0.1165094
"ME_M_2",-0.1382929
"ME_M_2",-0.002023835
"ME_M_2",0.05802789
"ME_M_2",0.06976904
"ME_M_2",-0.01435826
"ME_M_2",-0.02298007
"ME_M_2",0.02322659
"ME_M_2",0.132548
"ME_M_2",0.1150828
"ME_M_2",0.01754633
"ME_M_2",-0.1088075
"ME_M_2",-0.1429113
"ME_M_2",-0.1655678
"ME_M_2",-0.1334315
"ME_M_2",-0.05086482
"ME_M_2",-0.1819082
"ME_M_2",-0.2638823
"ME_M_2",-0.1278835
"ME_M_2",0.04813285
"ME_M_2",0.2566969
"ME_M_2",0.3365968
"ME_M_2",0.2486552
"ME_M_2",-0.08106694
"ME_M_2",-0.3942095
"ME_M_2",-0.3608401
"ME_M_2",0.06222415
"ME_M_2",0.2558565
"ME_M_2",0.258108
"ME_M_2",0.0324593
"ME_M_2",-0.1563835
"ME_M_2",-0.2223691
"ME_M_2",-0.0689957
"ME_M_2",0.1350824
"ME_M_2",0.2211365
"ME_M_2",0.1276461
"ME_M_2",-0.2909852
"ME_M_2",-0.2648331
"ME_M_2",-0.08951776
"ME_M_2",0.1583066
"ME_M_2",0.1815115
"ME_M_2",0.1337959
"ME_M_2",-0.323349
"ME_M_2",-0.400804
"ME_M_2",-0.3341493
"ME_M_2",-0.09683758
"ME_M_2",0.06672214
"ME_M_2",0.1148907
"ME_M_2",-0.06889963
"ME_M_2",-0.048209
"ME_M_2",0.01095893
"ME_M_2",0.02240207
"ME_M_2",0.2293098
"ME_M_2",0.3228229
"ME_M_2",0.2900798
"ME_M_2",0.07609129
"ME_M_2",-0.06162203
"ME_M_2",-0.2050123
"ME_M_2",-0.1492178
"ME_M_2",-0.03213266
"ME_M_2",-0.002733821
"ME_M_2",-0.07684492
"ME_M_2",-0.132557
"ME_M_2",-0.2173318
"ME_M_2",-0.2083145
"ME_M_2",-0.08339302
"ME_M_2",-0.01394702
"ME_M_2",0.03712031
"ME_M_2",-0.03656457
"ME_M_2",0.04688987
"ME_M_2",0.05922411
"ME_M_2",-0.03936252
"ME_M_2",-0.07465594
"ME_M_2",-0.1296202
"ME_M_2",-0.2219275
"ME_M_2",-0.176628
"ME_M_2",-0.04994707
"ME_M_2",0.02603412
"ME_M_2",-0.04415641
"ME_M_2",0.04346045
"ME_M_2",-0.04764231
"ME_M_2",0.01525784
"ME_M_2",0.04849965
"ME_M_2",0.06258704
"ME_M_2",0.07656448
"ME_M_2",0.004646968
"ME_M_2",-0.07148457
"ME_M_2",-0.06255894
"ME_M_2",0.002152005
"ME_M_2",0.01522075
"ME_M_2",0.04603222
"ME_M_2",-0.1159075
"ME_M_2",-0.1876104
"ME_M_2",-0.1549532
"ME_M_2",-0.1343711
"ME_M_2",-0.187201
"ME_M_2",-0.2703817
"ME_M_2",-0.2601503
"ME_M_2",-0.08894452
"ME_M_2",0.01677364
"ME_M_2",0.09881487
"ME_M_2",0.06912256
"ME_M_2",0.0723135
"ME_M_2",-0.100128
"ME_M_2",-0.07221123
"ME_M_2",0.07938555
"ME_M_2",-0.04773682
"ME_M_2",-0.1004142
"ME_M_2",0.06078766
"ME_M_2",0.01215699
"ME_M_2",0.02013343
"ME_M_2",0.1456826
"ME_M_2",0.1717932
"ME_M_2",-0.02196394
"ME_M_2",-0.09105324
"ME_M_2",0.004720543
"ME_M_2",-0.07793355
"ME_M_2",0.01136129
"ME_M_2",0.0002478836
"ME_M_2",-0.04982447
"ME_M_2",0.008329491
"ME_M_2",0.05078238
"ME_M_2",0.01877086
"ME_M_2",0.0224195
"ME_M_2",-0.1092672
"ME_M_2",-0.08040453
"ME_M_2",0.1009922
"ME_M_2",0.08584033
"ME_M_2",0.1054964
"ME_M_2",0.1358102
"ME_M_2",0.07442171
"ME_M_2",-0.1592971
"ME_M_2",-0.1926705
"ME_M_2",-0.1756277
"ME_M_2",-0.005035155
"ME_M_2",0.04166862
"ME_M_2",-0.03179181
"ME_M_2",0.01019461
"ME_M_2",0.03742217
"ME_M_2",-0.07824032
"ME_M_2",-0.0168517
"ME_M_2",-0.01206221
"ME_M_2",-0.05977436
"ME_M_2",-0.04027408
"ME_M_2",-0.05992918
"ME_M_2",-0.06189892
"ME_M_2",-0.3275726
"ME_M_2",-0.2147466
"ME_M_2",-0.0759546
"ME_M_2",0.1082524
"ME_M_2",0.1200384
"ME_M_2",0.01192359
"ME_M_2",-0.08959559
"ME_M_2",-0.05602758
"ME_M_2",-0.01697511
"ME_M_2",-0.03798962
"ME_M_2",-0.0514403
"ME_M_2",-0.08621529
"ME_M_2",-0.2269223
"ME_M_2",-0.2859036
"ME_M_2",-0.2080668
"ME_M_2",0.1208095
"ME_M_2",0.07646796
"ME_M_2",0.08287726
"ME_M_2",-0.04653466
"ME_M_2",-0.1460101
"ME_M_2",-0.1632658
"ME_M_2",-0.1107523
"ME_M_2",-0.09225145
"ME_M_2",0.001956865
"ME_M_2",-0.01641529
"ME_M_2",0.1109617
"ME_M_2",0.109858
"ME_M_2",0.11116
"ME_M_2",0.1624546
"ME_M_2",0.02415477
"ME_M_2",-0.02150494
"ME_M_2",0.04117649
"ME_M_2",0.09777941
"ME_M_2",0.036319
"ME_M_2",-0.001397893
"ME_M_2",-0.02337329
"ME_M_2",-0.05646693
"ME_M_2",-0.02056315
"ME_M_2",-0.04426027
"ME_M_2",-0.04495022
"ME_M_2",0.007360782
"ME_M_2",0.009242787
"ME_M_2",-0.01737157
"ME_M_2",-0.03044667
"ME_M_2",-0.05700341
"ME_M_2",-0.04769634
"ME_M_2",-0.03143463
"ME_M_2",-0.06547802
"ME_M_2",-0.04984437
"ME_M_2",-0.04969471
"ME_M_2",-0.02287403
"ME_M_2",-0.06291399
"ME_M_2",-0.0182189
"ME_M_2",0.0111261
"ME_M_2",0.02792976
"ME_M_2",0.03867152
"ME_M_2",-0.01701356
"ME_M_2",-0.03833856
"ME_M_2",0.006496081
"ME_M_2",0.06518877
"ME_M_2",0.03737337
"ME_M_2",0.09990476
"ME_M_2",0.02977549
"ME_M_2",-0.0305953
"ME_M_2",-0.04143546
"ME_M_2",-0.1041786
"ME_M_2",-0.04035074
"ME_M_2",0.05113988
"ME_M_2",0.02706685
"ME_M_2",-0.006779231
"ME_M_2",0.02732041
"ME_M_2",-0.04754002
"ME_M_2",-0.007215003
"ME_M_2",-0.07331714
"ME_M_2",0.02721244
"ME_M_2",0.1095875
"ME_M_2",0.06336094
"ME_M_2",0.0124611
"ME_M_2",-0.02091267
"ME_M_2",-0.06623564
"ME_M_2",-0.04001378
"ME_M_2",-0.03731231
"ME_M_2",0.04570184
"ME_M_2",0.06423069
"ME_M_2",0.07635151
"ME_M_2",-0.09143227
"ME_M_2",-0.1059625
"ME_M_2",-0.09297813
"ME_M_2",-0.05038341
"ME_M_2",-0.1130202
"ME_M_2",-0.02376416
"ME_M_2",0.06822249
"ME_M_2",0.1880767
"ME_M_2",0.103407
"ME_M_2",-0.1826551
"ME_M_2",-0.2128764
"ME_M_2",-0.09677403
"ME_M_2",-0.04112262
"ME_M_2",0.1417284
"ME_M_2",0.2241496
"ME_M_2",-0.005686652
"ME_M_2",-0.07874195
"ME_M_2",-0.1968663
"ME_M_2",-0.2345397
"ME_M_2",-0.1277209
"ME_M_2",0.05091733
"ME_M_2",0.1361642
"ME_M_2",0.04614571
"ME_M_2",-0.01015577
"ME_M_2",-0.01064869
"ME_M_2",-0.009058126
"ME_M_2",0.03934084
"ME_M_2",0.05035035
"ME_M_2",0.09445716
"ME_M_2",0.0829021
"ME_M_2",0.01533209
"ME_M_2",-0.02883442
"ME_M_2",0.08188913
"ME_M_2",0.2172825
"ME_M_2",0.1986378
"ME_M_2",-0.02469649
"ME_M_2",-0.2175775
"ME_M_2",-0.1553472
"ME_M_2",-0.05616175
"ME_M_2",0.02402942
"ME_M_2",0.03290413
"ME_M_2",0.07419741
"ME_M_2",0.0497214
"ME_M_2",-0.1223974
"ME_M_2",-0.2136373
"ME_M_2",-0.2407722
"ME_M_2",-0.1923628
"ME_M_2",-0.03821802
"ME_M_2",-0.06799814
"ME_M_2",-0.04621243
"ME_M_2",-0.0418391
"ME_M_2",-0.07695216
"ME_M_2",-0.04315322
"ME_M_2",-0.01622405
"ME_M_2",0.03703678
"ME_M_2",0.04710464
"ME_M_2",0.06613768
"ME_M_2",0.04991107
"ME_M_2",0.1702634
"ME_M_2",0.1299604
"ME_M_2",0.09278847
"ME_M_2",0.020096
"ME_M_2",-0.01081815
"ME_M_2",-0.0277605
"ME_M_2",-0.133442
"ME_M_2",-0.1267482
"ME_M_2",-0.09061953
"ME_M_2",-0.1473358
"ME_M_2",-0.05708817
"ME_M_2",-0.09529063
"ME_M_2",-0.1321383
"ME_M_2",0.0601092
"ME_M_2",0.2171355
"ME_M_2",0.2151885
"ME_M_2",0.203668
"ME_M_2",0.1037005
"ME_M_2",0.08923492
"ME_M_2",0.1323781
"ME_M_2",0.03521116
"ME_M_2",0.008832864
"ME_M_2",0.01115218
"ME_M_2",-0.06235836
"ME_M_2",-0.04568524
"ME_M_2",0.06663376
"ME_M_2",0.05375744
"ME_M_2",0.1025042
"ME_M_2",0.001544245
"ME_M_2",0.02394989
"ME_M_2",-0.05077253
"ME_M_2",-0.1703305
"ME_M_2",-0.1374067
"ME_M_2",0.06110379
"ME_M_2",0.05337486
"ME_M_2",0.01699945
"ME_M_2",-0.09829649
"ME_M_2",-0.04277967
"ME_M_2",0.04053495
"ME_M_2",0.03231092
"ME_M_2",0.1433222
"ME_M_2",-0.07070945
"ME_M_2",-0.1108404
"ME_M_2",0.0003626719
"ME_M_2",-0.0489856
"ME_M_2",-0.1023876
"ME_M_2",-0.003498748
"ME_M_2",0.1105149
"ME_M_2",0.1455159
"ME_M_2",-0.01530975
"ME_M_2",-0.1346839
"ME_M_2",-0.150903
"ME_M_2",-0.04542082
"ME_M_2",-0.01194935
"ME_M_2",-0.02731531
"ME_M_2",-0.03066031
"ME_M_2",-0.08357014
"ME_M_2",-0.09592719
"ME_M_2",-0.05551738
"ME_M_2",-0.09978883
"ME_M_2",-0.1012455
"ME_M_2",-0.08181228
"ME_M_2",-0.06177157
"ME_M_2",0.0178629
"ME_M_2",0.09513837
"ME_M_2",-0.104772
"ME_M_2",-0.1593744
"ME_M_2",-0.2093846
"ME_M_2",0.003262088
"ME_M_2",0.1200955
"ME_M_2",0.07384308
"ME_M_2",-0.0136513
"ME_M_2",-0.04522359
"ME_M_2",-0.003165128
"ME_M_2",0.01205124
"ME_M_2",0.02843394
"ME_M_2",-0.05773646
"ME_M_2",-0.01892956
"ME_M_2",-0.05948785
"ME_M_2",0.0239704
"ME_M_2",0.09015314
"ME_M_2",0.1026443
"ME_M_2",0.06412096
"ME_M_2",0.05750394
"ME_M_2",-0.01694772
"ME_M_2",-0.01851583
"ME_M_2",-0.05850064
"ME_M_2",-0.1279678
"ME_M_2",-0.2044467
"ME_M_2",-0.03153131
"ME_M_2",0.04330979
"ME_M_2",0.0286688
"ME_M_2",-0.04120443
"ME_M_2",-0.09861901
"ME_M_2",-0.1255832
"ME_M_2",-0.08972591
"ME_M_2",-0.07134497
"ME_M_2",-0.08270158
"ME_M_2",-0.08122767
"ME_M_2",-0.1238245
"ME_M_2",-0.1178209
"ME_M_2",-0.1247753
"ME_M_2",-0.1728133
"ME_M_2",-0.09424068
"ME_M_2",0.1402304
"ME_M_2",0.01774165
"ME_M_2",-0.03988746
"ME_M_2",0.1277481
"ME_M_2",0.1676769
"ME_M_2",0.1227327
"ME_M_2",0.0149496
"ME_M_2",-0.05270211
"ME_M_2",-0.06744204
"ME_M_2",-0.04103477
"ME_M_2",-0.02601641
"ME_M_2",-0.03810211
"ME_M_2",-0.04532293
"ME_M_2",-0.01225196
"ME_M_2",-0.0384595
"ME_M_2",-0.02586379
"ME_M_2",0.034332
"ME_M_2",0.007470168
"ME_M_2",-0.003170867
"ME_M_2",-0.01040067
"ME_M_2",-0.009814605
"ME_M_2",-0.02138786
"ME_M_2",-0.01403164
"ME_M_2",-0.06015629
"ME_M_2",-0.06317188
"ME_M_2",-0.05084149
"ME_M_2",0.03683371
"ME_M_2",0.0567674
"ME_M_2",0.02932477
"ME_M_2",-0.004285572
"ME_M_2",-0.004195551
"ME_M_2",0.01489851
"ME_M_2",-0.03113392
"ME_M_2",-0.07714878
"ME_M_2",-0.04058269
"ME_M_2",-0.004740985
"ME_M_2",0.05355224
"ME_M_2",0.0954745
"ME_M_2",0.05056757
"ME_M_2",0.05899446
"ME_M_2",-0.05944165
"ME_M_2",-0.01129548
"ME_M_2",-0.2786281
"ME_M_2",-0.2000077
"ME_M_2",-0.1264586
"ME_M_2",0.03242841
"ME_M_2",0.006600863
"ME_M_2",-0.009064868
"ME_M_2",-0.2417965
"ME_M_2",-0.3045678
"ME_M_2",-0.2938252
"ME_M_2",-0.2840277
"ME_M_2",-0.07598661
"ME_M_2",-0.059402
"ME_M_2",-0.2996217
"ME_M_2",0.01545753
"ME_M_2",0.07336184
"ME_M_2",-0.02328368
"ME_M_2",0.03257829
"ME_M_2",-0.008557521
"ME_M_2",-0.003792051
"ME_M_2",0.05373421
"ME_M_2",-0.03815304
"ME_M_2",-0.1542864
"ME_M_2",-0.2210657
"ME_M_2",-0.0977532
"ME_M_2",-0.04518954
"ME_M_2",-0.03606376
"ME_M_2",-0.002003435
"ME_M_2",0.1651542
"ME_M_2",0.05074655
"ME_M_2",-0.0951545
"ME_M_2",-0.07450418
"ME_M_2",-0.04305987
"ME_M_2",0.06745813
"ME_M_2",0.1184361
"ME_M_2",0.01520731
"ME_M_2",-0.08629788
"ME_M_2",-0.1163388
"ME_M_2",-0.1381769
"ME_M_2",-0.03798574
"ME_M_2",-0.0125861
"ME_M_2",0.04899178
"ME_M_2",0.005520537
"ME_M_2",0.05870106
"ME_M_2",-0.03037307
"ME_M_2",-0.002778731
"ME_M_2",0.04307817
"ME_M_2",0.1627049
"ME_M_2",0.1263333
"ME_M_2",0.0958982
"ME_M_2",0.01455366
"ME_M_2",0.01422066
"ME_M_2",-0.02727901
"ME_M_2",-0.01488914
"ME_M_2",0.05971834
"ME_M_2",-0.006411429
"ME_M_2",0.03651486
"ME_M_2",0.101334
"ME_M_2",0.04495379
"ME_M_2",-0.05467165
"ME_M_2",-0.08707956
"ME_M_2",-0.0309124
"ME_M_2",-0.05333407
"ME_M_2",0.1704899
"ME_M_2",0.09027411
"ME_M_2",-0.08005207
"ME_M_2",-0.1737227
"ME_M_2",-0.2502226
"ME_M_2",-0.08378083
"ME_M_2",-0.00570197
"ME_M_2",0.08331871
"ME_M_2",0.177435
"ME_M_2",0.1111249
"ME_M_2",0.02475777
"ME_M_3",0.0405725
"ME_M_3",0.05461171
"ME_M_3",-0.004498892
"ME_M_3",-0.003596944
"ME_M_3",-0.03624956
"ME_M_3",-0.05240023
"ME_M_3",-0.05684265
"ME_M_3",-0.09082211
"ME_M_3",-0.06457262
"ME_M_3",-0.08127341
"ME_M_3",-0.04231565
"ME_M_3",-0.03067618
"ME_M_3",-0.03911259
"ME_M_3",-0.0596135
"ME_M_3",-0.1203328
"ME_M_3",-0.1286461
"ME_M_3",-0.03099345
"ME_M_3",0.07225369
"ME_M_3",-0.1354234
"ME_M_3",-0.06200595
"ME_M_3",0.02087175
"ME_M_3",-0.01776229
"ME_M_3",0.1665838
"ME_M_3",0.1117409
"ME_M_3",0.0420864
"ME_M_3",-0.01296743
"ME_M_3",-0.1278329
"ME_M_3",-0.03949632
"ME_M_3",0.01522737
"ME_M_3",-0.003054433
"ME_M_3",0.01998591
"ME_M_3",-0.03796555
"ME_M_3",-0.009184454
"ME_M_3",-0.01630153
"ME_M_3",0.07251636
"ME_M_3",0.01980531
"ME_M_3",0.0006201938
"ME_M_3",-0.0006661136
"ME_M_3",-0.03810509
"ME_M_3",0.03168797
"ME_M_3",0.01424042
"ME_M_3",0.02480566
"ME_M_3",-0.04529015
"ME_M_3",-0.06067778
"ME_M_3",-0.05589435
"ME_M_3",-0.007652778
"ME_M_3",-0.03270761
"ME_M_3",0.02644785
"ME_M_3",0.04073462
"ME_M_3",0.03156468
"ME_M_3",-0.003974773
"ME_M_3",-0.06372572
"ME_M_3",-0.1022266
"ME_M_3",-0.1093156
"ME_M_3",-0.07840891
"ME_M_3",-0.0368368
"ME_M_3",0.01339101
"ME_M_3",-0.05800632
"ME_M_3",-0.09926139
"ME_M_3",-0.01523793
"ME_M_3",0.04932342
"ME_M_3",0.01520074
"ME_M_3",0.09009822
"ME_M_3",-0.02495328
"ME_M_3",-0.02781648
"ME_M_3",-0.03750257
"ME_M_3",-0.03608825
"ME_M_3",0.05829665
"ME_M_3",0.002058942
"ME_M_3",-0.01281367
"ME_M_3",0.0008736327
"ME_M_3",-0.0333897
"ME_M_3",-0.03497495
"ME_M_3",0.01648534
"ME_M_3",0.008762456
"ME_M_3",0.04839338
"ME_M_3",-0.01067995
"ME_M_3",-0.01894289
"ME_M_3",-0.05241964
"ME_M_3",-0.04522404
"ME_M_3",-0.04713677
"ME_M_3",-0.01339003
"ME_M_3",-0.02659745
"ME_M_3",0.01705258
"ME_M_3",0.06977859
"ME_M_3",-0.002501487
"ME_M_3",-0.02210094
"ME_M_3",-0.0540469
"ME_M_3",0.003851343
"ME_M_3",0.07342824
"ME_M_3",0.0153029
"ME_M_3",0.01463748
"ME_M_3",-0.002930801
"ME_M_3",0.01013831
"ME_M_3",0.004086096
"ME_M_3",0.07934752
"ME_M_3",0.07851188
"ME_M_3",0.0276513
"ME_M_3",0.0860009
"ME_M_3",0.01759887
"ME_M_3",0.0004590731
"ME_M_3",-0.1732466
"ME_M_3",-0.05782688
"ME_M_3",-0.05348288
"ME_M_3",0.0568581
"ME_M_3",0.01298863
"ME_M_3",-0.03595173
"ME_M_3",-0.1086009
"ME_M_3",-0.1094394
"ME_M_3",-0.1036942
"ME_M_3",-0.03171001
"ME_M_3",0.05219457
"ME_M_3",-0.007472344
"ME_M_3",-0.05970163
"ME_M_3",-0.03213204
"ME_M_3",0.0001759939
"ME_M_3",-0.01130246
"ME_M_3",0.09629107
"ME_M_3",-0.0333405
"ME_M_3",-0.06375408
"ME_M_3",-0.02860903
"ME_M_3",0.06409451
"ME_M_3",0.01951282
"ME_M_3",0.0254383
"ME_M_3",0.01739915
"ME_M_3",0.09823232
"ME_M_3",0.01462634
"ME_M_3",0.02558498
"ME_M_3",-0.003433947
"ME_M_3",-0.001858935
"ME_M_3",-0.05433172
"ME_M_3",-0.02445525
"ME_M_3",0.04455353
"ME_M_3",0.0332637
"ME_M_3",0.03571359
"ME_M_3",-0.03536642
"ME_M_3",0.05149202
"ME_M_3",-0.07323355
"ME_M_3",-0.06983285
"ME_M_3",-0.08690557
"ME_M_3",-0.0383103
"ME_M_3",-0.05604848
"ME_M_3",0.04654071
"ME_M_3",-0.06262152
"ME_M_3",-0.08908613
"ME_M_3",0.002575378
"ME_M_3",-0.009846893
"ME_M_3",-0.02300959
"ME_M_3",0.03617515
"ME_M_3",0.04205364
"ME_M_3",-0.03978244
"ME_M_3",-0.04320694
"ME_M_3",-0.05161741
"ME_M_3",-0.03409872
"ME_M_3",0.02366995
"ME_M_3",-0.005340874
"ME_M_3",0.01956704
"ME_M_3",0.0370434
"ME_M_3",0.04112079
"ME_M_3",0.002978783
"ME_M_3",0.0246608
"ME_M_3",0.001023295
"ME_M_3",-0.01407153
"ME_M_3",0.004176453
"ME_M_3",0.1083438
"ME_M_3",0.09285209
"ME_M_3",0.1427663
"ME_M_3",0.1416413
"ME_M_3",0.05170099
"ME_M_3",-0.06831475
"ME_M_3",-0.2528861
"ME_M_3",-0.1607584
"ME_M_3",0.07020614
"ME_M_3",0.03881111
"ME_M_3",-0.04465355
"ME_M_3",0.02763766
"ME_M_3",-0.05987424
"ME_M_3",-0.1064256
"ME_M_3",-0.05210353
"ME_M_3",0.04562946
"ME_M_3",-0.06574701
"ME_M_3",-0.09789243
"ME_M_3",-0.145462
"ME_M_3",-0.2038872
"ME_M_3",-0.09875243
"ME_M_3",-0.0933973
"ME_M_3",-0.05639666
"ME_M_3",-0.004217895
"ME_M_3",0.0338098
"ME_M_3",0.03501061
"ME_M_3",0.04910652
"ME_M_3",-0.0246374
"ME_M_3",-0.03456509
"ME_M_3",-0.02413377
"ME_M_3",0.1031705
"ME_M_3",0.03230545
"ME_M_3",0.03283048
"ME_M_3",0.1059102
"ME_M_3",-0.06919697
"ME_M_3",-0.1015352
"ME_M_3",-0.05211028
"ME_M_3",0.103441
"ME_M_3",0.01123218
"ME_M_3",0.04070259
"ME_M_3",-0.03231561
"ME_M_3",-0.05184279
"ME_M_3",0.02681205
"ME_M_3",0.01192535
"ME_M_3",0.02812506
"ME_M_3",-0.01623779
"ME_M_3",-0.09910364
"ME_M_3",-0.08492058
"ME_M_3",-0.05341933
"ME_M_3",-0.05176948
"ME_M_3",-0.00722456
"ME_M_3",-0.006132322
"ME_M_3",0.02743743
"ME_M_3",-0.009182584
"ME_M_3",-0.01337351
"ME_M_3",-0.04842295
"ME_M_3",0.01828445
"ME_M_3",-0.002295613
"ME_M_3",0.02903779
"ME_M_3",0.02781414
"ME_M_3",-0.009811505
"ME_M_3",-0.02869732
"ME_M_3",-0.002848855
"ME_M_3",0.0006446177
"ME_M_3",-0.0121197
"ME_M_3",0.01733179
"ME_M_3",-0.01470939
"ME_M_3",-0.03785275
"ME_M_3",-0.07084967
"ME_M_3",0.05160934
"ME_M_3",0.02433373
"ME_M_3",0.02788618
"ME_M_3",-0.00960312
"ME_M_3",0.0003295913
"ME_M_3",0.01200675
"ME_M_3",-0.06117935
"ME_M_3",-0.07996482
"ME_M_3",-0.03091365
"ME_M_3",-0.04664476
"ME_M_3",-0.024887
"ME_M_3",0.1607443
"ME_M_3",0.05090673
"ME_M_3",-0.08986622
"ME_M_3",-0.07281293
"ME_M_3",-0.01394604
"ME_M_3",0.1648074
"ME_M_3",0.1939992
"ME_M_3",0.06435072
"ME_M_3",-0.0379086
"ME_M_3",-0.174135
"ME_M_3",-0.1740374
"ME_M_3",-0.07427794
"ME_M_3",0.02490965
"ME_M_3",-0.05210522
"ME_M_3",-0.1452121
"ME_M_3",-0.1030098
"ME_M_3",0.0224949
"ME_M_3",0.1168413
"ME_M_3",0.02270491
"ME_M_3",0.0388021
"ME_M_3",0.004030643
"ME_M_3",0.02111641
"ME_M_3",-0.0127864
"ME_M_3",-0.06436274
"ME_M_3",-0.05982805
"ME_M_3",0.009933153
"ME_M_3",0.05596014
"ME_M_3",0.02362269
"ME_M_3",0.01498216
"ME_M_3",0.02178311
"ME_M_3",-0.009678699
"ME_M_3",-0.01454468
"ME_M_3",0.003245693
"ME_M_3",-0.04066312
"ME_M_3",-0.05369794
"ME_M_3",-0.03042552
"ME_M_3",-0.0844719
"ME_M_3",-0.06479758
"ME_M_3",-0.05840795
"ME_M_3",-0.02677727
"ME_M_3",-0.01484498
"ME_M_3",-0.02301508
"ME_M_3",-0.04838791
"ME_M_3",-0.06647261
"ME_M_3",-0.09379061
"ME_M_3",-0.003353079
"ME_M_3",-0.008649062
"ME_M_3",-0.02096064
"ME_M_3",0.03676832
"ME_M_3",-0.04989021
"ME_M_3",-0.09178384
"ME_M_3",-0.05386063
"ME_M_3",-0.05704329
"ME_M_3",-0.03695908
"ME_M_3",-0.01730719
"ME_M_3",0.02122161
"ME_M_3",0.01800557
"ME_M_3",0.05336151
"ME_M_3",0.06027436
"ME_M_3",0.07467966
"ME_M_3",0.04740164
"ME_M_3",-0.05571207
"ME_M_3",0.01099633
"ME_M_3",0.01281998
"ME_M_3",-0.0310295
"ME_M_3",0.09564011
"ME_M_3",-0.16868
"ME_M_3",-0.02077711
"ME_M_3",0.1085281
"ME_M_3",-0.07493821
"ME_M_3",-0.1246503
"ME_M_3",-0.2187737
"ME_M_3",-0.1028294
"ME_M_3",-0.0109268
"ME_M_3",-0.07171653
"ME_M_3",-0.05890763
"ME_M_3",-0.06882256
"ME_M_3",0.0243001
"ME_M_3",-0.05940163
"ME_M_3",0.02813828
"ME_M_3",0.01289352
"ME_M_3",-0.04702349
"ME_M_3",-0.02642035
"ME_M_3",-0.1351576
"ME_M_3",-0.04825969
"ME_M_3",0.06399063
"ME_M_3",0.04476036
"ME_M_3",0.1288274
"ME_M_3",0.1289847
"ME_M_3",0.02950098
"ME_M_3",-0.01857829
"ME_M_3",0.0004779845
"ME_M_3",-0.08333343
"ME_M_3",0.01464669
"ME_M_3",0.01591569
"ME_M_3",-0.0132738
"ME_M_3",-0.02154069
"ME_M_3",-0.0356424
"ME_M_3",-0.02875066
"ME_M_3",-0.0109948
"ME_M_3",-0.04601414
"ME_M_3",-0.03234917
"ME_M_3",-0.02568447
"ME_M_3",0.03160491
"ME_M_3",0.08169228
"ME_M_3",-0.03350911
"ME_M_3",0.05275971
"ME_M_3",-0.07677213
"ME_M_3",0.05540788
"ME_M_3",0.03509184
"ME_M_3",-0.01348575
"ME_M_3",-0.08125634
"ME_M_3",-0.07789469
"ME_M_3",-0.05480958
"ME_M_3",-0.02046626
"ME_M_3",-0.005131167
"ME_M_3",0.01700738
"ME_M_3",0.001346567
"ME_M_3",-0.001516262
"ME_M_3",-0.04787938
"ME_M_3",-0.06714161
"ME_M_3",3.41069E-05
"ME_M_3",-0.03592514
"ME_M_3",-0.0208572
"ME_M_3",-0.04053251
"ME_M_3",-0.0344841
"ME_M_3",-0.01929562
"ME_M_3",0.01638405
"ME_M_3",0.03755798
"ME_M_3",0.009704605
"ME_M_3",0.009158083
"ME_M_3",0.02909786
"ME_M_3",0.0271599
"ME_M_3",-0.003346972
"ME_M_3",0.106754
"ME_M_3",0.1127485
"ME_M_3",0.02076546
"ME_M_3",0.0347626
"ME_M_3",-0.02606883
"ME_M_3",0.08450492
"ME_M_3",0.0517399
"ME_M_3",0.1379344
"ME_M_3",0.01751629
"ME_M_3",-0.1084461
"ME_M_3",-0.1691915
"ME_M_3",-0.2207726
"ME_M_3",-0.2084518
"ME_M_3",-0.1184853
"ME_M_3",-0.08886426
"ME_M_3",-0.2023873
"ME_M_3",-0.1270391
"ME_M_3",-0.07254347
"ME_M_3",-0.06877036
"ME_M_3",0.01378445
"ME_M_3",-0.003121789
"ME_M_3",-0.02763939
"ME_M_3",-0.04663852
"ME_M_3",0.1024169
"ME_M_3",0.02382302
"ME_M_3",-0.02950503
"ME_M_3",-0.02697764
"ME_M_3",0.01713667
"ME_M_3",0.03693641
"ME_M_3",0.117569
"ME_M_3",0.07825283
"ME_M_3",0.01913642
"ME_M_3",-0.04106637
"ME_M_3",0.07195389
"ME_M_3",0.08866151
"ME_M_3",-0.0236606
"ME_M_3",0.00990623
"ME_M_3",0.02695048
"ME_M_3",-0.02237831
"ME_M_3",0.05269991
"ME_M_3",-0.04488509
"ME_M_3",-0.03282808
"ME_M_3",-0.02600746
"ME_M_3",-0.086608
"ME_M_3",-0.07109424
"ME_M_3",-0.03124692
"ME_M_3",-0.02441246
"ME_M_3",-0.04943365
"ME_M_3",-0.06979925
"ME_M_3",0.04191928
"ME_M_3",0.02434501
"ME_M_3",0.05840303
"ME_M_3",0.03260991
"ME_M_3",-0.04227346
"ME_M_3",-0.03637011
"ME_M_3",-0.02704344
"ME_M_3",-0.01670885
"ME_M_3",0.06974171
"ME_M_3",0.007899914
"ME_M_3",0.06662585
"ME_M_3",-0.006811216
"ME_M_3",0.02757843
"ME_M_3",0.003908228
"ME_M_3",-0.0009053731
"ME_M_3",0.02452826
"ME_M_3",0.005386442
"ME_M_3",0.03742758
"ME_M_3",0.04026202
"ME_M_3",0.04148234
"ME_M_3",0.02547393
"ME_M_3",0.06476037
"ME_M_3",0.04031951
"ME_M_3",0.02326098
"ME_M_3",0.02788923
"ME_M_3",0.04741339
"ME_M_3",-0.03010215
"ME_M_3",-0.02781202
"ME_M_3",-0.03584257
"ME_M_3",0.02322973
"ME_M_3",0.02669843
"ME_M_3",-0.02886391
"ME_M_3",-0.0007023028
"ME_M_3",-0.02148325
"ME_M_3",-0.009995619
"ME_M_3",0.01637191
"ME_M_3",-0.1196512
"ME_M_3",-0.2284633
"ME_M_3",-0.1509319
"ME_M_3",-0.1437588
"ME_M_3",-0.01351622
"ME_M_3",-0.07674818
"ME_M_3",-0.08776622
"ME_M_3",-0.06618468
"ME_M_3",0.04303163
"ME_M_3",0.09658736
"ME_M_3",0.06863107
"ME_M_3",0.01552252
"ME_M_3",-0.08404754
"ME_M_3",-0.1511623
"ME_M_3",-0.06047514
"ME_M_3",0.03116731
"ME_M_3",0.2985583
"ME_M_3",0.1814455
"ME_M_3",-0.05912695
"ME_M_3",-0.1138522
"ME_M_3",-0.1426995
"ME_M_3",-0.002414554
"ME_M_3",-0.01086912
"ME_M_3",-0.02570849
"ME_M_3",-0.07090394
"ME_M_3",-0.01445115
"ME_M_3",0.07791809
"ME_M_3",0.05527566
"ME_M_3",-0.07440636
"ME_M_3",-0.1003935
"ME_M_3",-0.08773524
"ME_M_3",0.02795314
"ME_M_3",0.1805184
"ME_M_3",0.2311694
"ME_M_3",0.34453
"ME_M_3",0.4094069
"ME_M_3",0.2074719
"ME_M_3",0.09262212
"ME_M_3",0.01814302
"ME_M_3",-0.02669594
"ME_M_3",-0.1056587
"ME_M_3",-0.1443933
"ME_M_3",-0.2151212
"ME_M_3",-0.1606786
"ME_M_3",-0.1851852
"ME_M_3",-0.1487351
"ME_M_3",-0.1100434
"ME_M_3",-0.1081169
"ME_M_3",-0.1359391
"ME_M_3",0.07786516
"ME_M_3",-0.01754891
"ME_M_3",-0.01032872
"ME_M_3",-0.0533976
"ME_M_3",-0.02987285
"ME_M_3",-0.04247119
"ME_M_3",-0.04235989
"ME_M_3",0.001160417
"ME_M_3",-0.08378544
"ME_M_3",-0.0433029
"ME_M_3",-0.01508794
"ME_M_3",-0.01128848
"ME_M_3",-0.04135393
"ME_M_3",-0.04740712
"ME_M_3",-0.04705739
"ME_M_3",-0.001846592
"ME_M_3",-0.004015518
"ME_M_3",-0.03940764
"ME_M_3",-0.01725975
"ME_M_3",-0.02791382
"ME_M_3",-0.01053544
"ME_M_3",0.03529998
"ME_M_3",0.07279051
"ME_M_3",0.004780136
"ME_M_3",0.006287843
"ME_M_3",0.06432936
"ME_M_3",0.09202138
"ME_M_3",0.04840115
"ME_M_3",0.119586
"ME_M_3",0.129717
"ME_M_3",0.1291953
"ME_M_3",0.009684689
"ME_M_3",0.120514
"ME_M_3",0.1951093
"ME_M_3",0.1400063
"ME_M_3",0.04174626
"ME_M_3",-0.005400517
"ME_M_3",0.001600769
"ME_M_3",0.01259122
"ME_M_3",-0.07431567
"ME_M_3",-0.1757892
"ME_M_3",-0.1740114
"ME_M_3",-0.1085962
"ME_M_3",0.005670786
"ME_M_3",-0.1155743
"ME_M_3",-0.1617032
"ME_M_3",-0.07662086
"ME_M_3",0.04149322
"ME_M_3",-0.06174716
"ME_M_3",-0.06662022
"ME_M_3",-0.2593691
"ME_M_3",-0.1308548
"ME_M_3",-0.2271825
"ME_M_3",-0.2071789
"ME_M_3",-0.1493265
"ME_M_3",-0.1028532
"ME_M_3",-0.02787828
"ME_M_3",-0.04071325
"ME_M_3",0.02194645
"ME_M_3",0.02740326
"ME_M_3",-0.1320187
"ME_M_3",-0.08303409
"ME_M_3",0.1009371
"ME_M_3",0.09275257
"ME_M_3",-0.05353625
"ME_M_3",-0.01088242
"ME_M_3",0.01958254
"ME_M_3",-0.002566407
"ME_M_3",-0.02757611
"ME_M_3",-0.04289201
"ME_M_3",0.02458283
"ME_M_3",-0.0706903
"ME_M_3",0.07722613
"ME_M_3",0.07451314
"ME_M_3",-0.007006425
"ME_M_3",-0.01125074
"ME_M_3",0.0873214
"ME_M_3",0.02216598
"ME_M_3",-0.09455195
"ME_M_3",-0.09128518
"ME_M_3",-0.02832092
"ME_M_3",-0.01433195
"ME_M_3",0.006872863
"ME_M_3",-0.0865892
"ME_M_3",-0.009171095
"ME_M_3",0.03547102
"ME_M_3",0.003475509
"ME_M_3",-0.002713719
"ME_M_3",-0.01690239
"ME_M_3",-0.06012665
"ME_M_3",0.01414043
"ME_M_3",0.04021438
"ME_M_3",-0.1544331
"ME_M_3",-0.1015541
"ME_M_3",-0.06351095
"ME_M_3",0.1326026
"ME_M_3",0.08371711
"ME_M_3",0.03448952
"ME_M_3",-0.002776057
"ME_M_3",-0.03071342
"ME_M_3",-0.01959427
"ME_M_3",-0.06819206
"ME_M_3",-0.05178167
"ME_M_3",-0.06527786
"ME_M_3",-0.1608329
"ME_M_3",-0.1655935
"ME_M_3",-0.1248944
"ME_M_3",-0.03546876
"ME_M_3",-0.0623467
"ME_M_3",-0.04352674
"ME_M_3",0.08348815
"ME_M_3",0.03895319
"ME_M_3",0.04783211
"ME_M_3",-0.008967996
"ME_M_3",-0.05302297
"ME_M_3",-0.05529114
"ME_M_3",-0.03229593
"ME_M_3",-0.04996356
"ME_M_3",0.03215701
"ME_M_3",0.135205
"ME_M_3",-0.1040074
"ME_M_3",-0.1401583
"ME_M_3",-0.05860548
"ME_M_3",0.05771825
"ME_M_3",-0.0008690804
"ME_M_3",-0.03145982
"ME_M_3",0.002736233
"ME_M_3",-0.04365142
"ME_M_3",-0.0249326
"ME_M_3",0.1179896
"ME_M_3",0.007582746
"ME_M_3",-0.008382116
"ME_M_3",-0.04749963
"ME_M_3",-0.08903666
"ME_M_3",-0.05484995
"ME_M_3",-0.07786097
"ME_M_3",0.01925685
"ME_M_3",0.03661328
"ME_M_3",-0.06507123
"ME_M_3",-0.08201636
"ME_M_3",0.001171571
"ME_M_3",-0.02783548
"ME_M_3",-0.02002141
"ME_M_3",-0.02169162
"ME_M_3",0.002021121
"ME_M_3",0.02183536
"ME_M_3",0.01469473
"ME_M_3",-0.02416918
"ME_M_3",-0.003039338
"ME_M_3",-0.01617143
"ME_M_3",-0.02392982
"ME_M_3",-0.0379414
"ME_M_3",-0.04946758
"ME_M_3",-0.03038031
"ME_M_3",0.00589685
"ME_M_3",0.05106498
"ME_M_3",-0.0706562
"ME_M_3",-0.06862418
"ME_M_3",-0.03738763
"ME_M_3",0.008204982
"ME_M_3",0.010721
"ME_M_3",0.0006969981
"ME_M_3",0.01422231
"ME_M_3",0.01463423
"ME_M_3",0.06643651
"ME_M_3",0.04077646
"ME_M_3",-0.0009274334
"ME_M_3",0.007092431
"ME_M_3",-0.008971123
"ME_M_3",-0.03938248
"ME_M_3",0.01785588
"ME_M_3",-0.04630739
"ME_M_3",0.03278731
"ME_M_3",0.0957888
"ME_M_3",-0.06539422
"ME_M_3",-0.0142913
"ME_M_3",-0.07731165
"ME_M_3",-0.1128059
"ME_M_3",0.02507758
"ME_M_3",-0.02625423
"ME_M_3",-0.1167389
"ME_M_3",-0.1589057
"ME_M_3",-0.02760688
"ME_M_3",0.08386556
"ME_M_3",0.1898467
"ME_M_3",0.004457936
"ME_M_3",-0.1388315
"ME_M_3",-0.2000964
"ME_M_3",-0.1739849
"ME_M_3",-0.09985238
"ME_M_3",-0.05922528
"ME_M_3",-0.08933365
"ME_M_3",0.02192658
"ME_M_3",0.1180631
"ME_M_3",0.0671327
"ME_M_3",0.02664235
"ME_M_3",0.04464134
"ME_M_3",0.0434208
"ME_M_3",-0.030153
"ME_M_3",-0.03838909
"ME_M_3",0.02712081
"ME_M_3",0.06560625
"ME_M_3",0.1183973
"ME_M_3",-0.01613841
"ME_M_3",-0.03852396
"ME_M_3",0.06939298
"ME_M_3",0.03955672
"ME_M_3",-0.05608095
"ME_M_3",-0.1112977
"ME_M_3",-0.1269193
"ME_M_3",-0.1223486
"ME_M_3",-0.118031
"ME_M_3",-0.04120735
"ME_M_3",-0.01391121
"ME_M_3",-0.01045608
"ME_M_3",0.01109386
"ME_M_3",0.007881381
"ME_M_3",0.01569824
"ME_M_3",-0.04632275
"ME_M_3",-0.01427453
"ME_M_3",-0.03902084
"ME_M_3",0.04970016
"ME_M_3",0.01002877
"ME_M_3",-0.008166194
"ME_M_3",-0.01530119
"ME_M_3",0.03848926
"ME_M_3",0.01585364
"ME_M_3",-0.04804627
"ME_M_3",-0.01448851
"ME_M_3",-0.07732219
"ME_M_3",-0.09309509
"ME_M_3",-0.0484326
"ME_M_3",-0.076769
"ME_M_3",0.01564869
"ME_M_3",0.1066481
"ME_M_3",0.1737086
"ME_M_3",0.1101291
"ME_M_3",0.1479131
"ME_M_3",0.1007645
"ME_M_3",-0.01729083
"ME_M_3",0.03047696
"ME_M_3",-0.04209381
"ME_M_3",0.02806008
"ME_M_3",-0.02505161
"ME_M_3",-0.04996843
"ME_M_3",-0.1164721
"ME_M_3",-0.04119898
"ME_M_3",0.1407322
"ME_M_3",0.09967557
"ME_M_3",-0.04529619
"ME_M_3",-0.1452392
"ME_M_3",-0.07237302
"ME_M_3",-0.1124193
"ME_M_3",-0.1281057
"ME_M_3",-0.1073463
"ME_M_3",-0.1684048
"ME_M_3",-0.0485522
"ME_M_3",-0.09868407
"ME_M_3",-0.0688602
"ME_M_3",-0.1088634
"ME_M_3",-0.1449199
"ME_M_3",0.02562097
"ME_M_3",-0.0281939
"ME_M_3",0.006232902
"ME_M_3",-0.01257421
"ME_M_3",0.05205194
"ME_M_3",0.1920152
"ME_M_3",0.02436946
"ME_M_3",-0.0140224
"ME_M_3",-0.02951622
"ME_M_3",0.01639308
"ME_M_3",0.04372244
"ME_M_3",-0.05727987
"ME_M_3",0.08760553
"ME_M_3",0.03026794
"ME_M_3",-0.0006993841
"ME_M_3",0.05654785
"ME_M_3",0.03428613
"ME_M_3",0.08828479
"ME_M_3",-0.02793297
"ME_M_3",0.01724002
"ME_M_3",-0.01161814
"ME_M_3",-0.05091026
"ME_M_3",0.03013427
"ME_M_3",-0.01366229
"ME_M_3",-0.007778689
"ME_M_3",-0.03933067
"ME_M_3",-0.08653002
"ME_M_3",-0.03101108
"ME_M_3",-0.05347659
"ME_M_3",-0.02694792
"ME_M_3",-0.04111368
"ME_M_3",-0.06703757
"ME_M_3",-0.03183169
"ME_M_3",0.004403129
"ME_M_3",-0.04638293
"ME_M_3",0.009248263
"ME_M_3",-0.02791445
"ME_M_3",-0.01537911
"ME_M_3",-0.04831921
"ME_M_3",-0.06288667
"ME_M_3",-0.06926279
"ME_M_3",-0.02406132
"ME_M_3",0.01477268
"ME_M_3",-0.003277104
"ME_M_3",0.04280229
"ME_M_3",0.08798107
"ME_M_3",0.06125316
"ME_M_3",0.04880915
"ME_M_3",-0.01234211
"ME_M_3",-0.04926619
"ME_M_3",-0.04749942
"ME_M_3",0.0328528
"ME_M_3",0.008781313
"ME_M_3",-0.05109291
"ME_M_3",-0.1136269
"ME_M_3",-0.1086928
"ME_M_3",-0.006333228
"ME_M_3",-0.01321466
"ME_M_3",-0.07344453
"ME_M_3",-0.02494235
"ME_M_3",-0.08071442
"ME_M_3",-0.05330272
"ME_M_3",-0.08779425
"ME_M_3",-0.06272635
"ME_M_3",-0.04046089
"ME_M_3",-0.02094616
"ME_M_3",-0.01405061
"ME_M_3",-0.07695251
"ME_M_3",0.0001079161
"ME_M_3",0.06414995
"ME_M_3",0.1250678
"ME_M_3",0.1005856
"ME_M_3",0.007495492
"ME_M_3",-0.07669533
"ME_M_3",-0.01977621
"ME_M_3",-0.03553804
"ME_M_3",-0.04335275
"ME_M_3",-0.0178984
"ME_M_3",0.05455481
"ME_M_3",-0.02633776
"ME_M_3",-0.02238547
"ME_M_3",0.02228711
"ME_M_3",0.1219447
"ME_M_3",0.1318074
"ME_M_3",-0.1664423
"ME_M_3",-0.09824321
"ME_M_3",-0.088283
"ME_M_3",-0.0449048
"ME_M_3",-0.05178855
"ME_M_3",-0.00491577
"ME_M_3",-0.02480412
"ME_M_3",-0.0002984032
"ME_M_3",0.05709014
"ME_M_3",0.06988402
"ME_M_3",-0.006548155
"ME_M_3",-0.0132526
"ME_M_3",-0.05529959
"ME_M_3",-0.02923455
"ME_M_3",-0.006042291
"ME_M_3",0.01538956
"ME_M_3",-0.02590029
"ME_M_3",-0.06216776
"ME_M_3",0.01502517
"ME_M_3",-0.04864156
"ME_M_4",-0.04264738
"ME_M_4",-0.04495724
"ME_M_4",-0.02953904
"ME_M_4",-0.06186752
"ME_M_4",-0.05396409
"ME_M_4",-0.0002731355
"ME_M_4",-0.1080293
"ME_M_4",-0.06641656
"ME_M_4",-0.09530438
"ME_M_4",-0.07747299
"ME_M_4",-0.08705878
"ME_M_4",-0.08018299
"ME_M_4",-0.07245227
"ME_M_4",-0.01286915
"ME_M_4",0.008818781
"ME_M_4",0.009549382
"ME_M_4",0.01743011
"ME_M_4",-0.03613283
"ME_M_4",-0.0203521
"ME_M_4",-0.03506615
"ME_M_4",-0.08103886
"ME_M_4",-0.0341365
"ME_M_4",-0.03730211
"ME_M_4",-0.03932507
"ME_M_4",-0.07162368
"ME_M_4",-0.1024602
"ME_M_4",-0.005190738
"ME_M_4",0.07834269
"ME_M_4",0.07499861
"ME_M_4",0.06863564
"ME_M_4",0.0747996
"ME_M_4",0.1229489
"ME_M_4",0.05553536
"ME_M_4",0.02389336
"ME_M_4",0.01322388
"ME_M_4",-0.06168925
"ME_M_4",-0.06514569
"ME_M_4",-0.1415929
"ME_M_4",-0.2092249
"ME_M_4",-0.1352969
"ME_M_4",-0.004964188
"ME_M_4",0.02863709
"ME_M_4",0.03453285
"ME_M_4",-0.04016215
"ME_M_4",-0.03101011
"ME_M_4",-0.01233559
"ME_M_4",-0.02642016
"ME_M_4",0.03195008
"ME_M_4",0.03515843
"ME_M_4",-0.04870278
"ME_M_4",-0.07757755
"ME_M_4",-0.07127217
"ME_M_4",0.006731105
"ME_M_4",0.053569
"ME_M_4",0.005562365
"ME_M_4",0.03354769
"ME_M_4",-0.01919349
"ME_M_4",-0.01037442
"ME_M_4",0.01713087
"ME_M_4",-0.02826072
"ME_M_4",-0.009714095
"ME_M_4",-0.0006434784
"ME_M_4",-0.01090106
"ME_M_4",-0.04173937
"ME_M_4",0.0271133
"ME_M_4",0.0291324
"ME_M_4",0.05713841
"ME_M_4",0.007551278
"ME_M_4",-0.01891395
"ME_M_4",-0.02390523
"ME_M_4",-0.0116423
"ME_M_4",0.01738274
"ME_M_4",-0.009735024
"ME_M_4",0.0181268
"ME_M_4",0.01362706
"ME_M_4",0.05285451
"ME_M_4",0.03337333
"ME_M_4",0.02704833
"ME_M_4",0.001799201
"ME_M_4",-0.04402814
"ME_M_4",-0.03246747
"ME_M_4",-0.0713857
"ME_M_4",-0.01986634
"ME_M_4",-0.05981035
"ME_M_4",-0.1105245
"ME_M_4",-0.06228486
"ME_M_4",0.04774257
"ME_M_4",0.04214987
"ME_M_4",0.01992018
"ME_M_4",-0.01627854
"ME_M_4",-0.1918999
"ME_M_4",-0.09669954
"ME_M_4",-0.03857503
"ME_M_4",0.01339998
"ME_M_4",-0.0360704
"ME_M_4",-0.06801992
"ME_M_4",-0.06454064
"ME_M_4",-0.06558733
"ME_M_4",-0.05477189
"ME_M_4",-0.06462162
"ME_M_4",0.006321922
"ME_M_4",0.07327596
"ME_M_4",0.1710915
"ME_M_4",0.1261497
"ME_M_4",0.0592874
"ME_M_4",-0.0193347
"ME_M_4",-0.04770342
"ME_M_4",-0.08636151
"ME_M_4",-0.06210641
"ME_M_4",-0.0371258
"ME_M_4",-0.04081698
"ME_M_4",-0.05915576
"ME_M_4",0.005534818
"ME_M_4",0.05981439
"ME_M_4",0.02309864
"ME_M_4",0.009195472
"ME_M_4",-0.04398941
"ME_M_4",-0.02337155
"ME_M_4",-0.06070768
"ME_M_4",-0.05144557
"ME_M_4",-0.008474558
"ME_M_4",-0.06457116
"ME_M_4",-0.03193809
"ME_M_4",0.03820513
"ME_M_4",0.05287264
"ME_M_4",0.00903701
"ME_M_4",-0.02662547
"ME_M_4",-0.003634382
"ME_M_4",0.01569662
"ME_M_4",0.0214685
"ME_M_4",-0.009564072
"ME_M_4",0.04659525
"ME_M_4",-0.00716416
"ME_M_4",0.005510061
"ME_M_4",0.04926439
"ME_M_4",0.0412812
"ME_M_4",0.02469374
"ME_M_4",0.02873858
"ME_M_4",-0.003778305
"ME_M_4",-0.009310916
"ME_M_4",-0.05685656
"ME_M_4",-0.05707191
"ME_M_4",-0.07044937
"ME_M_4",-0.02059534
"ME_M_4",-0.01238843
"ME_M_4",-0.04388163
"ME_M_4",-0.01431184
"ME_M_4",0.0007939534
"ME_M_4",-0.05236536
"ME_M_4",-0.02706204
"ME_M_4",0.01918572
"ME_M_4",0.01055131
"ME_M_4",0.008058744
"ME_M_4",0.006154284
"ME_M_4",-0.001732109
"ME_M_4",0.010881
"ME_M_4",-0.01604411
"ME_M_4",-0.01287001
"ME_M_4",-0.00911194
"ME_M_4",-0.01754007
"ME_M_4",-0.1016256
"ME_M_4",-0.2345456
"ME_M_4",-0.2564934
"ME_M_4",-0.3154167
"ME_M_4",-0.1013774
"ME_M_4",-0.02374011
"ME_M_4",0.116736
"ME_M_4",0.1937116
"ME_M_4",0.2162367
"ME_M_4",0.1034922
"ME_M_4",-0.02695616
"ME_M_4",-0.03446879
"ME_M_4",0.08185397
"ME_M_4",0.09664858
"ME_M_4",0.1093703
"ME_M_4",0.0511584
"ME_M_4",-0.1055099
"ME_M_4",-0.1394603
"ME_M_4",-0.09411874
"ME_M_4",-0.03073091
"ME_M_4",0.08333234
"ME_M_4",0.01727711
"ME_M_4",-0.01916596
"ME_M_4",-0.05235136
"ME_M_4",-0.05231831
"ME_M_4",-0.01923453
"ME_M_4",0.002415994
"ME_M_4",-0.06246807
"ME_M_4",-0.09522405
"ME_M_4",-0.1173185
"ME_M_4",-0.05637606
"ME_M_4",-0.03828337
"ME_M_4",-0.08348197
"ME_M_4",-0.05758031
"ME_M_4",-0.000218885
"ME_M_4",0.04158244
"ME_M_4",-0.003298223
"ME_M_4",-0.04133488
"ME_M_4",-0.002325252
"ME_M_4",0.003090702
"ME_M_4",-0.01677561
"ME_M_4",-0.03568232
"ME_M_4",-0.0134858
"ME_M_4",0.04550756
"ME_M_4",0.06354287
"ME_M_4",0.02502934
"ME_M_4",0.03642093
"ME_M_4",0.00519444
"ME_M_4",0.0318148
"ME_M_4",0.01268153
"ME_M_4",-0.04911502
"ME_M_4",-0.03493646
"ME_M_4",0.04849917
"ME_M_4",0.02387193
"ME_M_4",0.006431105
"ME_M_4",-0.08831889
"ME_M_4",-0.03346486
"ME_M_4",-0.0637051
"ME_M_4",-0.001608455
"ME_M_4",-0.02490969
"ME_M_4",-0.06843793
"ME_M_4",-0.02806618
"ME_M_4",-0.01407159
"ME_M_4",-0.05945095
"ME_M_4",-0.06096266
"ME_M_4",0.05801218
"ME_M_4",0.06688934
"ME_M_4",0.04271502
"ME_M_4",0.1877341
"ME_M_4",0.1398988
"ME_M_4",0.02167504
"ME_M_4",-0.09740146
"ME_M_4",-0.08499782
"ME_M_4",0.005197162
"ME_M_4",0.03066092
"ME_M_4",-0.1051328
"ME_M_4",-0.09575601
"ME_M_4",-0.06175272
"ME_M_4",-0.07207464
"ME_M_4",-0.07372595
"ME_M_4",0.02337035
"ME_M_4",0.00832843
"ME_M_4",0.01730575
"ME_M_4",0.003897877
"ME_M_4",-0.01554249
"ME_M_4",-0.02279623
"ME_M_4",-0.007156818
"ME_M_4",0.007527171
"ME_M_4",-0.0468545
"ME_M_4",-0.02833192
"ME_M_4",0.03605034
"ME_M_4",0.004905324
"ME_M_4",-0.02278626
"ME_M_4",-0.07083692
"ME_M_4",-0.05461315
"ME_M_4",-0.005560834
"ME_M_4",0.01247038
"ME_M_4",0.008149732
"ME_M_4",-0.006687086
"ME_M_4",-0.04985575
"ME_M_4",0.07918866
"ME_M_4",0.02739768
"ME_M_4",-0.02083627
"ME_M_4",-0.04594341
"ME_M_4",-0.09895112
"ME_M_4",-0.08471914
"ME_M_4",-0.1100825
"ME_M_4",0.005864013
"ME_M_4",-0.03768787
"ME_M_4",-0.002004205
"ME_M_4",-0.04006146
"ME_M_4",-0.01989247
"ME_M_4",0.0009962451
"ME_M_4",0.02053811
"ME_M_4",0.009601153
"ME_M_4",0.02805026
"ME_M_4",0.02245723
"ME_M_4",-0.008857252
"ME_M_4",0.009444856
"ME_M_4",-0.004637424
"ME_M_4",0.005381523
"ME_M_4",0.005590716
"ME_M_4",-0.01246522
"ME_M_4",-0.03593627
"ME_M_4",-0.05644904
"ME_M_4",-0.05546365
"ME_M_4",-0.08474456
"ME_M_4",-0.07579731
"ME_M_4",-0.0252898
"ME_M_4",-0.02738534
"ME_M_4",-0.0211177
"ME_M_4",0.02808383
"ME_M_4",-0.007997109
"ME_M_4",0.002994776
"ME_M_4",-0.05720206
"ME_M_4",-0.03972051
"ME_M_4",0.01117456
"ME_M_4",-0.02994579
"ME_M_4",-0.008697941
"ME_M_4",0.01630994
"ME_M_4",-0.01349986
"ME_M_4",-0.03646272
"ME_M_4",-0.02889928
"ME_M_4",-0.018715
"ME_M_4",0.02909527
"ME_M_4",-0.0425314
"ME_M_4",-0.02283636
"ME_M_4",-0.0003996296
"ME_M_4",-0.009549446
"ME_M_4",-0.009850815
"ME_M_4",-0.06918265
"ME_M_4",-0.002876077
"ME_M_4",-0.03698879
"ME_M_4",-0.07628072
"ME_M_4",-0.04368253
"ME_M_4",-0.03191471
"ME_M_4",-0.05462032
"ME_M_4",-0.01544982
"ME_M_4",-0.02644107
"ME_M_4",-0.002657433
"ME_M_4",0.008287271
"ME_M_4",-0.1404551
"ME_M_4",-0.08964039
"ME_M_4",0.06050671
"ME_M_4",-0.03117173
"ME_M_4",-0.0214995
"ME_M_4",0.0428045
"ME_M_4",-0.03250061
"ME_M_4",-0.03612614
"ME_M_4",-0.1033725
"ME_M_4",-0.1052828
"ME_M_4",-0.0707017
"ME_M_4",-0.02193802
"ME_M_4",0.1142449
"ME_M_4",0.07324374
"ME_M_4",0.07787803
"ME_M_4",0.05386222
"ME_M_4",0.09529835
"ME_M_4",0.08904097
"ME_M_4",0.03931455
"ME_M_4",-0.08916881
"ME_M_4",-0.03474576
"ME_M_4",-0.05987887
"ME_M_4",-0.04000891
"ME_M_4",-0.04217052
"ME_M_4",-0.01802209
"ME_M_4",-0.007872649
"ME_M_4",0.04732266
"ME_M_4",0.03926566
"ME_M_4",-0.02474522
"ME_M_4",-0.06552564
"ME_M_4",-0.003242674
"ME_M_4",-0.01101948
"ME_M_4",-0.01037874
"ME_M_4",0.02445238
"ME_M_4",0.01125848
"ME_M_4",-0.02221568
"ME_M_4",-0.02437953
"ME_M_4",0.03996303
"ME_M_4",0.05121768
"ME_M_4",0.01816424
"ME_M_4",-0.001791883
"ME_M_4",-0.03451801
"ME_M_4",-0.05242117
"ME_M_4",0.01927571
"ME_M_4",-0.04016247
"ME_M_4",0.05823338
"ME_M_4",0.01652369
"ME_M_4",-0.08655021
"ME_M_4",-0.03599954
"ME_M_4",-0.01857273
"ME_M_4",-0.05652983
"ME_M_4",0.005212417
"ME_M_4",0.04202488
"ME_M_4",-0.03836945
"ME_M_4",-0.01109594
"ME_M_4",-0.001584666
"ME_M_4",-0.0005859137
"ME_M_4",0.001536403
"ME_M_4",0.02394553
"ME_M_4",-0.06337427
"ME_M_4",-0.01363323
"ME_M_4",-0.03672344
"ME_M_4",-0.008548912
"ME_M_4",0.0140317
"ME_M_4",0.002936437
"ME_M_4",-0.02096027
"ME_M_4",-0.08987637
"ME_M_4",-0.03472596
"ME_M_4",-0.04428428
"ME_M_4",0.04255101
"ME_M_4",0.01914095
"ME_M_4",-0.02617526
"ME_M_4",0.0003239978
"ME_M_4",-0.01950495
"ME_M_4",-0.08807851
"ME_M_4",-0.1851818
"ME_M_4",-0.2565816
"ME_M_4",-0.1897293
"ME_M_4",0.09987885
"ME_M_4",0.2684434
"ME_M_4",0.1266307
"ME_M_4",-0.07255719
"ME_M_4",-0.1700981
"ME_M_4",0.01950725
"ME_M_4",0.08387066
"ME_M_4",0.1342036
"ME_M_4",0.1317631
"ME_M_4",0.1322122
"ME_M_4",0.1175338
"ME_M_4",0.03415964
"ME_M_4",-0.0622793
"ME_M_4",-0.06861705
"ME_M_4",-0.06236635
"ME_M_4",0.02355136
"ME_M_4",0.009480782
"ME_M_4",-0.05837362
"ME_M_4",-0.02632584
"ME_M_4",-0.05062631
"ME_M_4",-0.02312955
"ME_M_4",0.03842292
"ME_M_4",-0.02187042
"ME_M_4",0.002455259
"ME_M_4",0.007261807
"ME_M_4",0.00524835
"ME_M_4",-0.005135871
"ME_M_4",-0.02694134
"ME_M_4",-0.07039095
"ME_M_4",-0.09478131
"ME_M_4",-0.08454902
"ME_M_4",-0.1160904
"ME_M_4",-0.07731429
"ME_M_4",-0.06520265
"ME_M_4",-0.05853202
"ME_M_4",-0.04574838
"ME_M_4",-0.03437606
"ME_M_4",0.03822676
"ME_M_4",-0.02859369
"ME_M_4",-0.01216322
"ME_M_4",0.02063348
"ME_M_4",-0.1145179
"ME_M_4",-0.1483824
"ME_M_4",-0.1000305
"ME_M_4",-0.05869301
"ME_M_4",-0.01437041
"ME_M_4",-0.01198883
"ME_M_4",0.1211414
"ME_M_4",0.1683098
"ME_M_4",0.1102658
"ME_M_4",-0.07737973
"ME_M_4",-0.02316097
"ME_M_4",0.01578571
"ME_M_4",0.02661341
"ME_M_4",-0.03195337
"ME_M_4",-0.1042934
"ME_M_4",-0.01639771
"ME_M_4",-0.02257464
"ME_M_4",-0.07633083
"ME_M_4",-0.05702175
"ME_M_4",0.004869133
"ME_M_4",-0.01684504
"ME_M_4",0.08353591
"ME_M_4",-0.06612711
"ME_M_4",-0.09649494
"ME_M_4",-0.1136158
"ME_M_4",-0.05405102
"ME_M_4",0.0455963
"ME_M_4",0.06220113
"ME_M_4",0.03990343
"ME_M_4",-0.02157717
"ME_M_4",-0.003767934
"ME_M_4",-0.02130158
"ME_M_4",0.05116092
"ME_M_4",0.009134114
"ME_M_4",0.06570715
"ME_M_4",0.01447674
"ME_M_4",0.02795205
"ME_M_4",0.04753521
"ME_M_4",0.0517075
"ME_M_4",-0.005966872
"ME_M_4",-0.03639362
"ME_M_4",-0.09194603
"ME_M_4",-0.06536922
"ME_M_4",-0.01854332
"ME_M_4",0.007669207
"ME_M_4",-0.02639554
"ME_M_4",-0.09259646
"ME_M_4",-0.06376991
"ME_M_4",-0.06931897
"ME_M_4",-2.956949E-05
"ME_M_4",-0.02622257
"ME_M_4",-0.00712023
"ME_M_4",0.06143017
"ME_M_4",0.0482278
"ME_M_4",0.02679514
"ME_M_4",0.0670697
"ME_M_4",-0.02574813
"ME_M_4",0.0007639323
"ME_M_4",-0.06397848
"ME_M_4",-0.05272374
"ME_M_4",-0.02389079
"ME_M_4",-0.002531051
"ME_M_4",-0.0312411
"ME_M_4",-0.00423225
"ME_M_4",0.0154082
"ME_M_4",0.0004723277
"ME_M_4",0.005763593
"ME_M_4",0.03240852
"ME_M_4",0.002664205
"ME_M_4",-0.0638284
"ME_M_4",0.01710801
"ME_M_4",-0.002376928
"ME_M_4",0.01679507
"ME_M_4",-0.008469239
"ME_M_4",0.08325516
"ME_M_4",0.01568022
"ME_M_4",-0.007167081
"ME_M_4",-0.05017653
"ME_M_4",-0.05155391
"ME_M_4",0.006215615
"ME_M_4",-0.06627681
"ME_M_4",-0.04760884
"ME_M_4",-0.0475223
"ME_M_4",-0.0601011
"ME_M_4",-0.005490758
"ME_M_4",-0.006014641
"ME_M_4",-0.02122272
"ME_M_4",-0.01720685
"ME_M_4",0.05594352
"ME_M_4",0.01469711
"ME_M_4",-0.02105124
"ME_M_4",0.006800145
"ME_M_4",0.002230581
"ME_M_4",-0.01619952
"ME_M_4",0.02933501
"ME_M_4",-0.01512091
"ME_M_4",-0.2568018
"ME_M_4",-0.272825
"ME_M_4",-0.00771682
"ME_M_4",0.09656479
"ME_M_4",-0.0002020448
"ME_M_4",-0.05073734
"ME_M_4",-0.1427694
"ME_M_4",-0.04353026
"ME_M_4",-0.06068617
"ME_M_4",-0.01016412
"ME_M_4",-0.01149705
"ME_M_4",-0.02527903
"ME_M_4",0.01478884
"ME_M_4",0.219301
"ME_M_4",0.2204421
"ME_M_4",0.1850196
"ME_M_4",-0.05225281
"ME_M_4",-0.1124306
"ME_M_4",-0.1595027
"ME_M_4",0.03459493
"ME_M_4",0.09568294
"ME_M_4",0.07781652
"ME_M_4",-0.0128739
"ME_M_4",-0.07260695
"ME_M_4",-0.0118468
"ME_M_4",0.003783904
"ME_M_4",0.0009920634
"ME_M_4",-0.03255653
"ME_M_4",-0.06823154
"ME_M_4",-0.1093356
"ME_M_4",-0.06389686
"ME_M_4",-0.1236899
"ME_M_4",-0.06137991
"ME_M_4",-0.04791507
"ME_M_4",-0.03082313
"ME_M_4",-0.05182597
"ME_M_4",-0.06275417
"ME_M_4",-0.04079848
"ME_M_4",-0.0003102552
"ME_M_4",0.03781536
"ME_M_4",0.01906308
"ME_M_4",-0.03018184
"ME_M_4",-0.03739595
"ME_M_4",-0.07820769
"ME_M_4",-0.02453408
"ME_M_4",0.006600439
"ME_M_4",-0.02283577
"ME_M_4",-0.03132986
"ME_M_4",-0.07092698
"ME_M_4",-0.02630563
"ME_M_4",0.0007783874
"ME_M_4",0.009905911
"ME_M_4",0.06362949
"ME_M_4",-0.02029965
"ME_M_4",-0.1355056
"ME_M_4",-0.1113164
"ME_M_4",-0.1764063
"ME_M_4",-0.1395457
"ME_M_4",-0.06999368
"ME_M_4",0.04449549
"ME_M_4",0.07972214
"ME_M_4",0.05074908
"ME_M_4",0.04726312
"ME_M_4",-0.004481905
"ME_M_4",0.05131291
"ME_M_4",0.04705494
"ME_M_4",0.03791465
"ME_M_4",0.04369943
"ME_M_4",-0.008768331
"ME_M_4",-0.02564447
"ME_M_4",-0.02431739
"ME_M_4",-0.08711226
"ME_M_4",0.0009398013
"ME_M_4",-0.008895038
"ME_M_4",-0.04803761
"ME_M_4",-0.01677619
"ME_M_4",0.02880218
"ME_M_4",-0.01740062
"ME_M_4",-0.08549031
"ME_M_4",-0.116352
"ME_M_4",-0.1554745
"ME_M_4",-0.06248813
"ME_M_4",0.01546233
"ME_M_4",0.01911124
"ME_M_4",-0.03163537
"ME_M_4",-0.05626001
"ME_M_4",-0.0004320443
"ME_M_4",0.02261693
"ME_M_4",-0.02315045
"ME_M_4",-0.04697179
"ME_M_4",-0.03032048
"ME_M_4",-0.001220359
"ME_M_4",-0.0813117
"ME_M_4",-0.02542997
"ME_M_4",-0.07887834
"ME_M_4",-0.006253966
"ME_M_4",-0.01536918
"ME_M_4",-0.04982109
"ME_M_4",-0.0492092
"ME_M_4",-0.01354126
"ME_M_4",-0.002342734
"ME_M_4",0.0191718
"ME_M_4",-0.02499223
"ME_M_4",-0.03209036
"ME_M_4",0.01245136
"ME_M_4",0.1747535
"ME_M_4",0.2290011
"ME_M_4",0.1308351
"ME_M_4",0.1136806
"ME_M_4",-0.02920164
"ME_M_4",-0.08477469
"ME_M_4",-0.1335009
"ME_M_4",-0.1286373
"ME_M_4",-0.1613867
"ME_M_4",-0.1182372
"ME_M_4",-0.04193423
"ME_M_4",-0.08804953
"ME_M_4",-0.1056719
"ME_M_4",-0.07343113
"ME_M_4",-0.08458133
"ME_M_4",-0.05910724
"ME_M_4",-0.111202
"ME_M_4",0.01225854
"ME_M_4",0.009452162
"ME_M_4",0.06589524
"ME_M_4",0.005239801
"ME_M_4",0.04931064
"ME_M_4",0.1841436
"ME_M_4",0.05450296
"ME_M_4",-0.1354161
"ME_M_4",-0.1236371
"ME_M_4",-0.06124981
"ME_M_4",0.008391753
"ME_M_4",5.673617E-05
"ME_M_4",-0.09030426
"ME_M_4",-0.06633113
"ME_M_4",-0.04562411
"ME_M_4",-0.0412873
"ME_M_4",0.07848766
"ME_M_4",0.2713072
"ME_M_4",0.2348726
"ME_M_4",0.189881
"ME_M_4",0.1082125
"ME_M_4",0.08403614
"ME_M_4",0.04576877
"ME_M_4",0.07305391
"ME_M_4",0.0426356
"ME_M_4",-0.05543515
"ME_M_4",-0.1510651
"ME_M_4",-0.1677599
"ME_M_4",-0.2600561
"ME_M_4",-0.1999608
"ME_M_4",-0.1681688
"ME_M_4",-0.1229917
"ME_M_4",-0.2017488
"ME_M_4",-0.1707495
"ME_M_4",-0.148468
"ME_M_4",-0.05837088
"ME_M_4",-0.09343189
"ME_M_4",-0.1067512
"ME_M_4",-0.08714729
"ME_M_4",-0.07205457
"ME_M_4",-0.0297135
"ME_M_4",-0.07107223
"ME_M_4",-0.01305739
"ME_M_4",-0.02219304
"ME_M_4",0.01387409
"ME_M_4",0.02626843
"ME_M_4",-0.03265401
"ME_M_4",-0.06831154
"ME_M_4",-0.02123324
"ME_M_4",0.05460742
"ME_M_4",0.1065783
"ME_M_4",0.2027243
"ME_M_4",-0.07085748
"ME_M_4",-0.1080647
"ME_M_4",0.03779679
"ME_M_4",-0.0184388
"ME_M_4",-0.05976731
"ME_M_4",-0.0522684
"ME_M_4",-0.009105522
"ME_M_4",0.002460986
"ME_M_4",-0.05329738
"ME_M_4",-0.08796825
"ME_M_4",-0.06521479
"ME_M_4",-0.09501106
"ME_M_4",-0.1134668
"ME_M_4",-0.05371381
"ME_M_4",-0.03610479
"ME_M_4",-0.01126344
"ME_M_4",0.009680954
"ME_M_4",0.02218812
"ME_M_4",0.02206505
"ME_M_4",-0.09768655
"ME_M_4",-0.05149926
"ME_M_4",-0.05508839
"ME_M_4",-0.06377161
"ME_M_4",-0.06115877
"ME_M_4",-0.01991913
"ME_M_4",-0.0844223
"ME_M_4",-0.009628195
"ME_M_4",0.04655981
"ME_M_4",-0.003373289
"ME_M_4",0.02620475
"ME_M_4",-0.006560358
"ME_M_4",0.01345712
"ME_M_4",-0.07608585
"ME_M_4",-0.07602631
"ME_M_4",-0.03879759
"ME_M_4",-0.0258638
"ME_M_4",-0.03047754
"ME_M_4",0.04197896
"ME_M_4",0.02164412
"ME_M_4",0.05637936
"ME_M_4",0.009602988
"ME_M_4",0.05646521
"ME_M_4",0.04494545
"ME_M_4",-0.009918539
"ME_M_4",-0.1354708
"ME_M_4",-0.04192611
"ME_M_4",-0.02206539
"ME_M_4",-0.05037361
"ME_M_4",-0.06126368
"ME_M_4",-0.181326
"ME_M_4",-0.1188729
"ME_M_4",-0.0001254231
"ME_M_4",0.02492173
"ME_M_4",-0.06604793
"ME_M_4",-0.123402
"ME_M_4",-0.09372267
"ME_M_4",0.1748532
"ME_M_4",0.2099852
"ME_M_4",0.07819557
"ME_M_4",-0.05205468
"ME_M_4",-0.1654481
"ME_M_4",-0.04908974
"ME_M_4",0.08651076
"ME_M_4",0.1124998
"ME_M_4",0.01513097
"ME_M_4",-0.03655308
"ME_M_4",-0.04473731
"ME_M_4",0.007791236
"ME_M_4",0.0456641
"ME_M_4",0.01481173
"ME_M_4",-0.02133035
"ME_M_4",-0.06500638
"ME_M_4",-0.06938168
"ME_M_4",-0.03223639
"ME_M_4",-0.05341939
"ME_M_4",-0.04199912
"ME_M_4",-0.0179505
"ME_M_4",-0.01290384
"ME_M_4",-0.07018455
"ME_M_4",-0.04670502
"ME_M_4",-0.06497943
"ME_M_4",-0.00669359
"ME_M_4",-0.02649674
"ME_M_4",-0.03238079
"ME_M_4",-0.0534967
"ME_M_4",-0.08155131
"ME_M_4",-0.0575638
"ME_M_4",-0.02585502
"ME_M_4",-0.024724
"ME_M_4",-0.02904421
"ME_M_4",-0.04479604
"ME_M_4",-0.02979546
"ME_M_4",-0.04844193
"ME_M_4",-0.07582244
"ME_M_4",-0.03070218
"ME_M_4",0.01304442
"ME_M_4",-0.01467172
"ME_M_4",-0.03818761
"ME_M_4",-0.0070918
"ME_M_4",0.0195649
"ME_M_4",0.02601496
"ME_M_4",0.02732899
"ME_M_4",0.03781365
"ME_M_4",-0.0158026
"ME_M_4",-0.005789722
"ME_M_4",-0.02391534
"ME_M_4",-0.07742176
"ME_M_4",-0.04783671
"ME_M_4",-0.0781028
"ME_M_4",-0.06132083
"ME_M_4",-0.0421508
"ME_M_4",0.02280964
"ME_M_4",-0.02905899
"ME_M_4",-0.04514129
"ME_M_4",-0.001279101
"ME_M_4",-0.06655469
"ME_M_4",-0.1096515
"ME_M_4",-0.09355111
"ME_M_4",-0.04966718
"ME_M_4",-0.09686831
"ME_M_4",-0.03570288
"ME_M_4",-0.05387472
"ME_M_4",-0.05039611
"ME_M_4",-0.04817632
"ME_M_4",0.02308143
"ME_M_4",-0.03785258
"ME_M_4",-0.02268818
"ME_M_4",-0.07815078
"ME_M_4",-0.1082314
"ME_M_4",-0.06505553
"ME_M_4",-0.05471763
"ME_M_4",-0.06187302
"ME_M_4",-0.02967648
"ME_M_4",-0.0158715
"ME_M_4",-0.01775961
"ME_M_4",-0.01519858
"ME_M_4",0.04887866
"ME_M_4",0.0473763
"ME_M_4",0.09041921
"ME_M_4",0.05081046
"ME_M_4",-0.04601799
"ME_M_4",-0.03475823
"ME_M_4",-0.07459129
"ME_M_4",-0.001225289
"ME_M_4",0.01806887
"ME_M_4",0.07477864
"ME_M_4",0.1462433
"ME_M_4",0.1672871
"ME_M_4",0.07974814
"ME_M_4",-0.05651876
"ME_M_4",-0.08918422
"ME_M_4",-0.03059674
"ME_M_4",-0.009744678
"ME_M_4",0.01010961
"ME_M_4",-0.0663146
"ME_M_4",-0.09091373
"ME_M_4",-0.1213304
"ME_M_4",-0.1063158
"ME_M_4",-0.1104758
"ME_M_4",-0.07080261
"ME_M_4",-0.00622284
"ME_M_4",-0.004438557
"ME_M_4",0.02610317
"ME_M_4",-0.04278371
"ME_M_4",-0.02117481
"ME_M_5",-0.0205454
"ME_M_5",0.01023311
"ME_M_5",0.02209719
"ME_M_5",0.009807549
"ME_M_5",-0.1041848
"ME_M_5",-0.1148323
"ME_M_5",-0.1074271
"ME_M_5",-0.02861477
"ME_M_5",0.04552782
"ME_M_5",0.03406333
"ME_M_5",0.02865181
"ME_M_5",0.001844758
"ME_M_5",0.07141662
"ME_M_5",0.02697427
"ME_M_5",-0.05626634
"ME_M_5",-0.03317079
"ME_M_5",-0.07014985
"ME_M_5",-0.1003126
"ME_M_5",-0.3473944
"ME_M_5",-0.1616923
"ME_M_5",0.335617
"ME_M_5",0.46591
"ME_M_5",0.0239782
"ME_M_5",-0.0852107
"ME_M_5",-0.03941683
"ME_M_5",0.2067923
"ME_M_5",-0.0121718
"ME_M_5",-0.1096978
"ME_M_5",-0.2203058
"ME_M_5",-0.01631894
"ME_M_5",-0.06814642
"ME_M_5",-0.02430809
"ME_M_5",-0.2590225
"ME_M_5",-0.1468843
"ME_M_5",-0.03500142
"ME_M_5",-0.05117117
"ME_M_5",-0.05866034
"ME_M_5",0.003688491
"ME_M_5",0.0360477
"ME_M_5",0.1274686
"ME_M_5",0.02956091
"ME_M_5",-0.01180426
"ME_M_5",0.02402391
"ME_M_5",-0.009527901
"ME_M_5",0.02623415
"ME_M_5",-0.0001066495
"ME_M_5",-0.02981953
"ME_M_5",-0.09521644
"ME_M_5",-0.1255424
"ME_M_5",-0.116158
"ME_M_5",-0.1203672
"ME_M_5",-0.1148192
"ME_M_5",-0.136616
"ME_M_5",-0.1085195
"ME_M_5",0.01299125
"ME_M_5",0.08165893
"ME_M_5",0.1295559
"ME_M_5",0.05478393
"ME_M_5",0.05579782
"ME_M_5",0.08617653
"ME_M_5",0.1166458
"ME_M_5",0.03355558
"ME_M_5",-0.02514593
"ME_M_5",-0.002516448
"ME_M_5",-0.001681869
"ME_M_5",-0.02693222
"ME_M_5",0.02039849
"ME_M_5",-0.04822816
"ME_M_5",-0.0715357
"ME_M_5",-0.09090669
"ME_M_5",-0.05168953
"ME_M_5",-0.03757282
"ME_M_5",-0.03961883
"ME_M_5",-0.007915122
"ME_M_5",0.005171239
"ME_M_5",-0.007944561
"ME_M_5",-0.04664573
"ME_M_5",-0.05461618
"ME_M_5",0.0106362
"ME_M_5",-0.07471341
"ME_M_5",-0.06969024
"ME_M_5",-0.03175697
"ME_M_5",-0.04776864
"ME_M_5",-0.01814814
"ME_M_5",-0.03997235
"ME_M_5",0.08941447
"ME_M_5",0.09969002
"ME_M_5",0.005011991
"ME_M_5",-0.05598956
"ME_M_5",0.003685281
"ME_M_5",0.0953842
"ME_M_5",0.04736798
"ME_M_5",0.0001542643
"ME_M_5",0.04001029
"ME_M_5",-0.05182816
"ME_M_5",0.03882828
"ME_M_5",-0.08361142
"ME_M_5",-0.2343888
"ME_M_5",-0.2016141
"ME_M_5",-0.005505219
"ME_M_5",0.1428833
"ME_M_5",0.09373714
"ME_M_5",0.1429747
"ME_M_5",0.02402128
"ME_M_5",-0.04303626
"ME_M_5",-0.08640054
"ME_M_5",-0.09648308
"ME_M_5",-0.099567
"ME_M_5",-0.06401906
"ME_M_5",-0.06635404
"ME_M_5",-0.06532107
"ME_M_5",0.09985493
"ME_M_5",0.0968055
"ME_M_5",0.02233057
"ME_M_5",-0.03137659
"ME_M_5",-0.05052954
"ME_M_5",0.01903765
"ME_M_5",-0.001116009
"ME_M_5",-0.004636341
"ME_M_5",-0.004560832
"ME_M_5",-0.05402086
"ME_M_5",-0.03432119
"ME_M_5",-0.04975028
"ME_M_5",-0.08320092
"ME_M_5",-0.1478223
"ME_M_5",-0.1298323
"ME_M_5",-0.1327803
"ME_M_5",-0.07126289
"ME_M_5",-0.0732137
"ME_M_5",-0.05551464
"ME_M_5",-0.008577779
"ME_M_5",0.01254427
"ME_M_5",0.005086409
"ME_M_5",-0.01298754
"ME_M_5",0.04224002
"ME_M_5",0.03582187
"ME_M_5",0.02656791
"ME_M_5",0.03932849
"ME_M_5",0.02612047
"ME_M_5",0.01584451
"ME_M_5",-0.02089085
"ME_M_5",-0.02792887
"ME_M_5",-0.02184238
"ME_M_5",0.005005094
"ME_M_5",-0.05298114
"ME_M_5",-0.07072837
"ME_M_5",0.001514169
"ME_M_5",-0.04087804
"ME_M_5",0.03135871
"ME_M_5",0.03144465
"ME_M_5",0.001004679
"ME_M_5",0.07117073
"ME_M_5",0.01205254
"ME_M_5",-0.1525717
"ME_M_5",-0.1870751
"ME_M_5",-0.09409908
"ME_M_5",-0.04228283
"ME_M_5",-0.06236611
"ME_M_5",-0.06656145
"ME_M_5",0.003344864
"ME_M_5",-0.01186058
"ME_M_5",-0.0502166
"ME_M_5",-0.02401972
"ME_M_5",0.04093065
"ME_M_5",-0.05285743
"ME_M_5",-0.04064479
"ME_M_5",-0.02787573
"ME_M_5",0.01192534
"ME_M_5",-0.04779366
"ME_M_5",0.05321092
"ME_M_5",-0.04320577
"ME_M_5",-0.04999914
"ME_M_5",-0.006399544
"ME_M_5",0.04826551
"ME_M_5",0.09789948
"ME_M_5",-0.02340607
"ME_M_5",-0.04507954
"ME_M_5",0.1317179
"ME_M_5",0.1629083
"ME_M_5",-0.03575286
"ME_M_5",-0.08260164
"ME_M_5",0.002970457
"ME_M_5",-0.03880323
"ME_M_5",-0.00978262
"ME_M_5",-0.01287871
"ME_M_5",0.0006319284
"ME_M_5",-0.02682587
"ME_M_5",-0.08633563
"ME_M_5",-0.01815035
"ME_M_5",-0.07661044
"ME_M_5",-0.06918502
"ME_M_5",-0.08362404
"ME_M_5",-0.05827869
"ME_M_5",-0.07256594
"ME_M_5",-0.03611879
"ME_M_5",-0.06294297
"ME_M_5",-0.01643251
"ME_M_5",-0.01560053
"ME_M_5",0.03041401
"ME_M_5",0.003786419
"ME_M_5",0.07400435
"ME_M_5",0.01766863
"ME_M_5",0.01369195
"ME_M_5",0.006924365
"ME_M_5",0.02276265
"ME_M_5",0.02519265
"ME_M_5",0.01413277
"ME_M_5",0.02605377
"ME_M_5",0.0004417691
"ME_M_5",-0.03621337
"ME_M_5",-0.04258279
"ME_M_5",-0.03730084
"ME_M_5",-0.04619287
"ME_M_5",-0.07249229
"ME_M_5",-0.07600111
"ME_M_5",0.005193511
"ME_M_5",-0.05843224
"ME_M_5",-0.02794825
"ME_M_5",-0.02673135
"ME_M_5",0.0007424914
"ME_M_5",-0.04976895
"ME_M_5",0.04321147
"ME_M_5",0.07694582
"ME_M_5",-0.07319405
"ME_M_5",-0.06342468
"ME_M_5",-0.01891627
"ME_M_5",0.02731537
"ME_M_5",0.003256025
"ME_M_5",0.002447395
"ME_M_5",0.02179004
"ME_M_5",0.1148919
"ME_M_5",0.1000868
"ME_M_5",0.102845
"ME_M_5",0.1333396
"ME_M_5",-0.01722534
"ME_M_5",-0.1270477
"ME_M_5",-0.3126713
"ME_M_5",-0.2878145
"ME_M_5",0.4024069
"ME_M_5",0.09489396
"ME_M_5",-0.580943
"ME_M_5",-0.4287237
"ME_M_5",-0.04980673
"ME_M_5",-0.01832221
"ME_M_5",0.1079996
"ME_M_5",-0.02471815
"ME_M_5",-0.1644455
"ME_M_5",-0.04356055
"ME_M_5",0.07387312
"ME_M_5",0.1205326
"ME_M_5",0.06958881
"ME_M_5",-0.01376467
"ME_M_5",-0.008634545
"ME_M_5",-0.03325209
"ME_M_5",0.07044652
"ME_M_5",-0.0421496
"ME_M_5",-0.04632286
"ME_M_5",-0.07113214
"ME_M_5",-0.08831495
"ME_M_5",-0.09800375
"ME_M_5",-0.1346177
"ME_M_5",-0.1132686
"ME_M_5",-0.1041714
"ME_M_5",-0.1302058
"ME_M_5",-0.1382192
"ME_M_5",-0.07774595
"ME_M_5",-0.006483743
"ME_M_5",-0.09000761
"ME_M_5",-0.07573709
"ME_M_5",-0.00826287
"ME_M_5",-0.03576895
"ME_M_5",0.007202823
"ME_M_5",-0.01281582
"ME_M_5",0.0230143
"ME_M_5",0.03293502
"ME_M_5",-0.005018339
"ME_M_5",-0.05458708
"ME_M_5",-0.04069299
"ME_M_5",0.09990299
"ME_M_5",0.02566572
"ME_M_5",0.002144884
"ME_M_5",0.00126341
"ME_M_5",-0.02676929
"ME_M_5",-0.04798859
"ME_M_5",0.01507027
"ME_M_5",0.02403324
"ME_M_5",-0.104509
"ME_M_5",-0.1404608
"ME_M_5",-0.0956926
"ME_M_5",-0.080148
"ME_M_5",-0.1009108
"ME_M_5",-0.05932442
"ME_M_5",0.01416893
"ME_M_5",-0.03218098
"ME_M_5",-0.09107959
"ME_M_5",-0.08922964
"ME_M_5",0.02810422
"ME_M_5",-0.0320136
"ME_M_5",-0.03893622
"ME_M_5",-0.02045718
"ME_M_5",-0.006627008
"ME_M_5",-0.1793842
"ME_M_5",-0.1757685
"ME_M_5",0.09663747
"ME_M_5",0.2434183
"ME_M_5",0.2248169
"ME_M_5",0.1102197
"ME_M_5",-0.149163
"ME_M_5",-0.09389363
"ME_M_5",-0.01069896
"ME_M_5",0.003753131
"ME_M_5",-0.1129295
"ME_M_5",-0.01876778
"ME_M_5",-0.1501609
"ME_M_5",-0.08649449
"ME_M_5",0.04505254
"ME_M_5",0.05127495
"ME_M_5",-0.03000791
"ME_M_5",0.002538871
"ME_M_5",-0.09971389
"ME_M_5",-0.02007528
"ME_M_5",-0.01701959
"ME_M_5",-0.04074799
"ME_M_5",-0.09122922
"ME_M_5",-0.03300311
"ME_M_5",-0.1778323
"ME_M_5",-0.1372446
"ME_M_5",-0.1391713
"ME_M_5",-0.1330277
"ME_M_5",-0.1000934
"ME_M_5",-0.07937359
"ME_M_5",-0.09846948
"ME_M_5",-0.03344421
"ME_M_5",-0.03164231
"ME_M_5",-0.03661803
"ME_M_5",-0.07201789
"ME_M_5",-0.02097625
"ME_M_5",-0.03347458
"ME_M_5",-0.006843602
"ME_M_5",-0.04861632
"ME_M_5",-0.06650141
"ME_M_5",-0.04570422
"ME_M_5",-0.05908365
"ME_M_5",-0.02152131
"ME_M_5",0.01181652
"ME_M_5",-0.003398586
"ME_M_5",-0.01751582
"ME_M_5",-0.01218837
"ME_M_5",-0.04312579
"ME_M_5",-0.07010356
"ME_M_5",-0.0645705
"ME_M_5",-0.1125741
"ME_M_5",-0.07550553
"ME_M_5",-0.02141606
"ME_M_5",-0.01861862
"ME_M_5",-0.05330903
"ME_M_5",-0.06902286
"ME_M_5",-0.05468874
"ME_M_5",-0.0791635
"ME_M_5",-0.04010713
"ME_M_5",0.01057032
"ME_M_5",0.04666966
"ME_M_5",0.02728017
"ME_M_5",0.02326
"ME_M_5",-0.07239263
"ME_M_5",0.003341682
"ME_M_5",-0.04315223
"ME_M_5",-0.06098854
"ME_M_5",-0.06144298
"ME_M_5",-0.01231506
"ME_M_5",-0.03992729
"ME_M_5",-0.000774879
"ME_M_5",0.03201141
"ME_M_5",0.01536559
"ME_M_5",0.002096902
"ME_M_5",-0.04449532
"ME_M_5",-0.02565093
"ME_M_5",0.009399083
"ME_M_5",0.001812246
"ME_M_5",-0.05414293
"ME_M_5",-0.009156612
"ME_M_5",0.01255706
"ME_M_5",0.04013168
"ME_M_5",-0.06883843
"ME_M_5",-0.1617293
"ME_M_5",-0.1334435
"ME_M_5",0.09780163
"ME_M_5",0.01725678
"ME_M_5",-0.01570306
"ME_M_5",0.01229528
"ME_M_5",-0.1362921
"ME_M_5",-0.04149339
"ME_M_5",-0.1238671
"ME_M_5",-0.0882773
"ME_M_5",-0.142974
"ME_M_5",-0.00448396
"ME_M_5",0.03112331
"ME_M_5",-0.08487973
"ME_M_5",-0.05823162
"ME_M_5",-0.01018545
"ME_M_5",0.01482326
"ME_M_5",0.130481
"ME_M_5",0.07045623
"ME_M_5",0.09742534
"ME_M_5",-0.05915786
"ME_M_5",0.07425779
"ME_M_5",0.06380451
"ME_M_5",-0.0843372
"ME_M_5",-0.1384394
"ME_M_5",-0.1425294
"ME_M_5",-0.05639747
"ME_M_5",-0.1105514
"ME_M_5",-0.09953699
"ME_M_5",-0.003499288
"ME_M_5",-0.04768449
"ME_M_5",0.04541221
"ME_M_5",0.06043456
"ME_M_5",-0.01893133
"ME_M_5",0.0003162678
"ME_M_5",0.02033786
"ME_M_5",-0.03940808
"ME_M_5",0.0407088
"ME_M_5",-0.02558374
"ME_M_5",-0.0356398
"ME_M_5",-0.05223426
"ME_M_5",-0.04331044
"ME_M_5",-0.09265056
"ME_M_5",-0.06746961
"ME_M_5",0.01047866
"ME_M_5",-0.0279917
"ME_M_5",-0.04291025
"ME_M_5",-0.02995119
"ME_M_5",-0.04658878
"ME_M_5",-0.01036301
"ME_M_5",-0.005637098
"ME_M_5",-0.002874523
"ME_M_5",-0.01796156
"ME_M_5",0.05414629
"ME_M_5",0.002881926
"ME_M_5",-0.1247664
"ME_M_5",-0.1318459
"ME_M_5",-0.1259779
"ME_M_5",-0.1337797
"ME_M_5",0.06027665
"ME_M_5",0.02483949
"ME_M_5",-0.0816257
"ME_M_5",-0.09744363
"ME_M_5",-0.0888912
"ME_M_5",-0.1513417
"ME_M_5",0.143243
"ME_M_5",-0.1551578
"ME_M_5",-0.130325
"ME_M_5",-0.07790967
"ME_M_5",0.09824753
"ME_M_5",-0.01734428
"ME_M_5",-0.003929555
"ME_M_5",-0.002290034
"ME_M_5",-0.03237184
"ME_M_5",-0.01271095
"ME_M_5",-0.08177373
"ME_M_5",-0.08555233
"ME_M_5",-0.03330868
"ME_M_5",0.0278639
"ME_M_5",-0.04712889
"ME_M_5",-0.06454359
"ME_M_5",-0.008184994
"ME_M_5",-0.05696377
"ME_M_5",-0.05584989
"ME_M_5",-0.04868911
"ME_M_5",-0.06256138
"ME_M_5",-0.04368704
"ME_M_5",-0.08598924
"ME_M_5",-0.06148421
"ME_M_5",0.06678957
"ME_M_5",0.01575005
"ME_M_5",-0.07572237
"ME_M_5",-0.0363328
"ME_M_5",-0.0363838
"ME_M_5",-0.05785261
"ME_M_5",-0.0153304
"ME_M_5",-0.05473489
"ME_M_5",-0.03568254
"ME_M_5",-0.03607224
"ME_M_5",-0.0301698
"ME_M_5",-0.03278448
"ME_M_5",-0.05811057
"ME_M_5",-0.03492334
"ME_M_5",0.08992219
"ME_M_5",0.1102771
"ME_M_5",-0.07866223
"ME_M_5",-0.05955933
"ME_M_5",0.05112468
"ME_M_5",-0.009444417
"ME_M_5",-0.0005158782
"ME_M_5",-0.07128587
"ME_M_5",-0.0899474
"ME_M_5",-0.1098339
"ME_M_5",-0.03256107
"ME_M_5",-0.01352656
"ME_M_5",-0.06527083
"ME_M_5",-0.001720301
"ME_M_5",0.0008137412
"ME_M_5",-0.07592487
"ME_M_5",0.05989489
"ME_M_5",0.1039785
"ME_M_5",0.155625
"ME_M_5",-0.05846428
"ME_M_5",-0.00562348
"ME_M_5",0.06899759
"ME_M_5",-0.07154471
"ME_M_5",0.006362654
"ME_M_5",0.004339552
"ME_M_5",0.01503192
"ME_M_5",0.005357509
"ME_M_5",0.02902905
"ME_M_5",0.03899402
"ME_M_5",-0.01554934
"ME_M_5",0.002716474
"ME_M_5",0.0783868
"ME_M_5",0.02976463
"ME_M_5",0.005985215
"ME_M_5",0.008111838
"ME_M_5",-0.04700913
"ME_M_5",-0.03910604
"ME_M_5",-0.2026066
"ME_M_5",-0.1574344
"ME_M_5",-0.07090092
"ME_M_5",0.1105091
"ME_M_5",-0.03875142
"ME_M_5",-0.118589
"ME_M_5",-0.1114792
"ME_M_5",-0.05208575
"ME_M_5",0.1873379
"ME_M_5",0.1697047
"ME_M_5",0.06263639
"ME_M_5",-0.07050487
"ME_M_5",0.06581762
"ME_M_5",0.07998665
"ME_M_5",-0.0005960213
"ME_M_5",-0.1124476
"ME_M_5",-0.08167818
"ME_M_5",0.024417
"ME_M_5",-0.04744367
"ME_M_5",-0.114588
"ME_M_5",-0.03492935
"ME_M_5",-0.01826793
"ME_M_5",0.06754379
"ME_M_5",-0.08371101
"ME_M_5",-0.0369136
"ME_M_5",0.003425021
"ME_M_5",0.0818951
"ME_M_5",-0.06820008
"ME_M_5",0.01003469
"ME_M_5",0.03222734
"ME_M_5",0.00176337
"ME_M_5",-0.09745774
"ME_M_5",-0.02805893
"ME_M_5",-0.00997756
"ME_M_5",-0.02665225
"ME_M_5",-0.04958352
"ME_M_5",-0.06638537
"ME_M_5",-0.1452573
"ME_M_5",-0.07661022
"ME_M_5",-0.05438078
"ME_M_5",-0.0675671
"ME_M_5",-0.06129739
"ME_M_5",-0.06907088
"ME_M_5",-0.05010603
"ME_M_5",-0.05506322
"ME_M_5",0.01956134
"ME_M_5",-0.03461852
"ME_M_5",0.003183475
"ME_M_5",0.005750909
"ME_M_5",0.0109596
"ME_M_5",-0.007942628
"ME_M_5",-0.04990354
"ME_M_5",0.005867769
"ME_M_5",-0.05147521
"ME_M_5",-0.02730577
"ME_M_5",0.001391018
"ME_M_5",-0.03332743
"ME_M_5",-0.04420601
"ME_M_5",0.00382972
"ME_M_5",-0.02885142
"ME_M_5",-0.06613443
"ME_M_5",-0.04885095
"ME_M_5",0.005467858
"ME_M_5",0.1600756
"ME_M_5",0.03432015
"ME_M_5",-0.02104331
"ME_M_5",-0.007636847
"ME_M_5",0.0100801
"ME_M_5",-0.03609148
"ME_M_5",-0.03141495
"ME_M_5",0.1348165
"ME_M_5",0.08893318
"ME_M_5",-0.01166474
"ME_M_5",-0.06120019
"ME_M_5",-0.1305965
"ME_M_5",-0.2091307
"ME_M_5",-0.0836778
"ME_M_5",-0.08205646
"ME_M_5",-0.1896664
"ME_M_5",-0.04419556
"ME_M_5",0.05580197
"ME_M_5",0.06476819
"ME_M_5",0.05386733
"ME_M_5",0.02676887
"ME_M_5",-0.01797396
"ME_M_5",-0.01742911
"ME_M_5",-0.08509082
"ME_M_5",-0.1185717
"ME_M_5",-0.1376096
"ME_M_5",-0.04052439
"ME_M_5",-0.004425516
"ME_M_5",0.08785713
"ME_M_5",-0.06280092
"ME_M_5",-0.108433
"ME_M_5",-0.1670357
"ME_M_5",-0.01763206
"ME_M_5",0.07019592
"ME_M_5",-0.1191698
"ME_M_5",-0.1764645
"ME_M_5",-0.09438431
"ME_M_5",0.001527213
"ME_M_5",-0.03219253
"ME_M_5",-0.05437592
"ME_M_5",-0.1360944
"ME_M_5",-0.02912183
"ME_M_5",-0.0102716
"ME_M_5",0.04479062
"ME_M_5",-0.001808077
"ME_M_5",0.005262179
"ME_M_5",-0.02133696
"ME_M_5",0.01172697
"ME_M_5",0.01300709
"ME_M_5",-0.03723284
"ME_M_5",-0.03013112
"ME_M_5",-0.02727251
"ME_M_5",-0.07014044
"ME_M_5",-0.003873266
"ME_M_5",0.000422623
"ME_M_5",0.005807114
"ME_M_5",-0.04738071
"ME_M_5",-0.08516185
"ME_M_5",-0.05354713
"ME_M_5",-0.02447388
"ME_M_5",-0.01371851
"ME_M_5",0.005936613
"ME_M_5",-0.004055338
"ME_M_5",-0.0771239
"ME_M_5",-0.04514734
"ME_M_5",-0.02504497
"ME_M_5",-0.004573629
"ME_M_5",-0.004902683
"ME_M_5",-0.006949836
"ME_M_5",-0.09372672
"ME_M_5",-0.0337563
"ME_M_5",-0.02656098
"ME_M_5",-0.02449754
"ME_M_5",-0.03460233
"ME_M_5",-0.02333037
"ME_M_5",0.01828945
"ME_M_5",0.02561282
"ME_M_5",0.03240263
"ME_M_5",0.0241373
"ME_M_5",0.007265442
"ME_M_5",0.06269272
"ME_M_5",0.004809648
"ME_M_5",0.01952426
"ME_M_5",-0.007835072
"ME_M_5",0.001785286
"ME_M_5",0.01549559
"ME_M_5",0.05550466
"ME_M_5",-0.02640249
"ME_M_5",-0.05111958
"ME_M_5",0.0005685613
"ME_M_5",-0.04339503
"ME_M_5",-0.4631446
"ME_M_5",-0.2449562
"ME_M_5",0.201818
"ME_M_5",0.2135772
"ME_M_5",0.01033187
"ME_M_5",-0.2581386
"ME_M_5",-0.2052702
"ME_M_5",0.05452378
"ME_M_5",0.1926965
"ME_M_5",0.1203275
"ME_M_5",0.003893031
"ME_M_5",0.1169713
"ME_M_5",0.1031079
"ME_M_5",-0.01008781
"ME_M_5",0.007724348
"ME_M_5",0.0254389
"ME_M_5",0.0006398223
"ME_M_5",-0.01215677
"ME_M_5",-0.1189364
"ME_M_5",-0.09979359
"ME_M_5",0.04176942
"ME_M_5",0.0285692
"ME_M_5",0.007487588
"ME_M_5",-0.01989341
"ME_M_5",0.00866846
"ME_M_5",-0.08209886
"ME_M_5",-0.1795638
"ME_M_5",-0.1205124
"ME_M_5",0.1311319
"ME_M_5",0.1573398
"ME_M_5",-0.01828389
"ME_M_5",-0.1371568
"ME_M_5",-0.01727708
"ME_M_5",0.05401627
"ME_M_5",-0.04385696
"ME_M_5",-0.2089635
"ME_M_5",-0.1998407
"ME_M_5",-0.08794766
"ME_M_5",0.01021922
"ME_M_5",-0.01081618
"ME_M_5",-0.1142901
"ME_M_5",-0.1056689
"ME_M_5",0.01004162
"ME_M_5",0.06645045
"ME_M_5",-0.003574256
"ME_M_5",-0.02074525
"ME_M_5",-0.02141051
"ME_M_5",-0.04182209
"ME_M_5",0.09260878
"ME_M_5",0.09783995
"ME_M_5",0.01278528
"ME_M_5",-0.003930658
"ME_M_5",-0.01065336
"ME_M_5",-0.04170577
"ME_M_5",0.03851131
"ME_M_5",-0.005549233
"ME_M_5",-0.05674281
"ME_M_5",-0.1055333
"ME_M_5",-0.08474302
"ME_M_5",-0.04573403
"ME_M_5",-0.02763853
"ME_M_5",-0.05009488
"ME_M_5",0.040213
"ME_M_5",0.05388138
"ME_M_5",0.02145006
"ME_M_5",-0.053373
"ME_M_5",-0.03381042
"ME_M_5",0.06570224
"ME_M_5",-0.09473855
"ME_M_5",-0.05516665
"ME_M_5",-0.09380895
"ME_M_5",-0.04440458
"ME_M_5",-0.02578023
"ME_M_5",-0.07397677
"ME_M_5",-0.02836695
"ME_M_5",0.05044746
"ME_M_5",0.1229306
"ME_M_5",-0.01501719
"ME_M_5",-0.01012617
"ME_M_5",-0.04389906
"ME_M_5",-0.08648744
"ME_M_5",-0.04664943
"ME_M_5",-0.009092815
"ME_M_5",-0.05150976
"ME_M_5",-0.01676321
"ME_M_5",-0.007575825
"ME_M_5",-0.05488311
"ME_M_5",-0.06832585
"ME_M_5",-0.04987621
"ME_M_5",0.01131907
"ME_M_5",0.0556102
"ME_M_5",-0.01760354
"ME_M_5",-0.03642242
"ME_M_5",0.04346409
"ME_M_5",0.09441298
"ME_M_5",0.06152415
"ME_M_5",-0.0432875
"ME_M_5",-0.03229334
"ME_M_5",0.05928183
"ME_M_5",0.03915418
"ME_M_5",-0.05456448
"ME_M_5",-0.1421964
"ME_M_5",-0.1091512
"ME_M_5",-0.09437221
"ME_M_5",-0.04895215
"ME_M_5",-0.02506914
"ME_M_5",-0.06976192
"ME_M_5",-0.0930699
"ME_M_5",0.002126697
"ME_M_5",-0.05239784
"ME_M_5",-0.05200686
"ME_M_5",0.001288854
"ME_M_5",-0.04346596
"ME_M_5",-0.004519765
"ME_M_5",-0.06765851
"ME_M_5",-0.06462069
"ME_M_5",-0.06487219
"ME_M_5",-0.01587065
"ME_M_5",0.005067829
"ME_M_5",-0.04204834
"ME_M_5",0.01468078
"ME_M_5",-0.05099778
"ME_M_5",-0.03497423
"ME_M_5",0.0003540176
"ME_M_5",-0.01970504
"ME_M_5",-0.01427158
"ME_M_5",-0.02719145
"ME_M_5",-0.03110009
"ME_M_5",0.03485293
"ME_M_5",0.03709167
"ME_M_5",-0.02233907
"ME_M_5",0.04322487
"ME_M_5",0.06465314
"ME_M_5",0.03776927
"ME_M_5",-0.1410799
"ME_M_5",-0.2290998
"ME_M_5",-0.01820068
"ME_M_5",0.00844244
"ME_M_5",0.1254408
"ME_M_5",0.04570089
"ME_M_5",0.01198691
"ME_M_5",0.0005481541
"ME_M_5",0.04214959
"ME_M_5",-0.01887079
"ME_M_5",-0.03540904
"ME_M_5",-0.05261307
"ME_M_5",-0.09276057
"ME_M_5",-0.09320898
"ME_M_5",-0.03310557
"ME_M_5",-0.01047475
"ME_M_5",-0.03520815
"ME_M_5",0.09453209
"ME_M_5",-0.03616948
"ME_M_5",-0.09500063
"ME_M_5",-0.01664692
"ME_M_5",0.07064501
"ME_M_5",-0.06974404
"ME_M_5",-0.1116796
"ME_M_5",-0.1400761
"ME_M_5",-0.01362453
"ME_M_5",0.09358359
"ME_M_5",0.0696982
"ME_M_5",-0.05050045
"ME_M_5",-0.1289031
"ME_M_5",0.01907433
"ME_M_5",-0.003473364
"ME_M_5",0.02011335
"ME_M_5",-0.03128867
"ME_M_5",0.01318314
"ME_M_5",0.01648996
"ME_M_5",0.05573894
"ME_M_5",0.03436606
"ME_M_5",-0.08340172
"ME_M_5",-0.06454219
"ME_M_5",-0.02633771
"ME_M_5",-0.08991836
"ME_M_5",-0.0824923
"ME_M_5",-0.1025072
"ME_M_5",-0.08620036
"ME_M_5",-0.1099265
"ME_M_5",-0.0383136
"ME_M_5",-0.03263932
"ME_M_5",0.03834717
"ME_M_5",0.07266839
"ME_M_5",0.02336719
"ME_M_5",-0.01162199
"ME_M_5",-0.05647359
"ME_M_5",0.07419012
"ME_M_5",0.04320928
"ME_M_5",-0.02037819
"ME_M_5",-0.04419805
"ME_M_5",-0.05112222
"ME_M_5",-0.05438276
"ME_M_5",-0.04529044
"ME_M_5",-0.05761261
"ME_M_5",-0.04755388
"AS_F_1",-0.1289566
"AS_F_1",-0.07010385
"AS_F_1",-0.1130506
"AS_F_1",-0.04937673
"AS_F_1",-0.04680253
"AS_F_1",-0.01611377
"AS_F_1",0.02368531
"AS_F_1",0.1231597
"AS_F_1",0.08418247
"AS_F_1",-0.02042548
"AS_F_1",0.0290706
"AS_F_1",-0.0163962
"AS_F_1",-0.1032317
"AS_F_1",0.001226489
"AS_F_1",-0.03442498
"AS_F_1",0.05073749
"AS_F_1",0.1105524
"AS_F_1",0.09311303
"AS_F_1",0.08456862
"AS_F_1",-0.03919259
"AS_F_1",-0.1014786
"AS_F_1",-0.1859246
"AS_F_1",-0.1321584
"AS_F_1",-0.07463676
"AS_F_1",-0.03319906
"AS_F_1",0.005883008
"AS_F_1",-0.08755039
"AS_F_1",-0.1855278
"AS_F_1",-0.2127609
"AS_F_1",-0.2979228
"AS_F_1",-0.2007952
"AS_F_1",-0.1429242
"AS_F_1",-0.06835874
"AS_F_1",-0.001204614
"AS_F_1",-0.01859786
"AS_F_1",0.05365366
"AS_F_1",0.07502807
"AS_F_1",0.09052537
"AS_F_1",0.04532334
"AS_F_1",0.05571042
"AS_F_1",0.08063124
"AS_F_1",0.04679035
"AS_F_1",0.1211875
"AS_F_1",0.1233452
"AS_F_1",0.02592623
"AS_F_1",-0.1606724
"AS_F_1",-0.1554552
"AS_F_1",-0.1018627
"AS_F_1",0.007470652
"AS_F_1",-0.04271547
"AS_F_1",-0.05582748
"AS_F_1",-0.04454926
"AS_F_1",-0.05398336
"AS_F_1",0.08109209
"AS_F_1",0.08245575
"AS_F_1",0.1001313
"AS_F_1",0.0650021
"AS_F_1",0.06451375
"AS_F_1",-0.02148171
"AS_F_1",-0.006119048
"AS_F_1",-0.06525065
"AS_F_1",-0.05432881
"AS_F_1",-0.05960442
"AS_F_1",-0.07322953
"AS_F_1",-0.06595372
"AS_F_1",-0.03165717
"AS_F_1",-0.0510509
"AS_F_1",-0.09543207
"AS_F_1",-0.03393324
"AS_F_1",-0.04587931
"AS_F_1",-0.0312355
"AS_F_1",-0.02517193
"AS_F_1",-0.01324163
"AS_F_1",-0.06192289
"AS_F_1",0.01864146
"AS_F_1",0.02085287
"AS_F_1",-0.0005610324
"AS_F_1",-0.015252
"AS_F_1",-0.01609398
"AS_F_1",0.008570564
"AS_F_1",-0.01152324
"AS_F_1",-0.02877297
"AS_F_1",0.05650886
"AS_F_1",0.06840769
"AS_F_1",0.07180118
"AS_F_1",0.1633293
"AS_F_1",0.1932923
"AS_F_1",0.2782706
"AS_F_1",0.1878488
"AS_F_1",0.124454
"AS_F_1",0.2812624
"AS_F_1",0.1277182
"AS_F_1",0.07746533
"AS_F_1",-0.09188887
"AS_F_1",-0.245661
"AS_F_1",-0.2653471
"AS_F_1",-0.2470106
"AS_F_1",-0.2514773
"AS_F_1",-0.2549631
"AS_F_1",-0.2343913
"AS_F_1",-0.1993384
"AS_F_1",-0.1814477
"AS_F_1",-0.1465104
"AS_F_1",-0.119771
"AS_F_1",-0.1593601
"AS_F_1",-0.1413901
"AS_F_1",-0.006512277
"AS_F_1",0.1040141
"AS_F_1",0.2345042
"AS_F_1",0.3934585
"AS_F_1",0.1939975
"AS_F_1",0.1352779
"AS_F_1",0.06266271
"AS_F_1",0.06919445
"AS_F_1",-0.03256283
"AS_F_1",0.01547269
"AS_F_1",-0.04904647
"AS_F_1",-0.08811565
"AS_F_1",-0.1829365
"AS_F_1",-0.1360103
"AS_F_1",-0.136626
"AS_F_1",-0.1399635
"AS_F_1",-0.1110596
"AS_F_1",-0.06219911
"AS_F_1",-0.08833448
"AS_F_1",-0.04294999
"AS_F_1",-0.03558756
"AS_F_1",-0.03432864
"AS_F_1",-0.09110609
"AS_F_1",-0.06355058
"AS_F_1",0.0244408
"AS_F_1",0.0265285
"AS_F_1",0.1035623
"AS_F_1",0.05741089
"AS_F_1",0.04370409
"AS_F_1",-0.01100348
"AS_F_1",-0.03086537
"AS_F_1",0.002956091
"AS_F_1",0.0158375
"AS_F_1",0.02264646
"AS_F_1",-0.02606111
"AS_F_1",-0.07778659
"AS_F_1",-0.062847
"AS_F_1",-0.06308028
"AS_F_1",-0.01399136
"AS_F_1",0.007598491
"AS_F_1",-0.002888581
"AS_F_1",0.1074662
"AS_F_1",0.03365929
"AS_F_1",0.1256337
"AS_F_1",-0.06232358
"AS_F_1",-0.1040048
"AS_F_1",-0.01357201
"AS_F_1",0.02634559
"AS_F_1",0.04209144
"AS_F_1",0.03585637
"AS_F_1",0.03663272
"AS_F_1",-0.04958102
"AS_F_1",-0.09154489
"AS_F_1",-0.07267854
"AS_F_1",-0.1093814
"AS_F_1",0.08612107
"AS_F_1",0.03380658
"AS_F_1",-0.01764116
"AS_F_1",-0.169706
"AS_F_1",-0.2872114
"AS_F_1",-0.1311015
"AS_F_1",0.08629577
"AS_F_1",0.2042264
"AS_F_1",0.1572474
"AS_F_1",-0.04978041
"AS_F_1",-0.0961024
"AS_F_1",-0.1164349
"AS_F_1",-0.1036818
"AS_F_1",0.1059272
"AS_F_1",0.108872
"AS_F_1",0.0720242
"AS_F_1",0.08858384
"AS_F_1",0.01640897
"AS_F_1",0.05009831
"AS_F_1",0.05990056
"AS_F_1",0.04139263
"AS_F_1",0.03152506
"AS_F_1",-0.02440303
"AS_F_1",-0.0619095
"AS_F_1",-0.1053895
"AS_F_1",-0.142916
"AS_F_1",-0.2140852
"AS_F_1",-0.03821006
"AS_F_1",-0.03982347
"AS_F_1",0.08590689
"AS_F_1",0.07935889
"AS_F_1",0.06787784
"AS_F_1",0.05576904
"AS_F_1",0.08153526
"AS_F_1",0.07375113
"AS_F_1",0.06323598
"AS_F_1",0.04376283
"AS_F_1",-0.05035966
"AS_F_1",-0.07833092
"AS_F_1",-0.1088886
"AS_F_1",-0.08167311
"AS_F_1",0.004599739
"AS_F_1",-0.04657599
"AS_F_1",-0.09443896
"AS_F_1",-0.05065634
"AS_F_1",-0.04177284
"AS_F_1",0.008710189
"AS_F_1",0.04210319
"AS_F_1",0.03933977
"AS_F_1",0.03587899
"AS_F_1",0.07356539
"AS_F_1",0.0344224
"AS_F_1",-0.03009866
"AS_F_1",-0.02976416
"AS_F_1",0.006538697
"AS_F_1",-0.02079767
"AS_F_1",-0.005753985
"AS_F_1",-0.03720063
"AS_F_1",-0.1040515
"AS_F_1",-0.06959901
"AS_F_1",-0.02409555
"AS_F_1",0.006641816
"AS_F_1",-0.04796964
"AS_F_1",-0.07320851
"AS_F_1",0.02151714
"AS_F_1",0.07145727
"AS_F_1",0.04450402
"AS_F_1",-0.02217
"AS_F_1",0.05594859
"AS_F_1",0.1318963
"AS_F_1",0.1114962
"AS_F_1",-0.03066089
"AS_F_1",-0.02753935
"AS_F_1",0.005877942
"AS_F_1",-0.01509403
"AS_F_1",-0.02255141
"AS_F_1",0.062026
"AS_F_1",-0.02836297
"AS_F_1",-0.08773234
"AS_F_1",-0.1774303
"AS_F_1",-0.06712189
"AS_F_1",0.05420249
"AS_F_1",0.0840105
"AS_F_1",0.05963932
"AS_F_1",0.030415
"AS_F_1",-0.3463023
"AS_F_1",0.3005697
"AS_F_1",0.2288833
"AS_F_1",0.2053488
"AS_F_1",0.02365015
"AS_F_1",-0.06178984
"AS_F_1",-0.0003257729
"AS_F_1",0.02051568
"AS_F_1",0.07916154
"AS_F_1",0.001497619
"AS_F_1",-0.04115717
"AS_F_1",-0.07080203
"AS_F_1",-0.01284093
"AS_F_1",-0.03501458
"AS_F_1",-0.0137069
"AS_F_1",0.01056408
"AS_F_1",-0.05798914
"AS_F_1",-0.06307983
"AS_F_1",-0.06243721
"AS_F_1",-0.001589654
"AS_F_1",-0.0155927
"AS_F_1",-0.01640282
"AS_F_1",-0.02710363
"AS_F_1",-0.04213991
"AS_F_1",-0.05234768
"AS_F_1",-0.03425484
"AS_F_1",-0.002466228
"AS_F_1",0.03583733
"AS_F_1",-0.01233883
"AS_F_1",0.00331663
"AS_F_1",-0.003846629
"AS_F_1",0.04159428
"AS_F_1",0.052072
"AS_F_1",0.02667462
"AS_F_1",-0.02452906
"AS_F_1",0.01189574
"AS_F_1",-0.03168644
"AS_F_1",0.0006602183
"AS_F_1",-0.02109923
"AS_F_1",0.01095621
"AS_F_1",-0.03094509
"AS_F_1",0.001527556
"AS_F_1",-0.03051291
"AS_F_1",-0.04560903
"AS_F_1",0.0007210746
"AS_F_1",0.02536414
"AS_F_1",0.01117224
"AS_F_1",-0.04684458
"AS_F_1",-0.08340862
"AS_F_1",-0.03098407
"AS_F_1",-0.03488945
"AS_F_1",-0.07068422
"AS_F_1",-0.04545098
"AS_F_1",-0.06875346
"AS_F_1",-0.09089112
"AS_F_1",0.06813018
"AS_F_1",0.04913458
"AS_F_1",-0.008994028
"AS_F_1",-0.02588959
"AS_F_1",0.03535355
"AS_F_1",0.02350208
"AS_F_1",-0.03814193
"AS_F_1",-0.04049363
"AS_F_1",-0.03012615
"AS_F_1",-0.004021119
"AS_F_1",-0.02055363
"AS_F_1",0.01457731
"AS_F_1",-0.04624584
"AS_F_1",-0.09463662
"AS_F_1",-0.1229912
"AS_F_1",-0.15143
"AS_F_1",0.003932189
"AS_F_1",0.2043296
"AS_F_1",0.05838676
"AS_F_1",0.01677059
"AS_F_1",-0.1256486
"AS_F_1",-0.0564396
"AS_F_1",-0.08535363
"AS_F_1",-0.06481043
"AS_F_1",-0.06572678
"AS_F_1",-0.131949
"AS_F_1",-0.1099989
"AS_F_1",-0.112945
"AS_F_1",-0.03986387
"AS_F_1",-0.03700132
"AS_F_1",-0.05908009
"AS_F_1",-0.03027984
"AS_F_1",0.007733678
"AS_F_1",0.01007892
"AS_F_1",0.05244061
"AS_F_1",0.02716834
"AS_F_1",0.02432763
"AS_F_1",0.04369623
"AS_F_1",0.0536101
"AS_F_1",0.002517413
"AS_F_1",-0.000272708
"AS_F_1",-0.04827241
"AS_F_1",-0.05481727
"AS_F_1",0.02363605
"AS_F_1",-0.005418705
"AS_F_1",-0.03134775
"AS_F_1",-0.02033139
"AS_F_1",-0.01067865
"AS_F_1",-0.04188066
"AS_F_1",-0.05024555
"AS_F_1",-0.0344571
"AS_F_1",-0.02872546
"AS_F_1",-0.0595264
"AS_F_1",-0.09417715
"AS_F_1",-0.02409846
"AS_F_1",-0.02424113
"AS_F_1",-0.02117045
"AS_F_1",0.005303371
"AS_F_1",0.02918477
"AS_F_1",0.03578068
"AS_F_1",0.03537287
"AS_F_1",0.03730479
"AS_F_1",0.09927049
"AS_F_1",0.07494611
"AS_F_1",0.01543022
"AS_F_1",0.02154576
"AS_F_1",-0.02805833
"AS_F_1",-0.02342743
"AS_F_1",-0.02467813
"AS_F_1",0.02299056
"AS_F_1",-0.02977146
"AS_F_1",-0.01216305
"AS_F_1",0.02918523
"AS_F_1",0.02299725
"AS_F_1",0.004432213
"AS_F_1",0.0006145425
"AS_F_1",-0.06421982
"AS_F_1",-0.03442729
"AS_F_1",-0.05360541
"AS_F_1",0.01144088
"AS_F_1",0.1298948
"AS_F_1",0.1108207
"AS_F_1",0.003144168
"AS_F_1",-0.2147429
"AS_F_1",-0.2785108
"AS_F_1",-0.1816566
"AS_F_1",-0.05305514
"AS_F_1",0.09809992
"AS_F_1",-0.003783934
"AS_F_1",-0.06099036
"AS_F_1",-0.1239363
"AS_F_1",0.03645273
"AS_F_1",0.1610309
"AS_F_1",0.09743924
"AS_F_1",0.01519777
"AS_F_1",-0.06463555
"AS_F_1",-0.02320141
"AS_F_1",0.0422084
"AS_F_1",0.08195737
"AS_F_1",-0.01269111
"AS_F_1",-0.0583763
"AS_F_1",-0.07384238
"AS_F_1",-0.06059314
"AS_F_1",-0.0127794
"AS_F_1",-0.06118696
"AS_F_1",-0.002969354
"AS_F_1",-0.07277015
"AS_F_1",-0.03457844
"AS_F_1",0.0158536
"AS_F_1",-0.02302896
"AS_F_1",0.006012848
"AS_F_1",0.01941621
"AS_F_1",0.01079103
"AS_F_1",0.02163774
"AS_F_1",0.01620601
"AS_F_1",0.06470781
"AS_F_1",0.06675819
"AS_F_1",0.01782016
"AS_F_1",0.007988265
"AS_F_1",0.02572556
"AS_F_1",-0.0337598
"AS_F_1",-0.03292664
"AS_F_1",-0.1138915
"AS_F_1",-0.06054062
"AS_F_1",-0.08504651
"AS_F_1",-0.01166276
"AS_F_1",0.02705116
"AS_F_1",-0.04445237
"AS_F_1",-0.05131058
"AS_F_1",-0.06029228
"AS_F_1",-0.01471519
"AS_F_1",-0.02827736
"AS_F_1",0.02782639
"AS_F_1",0.01792506
"AS_F_1",0.03532121
"AS_F_1",0.008596373
"AS_F_1",-0.004194364
"AS_F_1",-0.08635724
"AS_F_1",-0.05760117
"AS_F_1",-0.06335833
"AS_F_1",-0.0711915
"AS_F_1",-0.04809669
"AS_F_1",0.002622081
"AS_F_1",0.06074309
"AS_F_1",-0.03647418
"AS_F_1",-0.1198753
"AS_F_1",-0.002346504
"AS_F_1",0.06499397
"AS_F_1",0.01821128
"AS_F_1",-0.024419
"AS_F_1",0.02891125
"AS_F_1",0.01542471
"AS_F_1",0.04523354
"AS_F_1",0.07561571
"AS_F_1",0.01796117
"AS_F_1",-0.01022693
"AS_F_1",-0.01073555
"AS_F_1",-0.02393768
"AS_F_1",-0.05496599
"AS_F_1",-0.03817951
"AS_F_1",-0.07445918
"AS_F_1",-0.1212049
"AS_F_1",-0.1422677
"AS_F_1",-0.15763
"AS_F_1",-0.04035713
"AS_F_1",0.04466132
"AS_F_1",0.03880077
"AS_F_1",0.02106522
"AS_F_1",0.02828726
"AS_F_1",0.00417893
"AS_F_1",-0.03917416
"AS_F_1",-0.05551719
"AS_F_1",-0.01184393
"AS_F_1",-0.04185383
"AS_F_1",0.03758027
"AS_F_1",0.0797231
"AS_F_1",-0.04808104
"AS_F_1",-0.1012389
"AS_F_1",-0.080698
"AS_F_1",-0.05693106
"AS_F_1",-0.01212621
"AS_F_1",0.02216669
"AS_F_1",0.03884926
"AS_F_1",-0.03153253
"AS_F_1",-0.1245785
"AS_F_1",-0.04146704
"AS_F_1",0.0321838
"AS_F_1",-0.07653166
"AS_F_1",-0.2400949
"AS_F_1",-0.1421586
"AS_F_1",0.02879274
"AS_F_1",0.08217472
"AS_F_1",0.06320085
"AS_F_1",0.08552759
"AS_F_1",0.1566863
"AS_F_1",0.129172
"AS_F_1",0.1553386
"AS_F_1",0.06099322
"AS_F_1",0.04382556
"AS_F_1",0.01478668
"AS_F_1",-0.0284611
"AS_F_1",-0.02620878
"AS_F_1",-0.03979916
"AS_F_1",-0.07656202
"AS_F_1",-0.07772783
"AS_F_1",-0.07948796
"AS_F_1",-0.063155
"AS_F_1",-0.06370113
"AS_F_1",-0.1058009
"AS_F_1",-0.1177079
"AS_F_1",0.01671715
"AS_F_1",-0.01869198
"AS_F_1",-0.03817065
"AS_F_1",0.001345752
"AS_F_1",-0.058139
"AS_F_1",-0.01109416
"AS_F_1",-0.06885333
"AS_F_1",-0.04763848
"AS_F_1",0.0001974627
"AS_F_1",0.02787063
"AS_F_1",0.009308297
"AS_F_1",-0.01500134
"AS_F_1",0.1103798
"AS_F_1",0.123482
"AS_F_1",0.05735744
"AS_F_1",-0.03942319
"AS_F_1",-0.04750771
"AS_F_1",-0.06479444
"AS_F_1",-0.01843231
"AS_F_1",-0.01255009
"AS_F_1",-0.01388088
"AS_F_1",0.07462687
"AS_F_1",0.03898779
"AS_F_1",0.003330524
"AS_F_1",-0.1029676
"AS_F_1",-0.03996225
"AS_F_1",-0.0910825
"AS_F_1",-0.03378299
"AS_F_1",-0.08941233
"AS_F_1",-0.1278186
"AS_F_1",-0.1225185
"AS_F_1",-0.1048888
"AS_F_1",-0.06550349
"AS_F_1",-0.02366973
"AS_F_1",-0.01204835
"AS_F_1",-0.009084796
"AS_F_1",0.05872944
"AS_F_1",-0.003957365
"AS_F_1",-0.0002319068
"AS_F_1",-0.01156948
"AS_F_1",0.01928914
"AS_F_1",0.09973537
"AS_F_1",0.09594579
"AS_F_1",0.1836523
"AS_F_1",0.09710598
"AS_F_1",-0.02336399
"AS_F_1",-0.06682961
"AS_F_1",-0.1376193
"AS_F_1",-0.1237712
"AS_F_1",-0.09998888
"AS_F_1",-0.04963339
"AS_F_1",-0.02319334
"AS_F_1",-0.03848798
"AS_F_1",-0.06698604
"AS_F_1",-0.09631807
"AS_F_1",-0.08827209
"AS_F_1",-0.006317098
"AS_F_1",-0.008505459
"AS_F_1",-0.009247579
"AS_F_1",-0.02995058
"AS_F_1",0.03695421
"AS_F_1",0.03143698
"AS_F_1",0.01496517
"AS_F_1",0.05340888
"AS_F_1",0.01133195
"AS_F_1",0.02594716
"AS_F_1",-0.06313187
"AS_F_1",-0.01315695
"AS_F_1",-0.02729375
"AS_F_1",-0.02730688
"AS_F_1",-0.03332509
"AS_F_1",-0.03739771
"AS_F_1",-0.06697347
"AS_F_1",0.1632444
"AS_F_1",0.05159902
"AS_F_1",-0.008000753
"AS_F_1",0.01235343
"AS_F_1",0.005817994
"AS_F_1",-0.04495791
"AS_F_1",-0.07276939
"AS_F_1",-0.06825767
"AS_F_1",-0.09696823
"AS_F_1",-0.07496171
"AS_F_1",-0.03120265
"AS_F_1",-0.06554439
"AS_F_1",-0.0657903
"AS_F_1",-0.02385039
"AS_F_1",-0.05546716
"AS_F_1",-0.05793067
"AS_F_1",-0.01310412
"AS_F_1",0.1507598
"AS_F_1",0.1755311
"AS_F_1",0.09391563
"AS_F_1",-0.05815899
"AS_F_1",-0.1581988
"AS_F_1",-0.1676892
"AS_F_1",-0.1183511
"AS_F_1",-0.06121104
"AS_F_1",-0.06060116
"AS_F_1",-0.005105514
"AS_F_1",0.007816998
"AS_F_1",-0.135186
"AS_F_1",-0.09151693
"AS_F_1",0.00167086
"AS_F_1",0.02912802
"AS_F_1",0.01876261
"AS_F_1",-0.03045615
"AS_F_1",0.01212729
"AS_F_1",0.01658811
"AS_F_1",-0.002492942
"AS_F_1",-0.07004339
"AS_F_1",-0.03765252
"AS_F_1",-0.07217237
"AS_F_1",-0.02113548
"AS_F_1",-0.08363152
"AS_F_1",-0.01670207
"AS_F_1",-0.02798663
"AS_F_1",-0.001332985
"AS_F_1",0.04408686
"AS_F_1",0.01592677
"AS_F_1",0.01870489
"AS_F_1",0.02906107
"AS_F_1",0.06934863
"AS_F_1",-0.02225669
"AS_F_1",0.04791076
"AS_F_1",0.02756573
"AS_F_1",-0.002534512
"AS_F_1",-0.005543299
"AS_F_1",0.04584758
"AS_F_1",-0.00340147
"AS_F_1",-0.06569931
"AS_F_1",-0.05975456
"AS_F_1",-0.04774445
"AS_F_1",-0.0394678
"AS_F_1",-0.03497861
"AS_F_1",-0.004069204
"AS_F_1",-0.0004387102
"AS_F_1",-0.02895652
"AS_F_1",-0.05029393
"AS_F_1",0.009561708
"AS_F_1",0.02400846
"AS_F_1",0.03396745
"AS_F_1",0.01778081
"AS_F_1",0.02857628
"AS_F_1",0.03497981
"AS_F_1",0.05064064
"AS_F_1",-0.07916512
"AS_F_1",-0.0322639
"AS_F_1",-0.08448372
"AS_F_1",-0.05792261
"AS_F_1",-0.04580082
"AS_F_1",-0.02316512
"AS_F_1",0.08901342
"AS_F_1",-0.00310651
"AS_F_1",-0.0124427
"AS_F_1",0.04954129
"AS_F_1",0.02383932
"AS_F_1",0.07510246
"AS_F_1",0.07352331
"AS_F_1",0.1307391
"AS_F_1",0.179149
"AS_F_1",0.1394168
"AS_F_1",0.1320236
"AS_F_1",0.01626989
"AS_F_1",-0.009129934
"AS_F_1",-0.05394912
"AS_F_1",-0.03401631
"AS_F_1",-0.05936112
"AS_F_1",-0.1024333
"AS_F_1",-0.1172543
"AS_F_1",-0.1194105
"AS_F_1",-0.1594233
"AS_F_1",-0.2179862
"AS_F_1",-0.1378214
"AS_F_1",0.003006943
"AS_F_1",-0.02103206
"AS_F_1",-0.09535869
"AS_F_1",-0.1161135
"AS_F_1",-0.1766783
"AS_F_1",-0.1142107
"AS_F_1",0.1010332
"AS_F_1",0.1630008
"AS_F_1",0.03793648
"AS_F_1",0.04278247
"AS_F_1",-0.02022132
"AS_F_1",0.02102769
"AS_F_1",-0.001489126
"AS_F_1",0.08892387
"AS_F_1",0.1292936
"AS_F_1",-0.006205633
"AS_F_1",-0.05163246
"AS_F_1",-0.2175061
"AS_F_1",0.1037053
"AS_F_1",0.1059097
"AS_F_1",-0.06440949
"AS_F_1",-0.09580027
"AS_F_1",-0.03261644
"AS_F_1",0.05142312
"AS_F_1",0.1327647
"AS_F_1",0.1193301
"AS_F_1",0.02423067
"AS_F_1",0.04136939
"AS_F_1",-0.05192251
"AS_F_1",-0.05395744
"AS_F_1",0.01152323
"AS_F_1",0.07292215
"AS_F_1",0.009232413
"AS_F_1",0.03072939
"AS_F_1",-0.09313595
"AS_F_1",-0.1361402
"AS_F_1",-0.1310524
"AS_F_1",-0.170654
"AS_F_1",-0.1287378
"AS_F_1",-0.154359
"AS_F_1",-0.1178246
"AS_F_1",-0.1056503
"AS_F_1",-0.04203323
"AS_F_1",0.01590868
"AS_F_1",0.05998358
"AS_F_1",0.115163
"AS_F_1",0.06306047
"AS_F_1",0.07726922
"AS_F_1",0.02799968
"AS_F_1",0.01562221
"AS_F_1",-0.0158489
"AS_F_1",0.004673664
"AS_F_1",0.02744249
"AS_F_1",-0.07636681
"AS_F_1",-0.1408138
"AS_F_1",-0.1352917
"AS_F_1",-0.06827364
"AS_F_1",-0.0006846851
"AS_F_1",0.09012492
"AS_F_1",0.0752607
"AS_F_1",0.07041597
"AS_F_1",-0.00419001
"AS_F_1",0.001077168
"AS_F_1",-0.005733872
"AS_F_1",-0.02326011
"AS_F_1",0.005505959
"AS_F_1",-0.04011678
"AS_F_1",-0.01310022
"AS_F_1",-0.05000306
"AS_F_1",-0.03638366
"AS_F_1",-0.007226314
"AS_F_1",-0.01781168
"AS_F_1",-0.04353546
"AS_F_1",-0.02573921
"AS_F_1",-0.05011425
"AS_F_1",-0.001770049
"AS_F_1",-0.03033319
"AS_F_1",-0.001721807
"AS_F_1",0.06621224
"AS_F_1",-0.03590292
"AS_F_1",0.01864539
"AS_F_1",0.0788402
"AS_F_1",0.1872292
"AS_F_1",0.01687247
"AS_F_1",-0.09219872
"AS_F_1",-0.09764514
"AS_F_1",-0.08998844
"AS_F_1",-0.1539145
"AS_F_1",-0.05602595
"AS_F_1",-0.06522153
"AS_F_1",0.01093095
"AS_F_1",-0.01571802
"AS_F_1",-0.0449237
"AS_F_1",-0.07800816
"AS_F_1",-0.01585003
"AS_F_1",0.01079865
"AS_F_1",0.02176474
"AS_F_1",0.03151695
"AS_F_1",0.02064714
"AS_F_1",0.03780954
"AS_F_1",0.05633547
"AS_F_1",0.01052166
"AS_F_1",0.01589039
"AS_F_1",0.02970607
"AS_F_1",0.03348934
"AS_F_1",-0.02252908
"AS_F_1",-0.03948476
"AS_F_1",0.01424967
"AS_F_1",0.007175848
"AS_F_1",-0.04526971
"AS_F_1",-0.07512444
"AS_F_1",-0.09961347
"AS_F_1",-0.03217865
"AS_F_1",-0.05094063
"AS_F_1",0.04957799
"AS_F_1",0.03338551
"AS_F_1",-0.007407524
"AS_F_1",-0.05259874
"AS_F_1",-0.02668645
"AS_F_1",0.09710949
"AS_F_1",0.06688684
"AS_F_1",0.02655814
"AS_F_1",-0.003527662
"AS_F_1",-0.07739964
"AS_F_1",-0.01537318
"AS_F_1",-0.01973429
"AS_F_1",-0.06117304
"AS_F_1",-0.0356472
"AS_F_1",-0.0934021
"AS_F_1",-0.07561389
"AS_F_1",-0.1145387
"AS_F_1",-0.09947474
"AS_F_1",-0.05908526
"AS_F_1",-0.0412508
"AS_F_1",-0.04200684
"AS_F_1",-0.0687915
"AS_F_1",-0.01358413
"AS_F_1",-0.02635773
"AS_F_1",-0.00566654
"AS_F_1",0.02027917
"AS_F_1",0.01258092
"AS_F_1",0.04172834
"AS_F_1",0.1561182
"AS_F_1",0.2362166
"AS_F_1",0.04506621
"AS_F_1",-0.07131913
"AS_F_1",-0.1506197
"AS_F_1",-0.2467368
"AS_F_1",-0.187339
"AS_F_1",-0.05893257
"AS_F_1",0.05980312
"AS_F_1",0.005872275
"AS_F_1",-0.05651132
"AS_F_1",-0.02204633
"AS_F_1",-0.006727688
"AS_F_1",0.03450686
"AS_F_1",0.099016
"AS_F_1",0.04049372
"AS_F_1",-0.02640106
"AS_F_1",-0.03410975
"AS_F_1",0.01273578
"AS_F_1",-0.001107544
"AS_F_1",0.002865955
"AS_F_1",-0.01414392
"AS_F_1",-0.05941215
"AS_F_1",0.01281236
"AS_F_1",0.04756228
"AS_F_1",0.05609839
"AS_F_1",0.03919146
"AS_F_1",-0.07784036
"AS_F_1",-0.08595541
"AS_F_1",-0.1148671
"AS_F_1",-0.05193765
"AS_F_1",-0.03244961
"AS_F_1",0.04787946
"AS_F_1",0.005332348
"AS_F_1",-0.02660302
"AS_F_1",-0.03328317
"AS_F_1",-0.01750748
"AS_F_1",0.005063674
"AS_F_1",0.03834342
"AS_F_1",-0.04945201
"AS_F_1",-0.0161899
"AS_F_1",-0.03077355
"AS_F_1",0.04474704
"AS_F_1",0.0315543
"AS_F_1",0.007021894
"AS_F_1",-0.03073023
"AS_F_1",0.0004593451
"AS_F_1",-0.05542697
"AS_F_1",-0.01624786
"AS_F_1",-0.03509162
"AS_F_2",0.001410592
"AS_F_2",-7.346459E-05
"AS_F_2",0.005936483
"AS_F_2",-0.0529357
"AS_F_2",-0.03186655
"AS_F_2",-0.01859951
"AS_F_2",0.02589828
"AS_F_2",0.03869988
"AS_F_2",-0.02807736
"AS_F_2",-0.02435082
"AS_F_2",-0.01005272
"AS_F_2",0.05392658
"AS_F_2",0.02099836
"AS_F_2",0.01647709
"AS_F_2",-0.03146138
"AS_F_2",-0.08328568
"AS_F_2",-0.04119975
"AS_F_2",-0.07260384
"AS_F_2",-0.08608653
"AS_F_2",-0.01082969
"AS_F_2",0.05866613
"AS_F_2",0.1548693
"AS_F_2",0.1115019
"AS_F_2",0.04814485
"AS_F_2",-0.03167845
"AS_F_2",-0.007030733
"AS_F_2",0.0677517
"AS_F_2",0.09234563
"AS_F_2",-0.1064731
"AS_F_2",-0.1050696
"AS_F_2",-0.05309925
"AS_F_2",0.003621403
"AS_F_2",-0.01968136
"AS_F_2",-0.02936031
"AS_F_2",-0.1031633
"AS_F_2",-0.01194268
"AS_F_2",0.03914877
"AS_F_2",-0.09985432
"AS_F_2",-0.02484228
"AS_F_2",0.05898681
"AS_F_2",0.1370628
"AS_F_2",0.05419695
"AS_F_2",-0.05921375
"AS_F_2",-0.07617804
"AS_F_2",-0.007735602
"AS_F_2",0.08365685
"AS_F_2",0.04600517
"AS_F_2",0.07290125
"AS_F_2",0.04805459
"AS_F_2",-0.001173925
"AS_F_2",-0.1176437
"AS_F_2",-0.08374239
"AS_F_2",0.01290587
"AS_F_2",-0.02350555
"AS_F_2",-0.001545431
"AS_F_2",-0.01486263
"AS_F_2",-0.03051393
"AS_F_2",-0.03371371
"AS_F_2",-0.03534668
"AS_F_2",-0.01448814
"AS_F_2",-0.02054456
"AS_F_2",-0.05348661
"AS_F_2",-0.08070613
"AS_F_2",-0.1438631
"AS_F_2",-0.06100385
"AS_F_2",-0.001116157
"AS_F_2",-0.002619244
"AS_F_2",0.01528036
"AS_F_2",0.0125127
"AS_F_2",0.02337091
"AS_F_2",0.02981443
"AS_F_2",-0.01298948
"AS_F_2",-0.007421538
"AS_F_2",-0.005129673
"AS_F_2",0.002740264
"AS_F_2",0.00389299
"AS_F_2",-0.023349
"AS_F_2",0.02840794
"AS_F_2",-0.0520345
"AS_F_2",-0.1007734
"AS_F_2",-0.1314834
"AS_F_2",-0.04558224
"AS_F_2",0.01922983
"AS_F_2",-0.01570163
"AS_F_2",0.01706308
"AS_F_2",0.02004601
"AS_F_2",-0.01710722
"AS_F_2",-0.01899722
"AS_F_2",0.03649714
"AS_F_2",-0.01084842
"AS_F_2",0.01891908
"AS_F_2",-0.01638035
"AS_F_2",-0.008457426
"AS_F_2",0.007198736
"AS_F_2",-0.02886735
"AS_F_2",-0.3029246
"AS_F_2",0.1460647
"AS_F_2",0.05136273
"AS_F_2",0.1680714
"AS_F_2",0.0322071
"AS_F_2",-0.04577715
"AS_F_2",-0.03109748
"AS_F_2",-0.05893233
"AS_F_2",-0.09579401
"AS_F_2",-0.1221265
"AS_F_2",-0.1549283
"AS_F_2",0.04439874
"AS_F_2",0.129953
"AS_F_2",0.02252619
"AS_F_2",0.09450021
"AS_F_2",0.1491641
"AS_F_2",0.2306281
"AS_F_2",-0.03672676
"AS_F_2",-0.1090468
"AS_F_2",-0.1465764
"AS_F_2",-0.08929676
"AS_F_2",0.02374337
"AS_F_2",-0.0660724
"AS_F_2",-0.03153185
"AS_F_2",0.0854503
"AS_F_2",-0.004644386
"AS_F_2",-0.09723254
"AS_F_2",-0.05014023
"AS_F_2",0.01600965
"AS_F_2",0.004148774
"AS_F_2",-0.03057838
"AS_F_2",-0.09524801
"AS_F_2",-0.06971992
"AS_F_2",-0.00381621
"AS_F_2",-0.03648306
"AS_F_2",0.006015189
"AS_F_2",0.01525968
"AS_F_2",-0.04357976
"AS_F_2",-0.09372543
"AS_F_2",-0.1291716
"AS_F_2",-0.04717425
"AS_F_2",-0.04415213
"AS_F_2",0.01282028
"AS_F_2",0.0380158
"AS_F_2",0.01546508
"AS_F_2",-0.07492608
"AS_F_2",-0.02699565
"AS_F_2",-0.003666053
"AS_F_2",0.03008475
"AS_F_2",0.03083838
"AS_F_2",0.08372703
"AS_F_2",-0.01410034
"AS_F_2",-0.01317308
"AS_F_2",-0.05824015
"AS_F_2",-0.08634798
"AS_F_2",-0.05303728
"AS_F_2",-0.003038358
"AS_F_2",0.03194503
"AS_F_2",-0.02396463
"AS_F_2",-0.07715256
"AS_F_2",-0.06450129
"AS_F_2",-0.004464366
"AS_F_2",-0.1535262
"AS_F_2",-0.1152189
"AS_F_2",-0.0579373
"AS_F_2",-0.03155464
"AS_F_2",-0.04571447
"AS_F_2",-0.09457683
"AS_F_2",-0.02745171
"AS_F_2",0.02938133
"AS_F_2",-0.01712832
"AS_F_2",0.09827438
"AS_F_2",0.1325054
"AS_F_2",0.05066417
"AS_F_2",0.002377622
"AS_F_2",-0.05349407
"AS_F_2",-0.04183273
"AS_F_2",0.04418217
"AS_F_2",0.03141511
"AS_F_2",-0.03220047
"AS_F_2",-0.07019765
"AS_F_2",-0.02524698
"AS_F_2",0.007415678
"AS_F_2",0.0688045
"AS_F_2",0.05637275
"AS_F_2",-0.055795
"AS_F_2",-0.1009762
"AS_F_2",-0.09390074
"AS_F_2",-0.08542497
"AS_F_2",0.1151753
"AS_F_2",0.1497931
"AS_F_2",0.08208913
"AS_F_2",-0.07164814
"AS_F_2",-0.1287517
"AS_F_2",-0.07268006
"AS_F_2",0.05329994
"AS_F_2",0.06011156
"AS_F_2",-0.03033167
"AS_F_2",-0.07802266
"AS_F_2",-0.1346312
"AS_F_2",-0.01589416
"AS_F_2",0.01829256
"AS_F_2",0.04509525
"AS_F_2",-0.03082728
"AS_F_2",-0.02790079
"AS_F_2",-0.08871999
"AS_F_2",-0.1168175
"AS_F_2",-0.04970187
"AS_F_2",-0.01726824
"AS_F_2",0.02746307
"AS_F_2",-0.0249669
"AS_F_2",-0.02142896
"AS_F_2",-0.05288435
"AS_F_2",-0.03147234
"AS_F_2",0.006929643
"AS_F_2",-0.003236381
"AS_F_2",-0.01713229
"AS_F_2",-0.03874287
"AS_F_2",0.04107179
"AS_F_2",-0.03775883
"AS_F_2",0.004443243
"AS_F_2",-0.03044401
"AS_F_2",0.01810553
"AS_F_2",0.00125956
"AS_F_2",0.04654511
"AS_F_2",-0.04174742
"AS_F_2",-0.05303706
"AS_F_2",-0.01788202
"AS_F_2",-0.07969472
"AS_F_2",-0.07215096
"AS_F_2",-0.03825839
"AS_F_2",0.02032373
"AS_F_2",-0.00275874
"AS_F_2",-0.0283735
"AS_F_2",-0.02992886
"AS_F_2",0.019923
"AS_F_2",0.05157404
"AS_F_2",-0.01551808
"AS_F_2",-0.02668752
"AS_F_2",0.005826524
"AS_F_2",-0.008301251
"AS_F_2",-0.01246824
"AS_F_2",-0.003055669
"AS_F_2",-0.0624348
"AS_F_2",-0.05201471
"AS_F_2",-0.01742332
"AS_F_2",-0.0109221
"AS_F_2",-0.004510626
"AS_F_2",-0.02949532
"AS_F_2",-0.03269382
"AS_F_2",0.03966498
"AS_F_2",0.01185255
"AS_F_2",0.0319905
"AS_F_2",0.004163524
"AS_F_2",0.0138045
"AS_F_2",-0.03959668
"AS_F_2",-0.006143449
"AS_F_2",-0.05996975
"AS_F_2",-0.03520686
"AS_F_2",0.07316945
"AS_F_2",0.06811405
"AS_F_2",-0.01335513
"AS_F_2",-0.06129567
"AS_F_2",0.00998091
"AS_F_2",0.0922925
"AS_F_2",0.09005812
"AS_F_2",0.1338557
"AS_F_2",0.08395232
"AS_F_2",0.02101419
"AS_F_2",0.02564386
"AS_F_2",0.09853709
"AS_F_2",-0.1719277
"AS_F_2",-0.2150675
"AS_F_2",-0.1283692
"AS_F_2",-0.05289168
"AS_F_2",-0.03636394
"AS_F_2",-0.04288559
"AS_F_2",-0.05069378
"AS_F_2",-0.1094313
"AS_F_2",-0.07105029
"AS_F_2",0.04527433
"AS_F_2",0.09347671
"AS_F_2",0.09485491
"AS_F_2",0.01264927
"AS_F_2",-0.07229991
"AS_F_2",-0.01103619
"AS_F_2",0.04788735
"AS_F_2",0.05383263
"AS_F_2",0.02964807
"AS_F_2",0.07220908
"AS_F_2",0.001444742
"AS_F_2",0.07717545
"AS_F_2",-0.004280315
"AS_F_2",0.02362405
"AS_F_2",0.03157347
"AS_F_2",-0.01009268
"AS_F_2",-0.04654755
"AS_F_2",-0.01697877
"AS_F_2",-0.01455718
"AS_F_2",0.06622918
"AS_F_2",0.02028469
"AS_F_2",-0.0006125011
"AS_F_2",0.006358027
"AS_F_2",0.01456573
"AS_F_2",-0.005115475
"AS_F_2",-0.02664655
"AS_F_2",-0.04434714
"AS_F_2",-0.04108626
"AS_F_2",-0.099692
"AS_F_2",-0.01593845
"AS_F_2",0.02420402
"AS_F_2",0.06205136
"AS_F_2",0.06265009
"AS_F_2",-0.04724162
"AS_F_2",-0.02776246
"AS_F_2",-0.08768933
"AS_F_2",-0.06198018
"AS_F_2",-0.1267075
"AS_F_2",-0.1634022
"AS_F_2",0.01825263
"AS_F_2",0.1538877
"AS_F_2",0.2589685
"AS_F_2",0.1280615
"AS_F_2",-0.110991
"AS_F_2",-0.1458187
"AS_F_2",-0.1147545
"AS_F_2",-0.03255453
"AS_F_2",0.02124115
"AS_F_2",0.02134528
"AS_F_2",0.001875181
"AS_F_2",-0.05231668
"AS_F_2",0.02782631
"AS_F_2",0.1263434
"AS_F_2",0.1502433
"AS_F_2",0.1843406
"AS_F_2",0.06590152
"AS_F_2",-0.008933268
"AS_F_2",-0.1156376
"AS_F_2",-0.1607192
"AS_F_2",0.03595513
"AS_F_2",0.05920167
"AS_F_2",0.0859632
"AS_F_2",0.1407552
"AS_F_2",0.1164411
"AS_F_2",0.06032179
"AS_F_2",-0.05600338
"AS_F_2",-0.2042339
"AS_F_2",-0.1956578
"AS_F_2",-0.1041536
"AS_F_2",0.04305784
"AS_F_2",0.08251353
"AS_F_2",-0.08726305
"AS_F_2",-0.1419645
"AS_F_2",0.009246714
"AS_F_2",0.07808983
"AS_F_2",-0.03561901
"AS_F_2",-0.1054106
"AS_F_2",-0.08616871
"AS_F_2",-0.06943479
"AS_F_2",-0.05018926
"AS_F_2",-0.06382345
"AS_F_2",-0.0690871
"AS_F_2",-0.04490276
"AS_F_2",-0.004524074
"AS_F_2",0.05908936
"AS_F_2",0.05688683
"AS_F_2",-0.04405044
"AS_F_2",0.01614049
"AS_F_2",-0.0101788
"AS_F_2",0.04124661
"AS_F_2",0.1814539
"AS_F_2",0.002833977
"AS_F_2",-0.1643031
"AS_F_2",-0.1514301
"AS_F_2",-0.1100896
"AS_F_2",-0.04530733
"AS_F_2",-0.07094976
"AS_F_2",-0.01695977
"AS_F_2",-0.04012623
"AS_F_2",-0.05758195
"AS_F_2",-0.1305714
"AS_F_2",-0.06798866
"AS_F_2",0.2543725
"AS_F_2",0.202843
"AS_F_2",0.1199951
"AS_F_2",-0.06028283
"AS_F_2",-0.1468107
"AS_F_2",-0.0750043
"AS_F_2",-0.001794107
"AS_F_2",0.1228976
"AS_F_2",0.06220306
"AS_F_2",-0.008265199
"AS_F_2",0.0122325
"AS_F_2",-0.1480046
"AS_F_2",-0.07928558
"AS_F_2",0.05603863
"AS_F_2",0.05882218
"AS_F_2",0.014571
"AS_F_2",-0.07176806
"AS_F_2",-0.07497109
"AS_F_2",0.04641519
"AS_F_2",0.05065019
"AS_F_2",0.02692756
"AS_F_2",0.04047785
"AS_F_2",-0.003670081
"AS_F_2",-0.08673686
"AS_F_2",-0.04886992
"AS_F_2",-0.05943703
"AS_F_2",-0.01971892
"AS_F_2",0.02278742
"AS_F_2",0.04795444
"AS_F_2",0.07084437
"AS_F_2",0.0469893
"AS_F_2",-0.0009968765
"AS_F_2",-0.04206485
"AS_F_2",-0.03886011
"AS_F_2",-0.06762089
"AS_F_2",-0.05508227
"AS_F_2",-0.05217295
"AS_F_2",-0.0148524
"AS_F_2",0.08196682
"AS_F_2",-0.003312018
"AS_F_2",-0.05103133
"AS_F_2",-0.01996773
"AS_F_2",-0.03902748
"AS_F_2",-0.006707042
"AS_F_2",-0.04575957
"AS_F_2",-0.0220519
"AS_F_2",-0.04678678
"AS_F_2",-0.01330762
"AS_F_2",-0.01180927
"AS_F_2",-0.01420818
"AS_F_2",-0.0007971711
"AS_F_2",-0.005674825
"AS_F_2",-0.004681243
"AS_F_2",-0.005422834
"AS_F_2",-0.009186511
"AS_F_2",-0.01772211
"AS_F_2",-0.06669631
"AS_F_2",-0.08122203
"AS_F_2",-0.07409582
"AS_F_2",-0.03102327
"AS_F_2",0.01417957
"AS_F_2",-0.01018383
"AS_F_2",0.004215673
"AS_F_2",-0.02885757
"AS_F_2",-0.01089673
"AS_F_2",0.02273209
"AS_F_2",0.02463845
"AS_F_2",0.08065225
"AS_F_2",0.1262062
"AS_F_2",0.08533086
"AS_F_2",0.01865
"AS_F_2",0.05286459
"AS_F_2",-0.0102118
"AS_F_2",-0.06531232
"AS_F_2",-0.1223976
"AS_F_2",-0.106079
"AS_F_2",-0.0739246
"AS_F_2",-0.05808286
"AS_F_2",0.007624313
"AS_F_2",0.01332375
"AS_F_2",0.003188992
"AS_F_2",-0.03894063
"AS_F_2",-0.04096163
"AS_F_2",-0.06733648
"AS_F_2",-0.03563622
"AS_F_2",-0.00379803
"AS_F_2",-0.04245918
"AS_F_2",0.05437945
"AS_F_2",0.04734049
"AS_F_2",0.07246428
"AS_F_2",0.01365871
"AS_F_2",-0.02530758
"AS_F_2",-0.01404355
"AS_F_2",-0.0416303
"AS_F_2",-0.09843756
"AS_F_2",-0.204349
"AS_F_2",-0.1770985
"AS_F_2",0.02667752
"AS_F_2",0.09886659
"AS_F_2",0.144823
"AS_F_2",0.07948636
"AS_F_2",-0.02170315
"AS_F_2",0.01359169
"AS_F_2",0.0187747
"AS_F_2",0.0272671
"AS_F_2",0.0161083
"AS_F_2",-0.04840599
"AS_F_2",-0.05754741
"AS_F_2",-0.05484109
"AS_F_2",-0.04096879
"AS_F_2",0.03941197
"AS_F_2",-0.03008751
"AS_F_2",0.006081672
"AS_F_2",-0.04881062
"AS_F_2",-0.03814959
"AS_F_2",-0.05118645
"AS_F_2",-0.02621572
"AS_F_2",-0.09326195
"AS_F_2",0.06283417
"AS_F_2",0.01644554
"AS_F_2",-0.08295049
"AS_F_2",-0.0567224
"AS_F_2",-0.01974816
"AS_F_2",0.05809695
"AS_F_2",0.05892676
"AS_F_2",0.03899732
"AS_F_2",-0.02502885
"AS_F_2",-0.01939637
"AS_F_2",0.02660827
"AS_F_2",0.01624109
"AS_F_2",0.006362991
"AS_F_2",-0.02212232
"AS_F_2",0.03995471
"AS_F_2",0.005945183
"AS_F_2",0.01134268
"AS_F_2",0.01780377
"AS_F_2",0.002610924
"AS_F_2",0.00690455
"AS_F_2",-0.05744725
"AS_F_2",-0.0007130839
"AS_F_2",-0.03027535
"AS_F_2",-0.01700414
"AS_F_2",-0.0324796
"AS_F_2",-0.02895571
"AS_F_2",-0.009899348
"AS_F_2",-0.0529201
"AS_F_2",-0.04195714
"AS_F_2",-0.02253529
"AS_F_2",-0.04784005
"AS_F_2",0.03593122
"AS_F_2",-0.004911046
"AS_F_2",0.006669172
"AS_F_2",-0.01590013
"AS_F_2",0.02725542
"AS_F_2",-0.03326369
"AS_F_2",9.836629E-06
"AS_F_2",0.007807959
"AS_F_2",0.09116804
"AS_F_2",-0.005020179
"AS_F_2",0.01197145
"AS_F_2",0.08017688
"AS_F_2",0.01968482
"AS_F_2",-0.05202547
"AS_F_2",-0.0808202
"AS_F_2",-0.06644014
"AS_F_2",-0.05073659
"AS_F_2",0.01807618
"AS_F_2",0.03383701
"AS_F_2",0.3515043
"AS_F_2",0.07951687
"AS_F_2",0.05774039
"AS_F_2",-0.000698626
"AS_F_2",-0.01774028
"AS_F_2",-0.02079874
"AS_F_2",-0.06374326
"AS_F_2",-0.1394263
"AS_F_2",-0.08446975
"AS_F_2",-0.04918087
"AS_F_2",-0.003345344
"AS_F_2",0.04636946
"AS_F_2",0.1225743
"AS_F_2",0.1381035
"AS_F_2",-0.006113396
"AS_F_2",-0.1149281
"AS_F_2",-0.1796867
"AS_F_2",-0.1248359
"AS_F_2",0.01331049
"AS_F_2",0.09921221
"AS_F_2",0.08061254
"AS_F_2",0.01386255
"AS_F_2",0.00396312
"AS_F_2",0.01062941
"AS_F_2",-0.02661574
"AS_F_2",-0.03709228
"AS_F_2",-0.07141156
"AS_F_2",-0.1123859
"AS_F_2",-0.1257752
"AS_F_2",-0.1490911
"AS_F_2",-0.1378274
"AS_F_2",0.006731525
"AS_F_2",0.04280788
"AS_F_2",0.007423325
"AS_F_2",0.002911852
"AS_F_2",-0.01633511
"AS_F_2",-0.008507188
"AS_F_2",0.006749056
"AS_F_2",0.003993995
"AS_F_2",0.05922454
"AS_F_2",0.002590083
"AS_F_2",-0.01760509
"AS_F_2",-0.00470978
"AS_F_2",-0.01519931
"AS_F_2",-0.01719454
"AS_F_2",-0.02650292
"AS_F_2",-0.05853544
"AS_F_2",-0.08331664
"AS_F_2",-0.06145944
"AS_F_2",-0.08617133
"AS_F_2",-0.1571775
"AS_F_2",-0.003009081
"AS_F_2",0.0666763
"AS_F_2",0.04692855
"AS_F_2",-0.0279698
"AS_F_2",-0.03485709
"AS_F_2",0.01383177
"AS_F_2",-0.01995119
"AS_F_2",0.04429866
"AS_F_2",-0.03625238
"AS_F_2",-0.01012735
"AS_F_2",0.04733583
"AS_F_2",0.01784329
"AS_F_2",-0.03479146
"AS_F_2",0.0811296
"AS_F_2",0.005740965
"AS_F_2",-0.02995123
"AS_F_2",-0.005795106
"AS_F_2",0.03742796
"AS_F_2",0.08351848
"AS_F_2",0.004159003
"AS_F_2",-0.04556952
"AS_F_2",-0.05909659
"AS_F_2",-0.04343438
"AS_F_2",0.03107418
"AS_F_2",0.04887032
"AS_F_2",-0.03020348
"AS_F_2",-0.1086138
"AS_F_2",0.02173858
"AS_F_2",0.04241179
"AS_F_2",0.045876
"AS_F_2",0.04608428
"AS_F_2",0.03835827
"AS_F_2",-0.04016538
"AS_F_2",-0.1274992
"AS_F_2",-0.05101776
"AS_F_2",0.003608212
"AS_F_2",0.05412669
"AS_F_2",-0.03372432
"AS_F_2",-0.03220905
"AS_F_2",-0.02474648
"AS_F_2",0.06587189
"AS_F_2",0.08553208
"AS_F_2",0.106038
"AS_F_2",0.0522228
"AS_F_2",0.02464369
"AS_F_2",-0.05837161
"AS_F_2",-0.08429038
"AS_F_2",-0.01636932
"AS_F_2",0.04888768
"AS_F_2",0.01904167
"AS_F_2",0.08926336
"AS_F_2",-0.05114982
"AS_F_2",-0.0800335
"AS_F_2",-0.1101147
"AS_F_2",-0.1233433
"AS_F_2",-0.04286326
"AS_F_2",-0.08333597
"AS_F_2",-0.04868796
"AS_F_2",-0.05370464
"AS_F_2",-0.08682373
"AS_F_2",-0.07532587
"AS_F_2",-0.06354953
"AS_F_2",-0.076932
"AS_F_2",-0.001825366
"AS_F_2",0.134561
"AS_F_2",0.09299125
"AS_F_2",0.05882792
"AS_F_2",0.01027285
"AS_F_2",0.008821316
"AS_F_2",0.007867999
"AS_F_2",-0.05713288
"AS_F_2",-0.06453107
"AS_F_2",-0.05448599
"AS_F_2",-0.03960866
"AS_F_2",-0.03486369
"AS_F_2",0.01185106
"AS_F_2",0.06524096
"AS_F_2",0.07497841
"AS_F_2",0.02890613
"AS_F_2",-0.07654594
"AS_F_2",-0.08498694
"AS_F_2",-0.01081329
"AS_F_2",-0.03414654
"AS_F_2",-0.03948759
"AS_F_2",-0.06560826
"AS_F_2",-0.1306384
"AS_F_2",-0.1069712
"AS_F_2",-0.1320347
"AS_F_2",-0.03046162
"AS_F_2",-0.1232235
"AS_F_2",-0.06204123
"AS_F_2",0.06750842
"AS_F_2",0.05149286
"AS_F_2",-0.01557645
"AS_F_2",-0.06585087
"AS_F_2",0.006225865
"AS_F_2",0.05962122
"AS_F_2",0.1090529
"AS_F_2",0.06345616
"AS_F_2",-0.1280058
"AS_F_2",-0.05365742
"AS_F_2",0.05298931
"AS_F_2",0.1177178
"AS_F_2",0.03171274
"AS_F_2",-0.01037357
"AS_F_2",-0.08636034
"AS_F_2",-0.03570794
"AS_F_2",0.03850025
"AS_F_2",0.2005846
"AS_F_2",-0.09391021
"AS_F_2",-0.05263024
"AS_F_2",0.01139365
"AS_F_2",-0.06797989
"AS_F_2",-0.1694346
"AS_F_2",-0.1260347
"AS_F_2",-0.01272875
"AS_F_2",-0.06203568
"AS_F_2",0.005039854
"AS_F_2",-0.04627481
"AS_F_2",0.03688606
"AS_F_2",0.1371563
"AS_F_2",0.1193551
"AS_F_2",0.09149279
"AS_F_2",-0.03264935
"AS_F_2",-0.04330536
"AS_F_2",-0.04440238
"AS_F_2",-0.1049884
"AS_F_2",-0.07925636
"AS_F_2",-0.03728579
"AS_F_2",-0.07269932
"AS_F_2",-0.07776789
"AS_F_2",-0.07322441
"AS_F_2",-0.01857381
"AS_F_2",0.04648634
"AS_F_2",0.01146848
"AS_F_2",-0.03727722
"AS_F_2",-0.07124647
"AS_F_2",0.01167769
"AS_F_2",-0.009003548
"AS_F_2",0.007233966
"AS_F_2",0.004161395
"AS_F_2",-0.06134526
"AS_F_2",-0.0705957
"AS_F_2",-0.03711633
"AS_F_2",-0.03447643
"AS_F_2",-0.09946243
"AS_F_2",-0.08093868
"AS_F_2",-0.04161149
"AS_F_2",-0.0100793
"AS_F_2",-0.004228299
"AS_F_2",0.09365585
"AS_F_2",0.09483926
"AS_F_2",0.0274962
"AS_F_2",-0.006687336
"AS_F_2",-0.06348504
"AS_F_2",-0.06492431
"AS_F_2",-0.06337683
"AS_F_2",0.006473983
"AS_F_2",0.02560489
"AS_F_2",0.01120543
"AS_F_2",0.006953494
"AS_F_2",-0.02727245
"AS_F_2",-0.06274547
"AS_F_2",-0.08881741
"AS_F_2",0.09068826
"AS_F_2",0.1351015
"AS_F_2",0.2159006
"AS_F_2",0.05138782
"AS_F_2",0.0003896505
"AS_F_2",-0.1580578
"AS_F_2",-0.1039025
"AS_F_2",-0.1565667
"AS_F_2",-0.1241983
"AS_F_2",-0.0781073
"AS_F_2",-0.005952884
"AS_F_2",0.07378541
"AS_F_2",0.117269
"AS_F_2",0.2001981
"AS_F_2",-0.02797714
"AS_F_2",-0.1176616
"AS_F_2",-0.05826597
"AS_F_2",-0.07652571
"AS_F_2",0.1628387
"AS_F_2",0.09036297
"AS_F_2",-0.01963399
"AS_F_2",-0.03351946
"AS_F_2",-0.07401522
"AS_F_2",-0.008479603
"AS_F_2",-0.05968116
"AS_F_2",-0.07294565
"AS_F_2",-0.1569054
"AS_F_2",-0.08788722
"AS_F_2",-0.01646629
"AS_F_2",-0.0618262
"AS_F_2",-0.04730206
"AS_F_2",-0.04144444
"AS_F_2",-0.02964963
"AS_F_2",-0.005772222
"AS_F_2",0.02611373
"AS_F_2",0.01763279
"AS_F_2",0.08730072
"AS_F_2",0.09948154
"AS_F_2",0.07842539
"AS_F_2",0.008235484
"AS_F_2",0.01182668
"AS_F_2",0.01753021
"AS_F_2",-0.03447586
"AS_F_2",-0.1048399
"AS_F_2",-0.06548055
"AS_F_2",-0.07685588
"AS_F_2",0.0116661
"AS_F_2",0.03298439
"AS_F_2",0.08615936
"AS_F_2",0.02699976
"AS_F_2",0.01626888
"AS_F_2",0.01116367
"AS_F_2",-0.0046049
"AS_F_2",-0.01461967
"AS_F_2",-0.03130194
"AS_F_2",0.01497368
"AS_F_2",0.04198413
"AS_F_2",-0.0003382489
"AS_F_2",-0.03155471
"AS_F_2",-0.02318709
"AS_F_2",-0.05066884
"AS_F_2",-0.05790298
"AS_F_2",-0.107811
"AS_F_2",-0.01675759
"AS_F_2",-0.08497871
"AS_F_2",-0.03612343
"AS_F_2",0.009127082
"AS_F_2",-0.02289099
"AS_F_2",0.02339508
"AS_F_2",0.01035974
"AS_F_2",0.02148634
"AS_F_2",0.03066981
"AS_F_2",0.06624684
"AS_F_2",0.04750037
"AS_F_2",-0.007543165
"AS_F_2",0.04049862
"AS_F_2",0.008931262
"AS_F_2",-0.003547631
"AS_F_2",0.02743865
"AS_F_2",0.003682952
"AS_F_2",-0.1004404
"AS_F_2",-0.1054346
"AS_F_2",-0.1244485
"AS_F_2",-0.06910194
"AS_F_2",-0.02897767
"AS_F_2",0.03466268
"AS_F_2",0.03801487
"AS_F_2",0.003227949
"AS_F_2",0.03274057
"AS_F_2",-0.04340356
"AS_F_2",-0.00015538
"AS_F_2",-0.01666842
"AS_F_2",-0.03644152
"AS_F_2",0.01232423
"AS_F_2",0.02811478
"AS_F_2",0.007962389
"AS_F_2",-0.008557659
"AS_F_2",-0.08911531
"AS_F_2",-0.1059339
"AS_F_2",-0.05984393
"AS_F_2",0.0367659
"AS_F_2",0.01063055
"AS_F_2",-0.0007073786
"AS_F_2",-0.04006516
"AS_F_2",0.008552076
"AS_F_2",0.06022046
"AS_F_2",0.04547759
"AS_F_2",-0.0339161
"AS_F_2",-0.06902257
"AS_F_2",-0.1072728
"AS_F_2",-0.06293488
"AS_F_2",-0.0312218
"AS_F_2",-0.03717284
"AS_F_2",-0.1502991
"AS_F_2",-0.2429061
"AS_F_2",0.1649214
"AS_F_2",0.2280381
"AS_F_2",0.2566677
"AS_F_2",-0.005919248
"AS_F_2",-0.1475632
"ME_M_6",0.05481175
"ME_M_6",0.02620102
"ME_M_6",-0.02053849
"ME_M_6",-0.05148204
"ME_M_6",-0.006351303
"ME_M_6",-0.01269218
"ME_M_6",0.009561092
"ME_M_6",-0.002431067
"ME_M_6",0.01780223
"ME_M_6",-0.07519779
"ME_M_6",-0.01882584
"ME_M_6",-0.02598398
"ME_M_6",0.1042248
"ME_M_6",0.09256944
"ME_M_6",-0.02788305
"ME_M_6",-0.1031695
"ME_M_6",-0.2405249
"ME_M_6",-0.2357405
"ME_M_6",0.1766103
"ME_M_6",0.2318821
"ME_M_6",0.03540255
"ME_M_6",-0.07746431
"ME_M_6",-0.1276133
"ME_M_6",0.3046791
"ME_M_6",0.4302711
"ME_M_6",0.2658005
"ME_M_6",-0.2325659
"ME_M_6",-0.299603
"ME_M_6",-0.1866785
"ME_M_6",-0.02184543
"ME_M_6",0.07311468
"ME_M_6",0.05011319
"ME_M_6",0.03618156
"ME_M_6",0.0725466
"ME_M_6",-0.2434563
"ME_M_6",-0.08825651
"ME_M_6",0.05809609
"ME_M_6",0.09581532
"ME_M_6",0.04230272
"ME_M_6",-0.1088394
"ME_M_6",-0.06450509
"ME_M_6",-0.02647336
"ME_M_6",-0.07572528
"ME_M_6",-0.0711457
"ME_M_6",-0.006650034
"ME_M_6",0.05017696
"ME_M_6",-0.06503838
"ME_M_6",-0.1433801
"ME_M_6",-0.09218379
"ME_M_6",-0.04576574
"ME_M_6",0.0252159
"ME_M_6",-0.08001781
"ME_M_6",0.02193418
"ME_M_6",0.01355854
"ME_M_6",-0.02725776
"ME_M_6",-0.01267446
"ME_M_6",0.007904314
"ME_M_6",0.02409605
"ME_M_6",-0.006047513
"ME_M_6",0.06222787
"ME_M_6",0.03483516
"ME_M_6",0.006088338
"ME_M_6",-0.09212052
"ME_M_6",-0.07391006
"ME_M_6",-0.01718627
"ME_M_6",-0.06552169
"ME_M_6",-0.02537511
"ME_M_6",0.02673382
"ME_M_6",0.06935909
"ME_M_6",0.01571532
"ME_M_6",0.04182585
"ME_M_6",-0.01119933
"ME_M_6",-0.006690842
"ME_M_6",0.08215365
"ME_M_6",0.07767788
"ME_M_6",-0.09344323
"ME_M_6",-0.06562737
"ME_M_6",0.02516311
"ME_M_6",0.09485393
"ME_M_6",0.01147337
"ME_M_6",0.05765391
"ME_M_6",0.01916217
"ME_M_6",0.02219524
"ME_M_6",0.05290252
"ME_M_6",-0.08150913
"ME_M_6",-0.04649206
"ME_M_6",-0.135854
"ME_M_6",0.02798305
"ME_M_6",0.005972158
"ME_M_6",-0.08227479
"ME_M_6",-0.005957002
"ME_M_6",-0.02567884
"ME_M_6",-0.004608742
"ME_M_6",-0.3935056
"ME_M_6",-0.2392007
"ME_M_6",0.3794942
"ME_M_6",0.3664185
"ME_M_6",0.1699176
"ME_M_6",0.03615793
"ME_M_6",-0.1945618
"ME_M_6",-0.03774258
"ME_M_6",0.08551487
"ME_M_6",0.05413627
"ME_M_6",0.183992
"ME_M_6",0.1453761
"ME_M_6",-0.2183908
"ME_M_6",-0.2304622
"ME_M_6",0.06014746
"ME_M_6",0.07564966
"ME_M_6",-0.1755764
"ME_M_6",-0.1907871
"ME_M_6",-0.1110621
"ME_M_6",0.00422594
"ME_M_6",0.03097079
"ME_M_6",-0.04616434
"ME_M_6",0.02239697
"ME_M_6",0.07269759
"ME_M_6",0.06738963
"ME_M_6",-0.004470468
"ME_M_6",-0.04430345
"ME_M_6",-0.07457045
"ME_M_6",-0.01025906
"ME_M_6",0.05318771
"ME_M_6",-0.09876749
"ME_M_6",-0.07444191
"ME_M_6",0.006830971
"ME_M_6",-0.01832501
"ME_M_6",-0.005669478
"ME_M_6",-0.01369771
"ME_M_6",-0.06468523
"ME_M_6",-0.0626456
"ME_M_6",-0.02805584
"ME_M_6",0.00376874
"ME_M_6",-0.00610543
"ME_M_6",-0.01485155
"ME_M_6",0.0634979
"ME_M_6",-0.03703106
"ME_M_6",-0.02817624
"ME_M_6",-0.02588885
"ME_M_6",-0.009042168
"ME_M_6",0.01319291
"ME_M_6",0.0295321
"ME_M_6",0.02849228
"ME_M_6",0.04175048
"ME_M_6",0.007290653
"ME_M_6",-0.1036603
"ME_M_6",0.04268061
"ME_M_6",0.08391871
"ME_M_6",0.09379574
"ME_M_6",0.02884391
"ME_M_6",0.1803101
"ME_M_6",0.1387347
"ME_M_6",-0.3300234
"ME_M_6",-0.4017818
"ME_M_6",-0.18967
"ME_M_6",0.0261723
"ME_M_6",0.0869492
"ME_M_6",-0.002856776
"ME_M_6",-0.05537401
"ME_M_6",0.0364769
"ME_M_6",0.06022595
"ME_M_6",0.1284065
"ME_M_6",0.03730496
"ME_M_6",0.09174559
"ME_M_6",-0.05110872
"ME_M_6",0.06124903
"ME_M_6",0.03088507
"ME_M_6",0.03650184
"ME_M_6",-0.02753673
"ME_M_6",-0.01378884
"ME_M_6",0.08845942
"ME_M_6",0.008564144
"ME_M_6",-0.08239044
"ME_M_6",-0.1058407
"ME_M_6",-0.1080166
"ME_M_6",-0.03524799
"ME_M_6",-0.05435544
"ME_M_6",-0.0743468
"ME_M_6",-0.02827774
"ME_M_6",-0.04446202
"ME_M_6",-0.0359585
"ME_M_6",-0.04104031
"ME_M_6",0.002502799
"ME_M_6",0.06321518
"ME_M_6",0.01725126
"ME_M_6",-0.002843352
"ME_M_6",0.005488994
"ME_M_6",-0.03457957
"ME_M_6",0.02399233
"ME_M_6",0.09519406
"ME_M_6",0.02887061
"ME_M_6",-0.0004585832
"ME_M_6",-0.04855474
"ME_M_6",-0.05357817
"ME_M_6",-0.02907389
"ME_M_6",-0.06496784
"ME_M_6",-0.07166545
"ME_M_6",0.008371159
"ME_M_6",0.02460437
"ME_M_6",0.0313246
"ME_M_6",0.0461215
"ME_M_6",-0.01361551
"ME_M_6",-0.05901364
"ME_M_6",-0.06530108
"ME_M_6",-0.09444814
"ME_M_6",-0.02865187
"ME_M_6",0.06234694
"ME_M_6",0.09694144
"ME_M_6",0.1338267
"ME_M_6",-0.009900409
"ME_M_6",0.06481953
"ME_M_6",-0.01893411
"ME_M_6",-0.07818206
"ME_M_6",0.0420241
"ME_M_6",0.02029791
"ME_M_6",-0.01730083
"ME_M_6",-0.01260577
"ME_M_6",-0.01634149
"ME_M_6",0.007573187
"ME_M_6",0.04131652
"ME_M_6",-0.02423125
"ME_M_6",-0.047047
"ME_M_6",-0.02161107
"ME_M_6",-0.004040962
"ME_M_6",-0.005452645
"ME_M_6",-0.03305527
"ME_M_6",-0.089717
"ME_M_6",-0.08858745
"ME_M_6",-0.006242916
"ME_M_6",0.005657861
"ME_M_6",0.009424843
"ME_M_6",0.02243967
"ME_M_6",0.01706905
"ME_M_6",0.004234602
"ME_M_6",0.03970339
"ME_M_6",-0.04550109
"ME_M_6",-0.007258818
"ME_M_6",0.03864139
"ME_M_6",0.07748089
"ME_M_6",0.0783197
"ME_M_6",-0.08493795
"ME_M_6",-0.03024952
"ME_M_6",-0.009309672
"ME_M_6",-0.1135956
"ME_M_6",-0.1350791
"ME_M_6",0.002472847
"ME_M_6",-0.03018343
"ME_M_6",0.03310975
"ME_M_6",0.1889339
"ME_M_6",0.3211036
"ME_M_6",0.06066958
"ME_M_6",-0.1426067
"ME_M_6",-0.1036087
"ME_M_6",0.08307292
"ME_M_6",0.1566749
"ME_M_6",-0.05421159
"ME_M_6",0.05618668
"ME_M_6",-0.07926755
"ME_M_6",-0.2375438
"ME_M_6",0.07383138
"ME_M_6",0.1761445
"ME_M_6",0.1549438
"ME_M_6",0.02752585
"ME_M_6",-0.22389
"ME_M_6",-0.1402577
"ME_M_6",-0.01291308
"ME_M_6",-0.01258802
"ME_M_6",0.04519317
"ME_M_6",0.03582644
"ME_M_6",0.004657358
"ME_M_6",-0.01709186
"ME_M_6",-0.03145384
"ME_M_6",-0.0182169
"ME_M_6",-0.02431837
"ME_M_6",-0.003275446
"ME_M_6",0.002017424
"ME_M_6",0.03901231
"ME_M_6",0.05864187
"ME_M_6",-0.02331135
"ME_M_6",-0.05002636
"ME_M_6",0.003006712
"ME_M_6",-0.01504613
"ME_M_6",0.02146396
"ME_M_6",0.04118949
"ME_M_6",0.02122502
"ME_M_6",-0.06870359
"ME_M_6",-0.09140445
"ME_M_6",-0.03625441
"ME_M_6",-0.06972889
"ME_M_6",-0.01243854
"ME_M_6",0.02337141
"ME_M_6",0.04200765
"ME_M_6",0.03365629
"ME_M_6",-0.07971586
"ME_M_6",-0.05864048
"ME_M_6",-0.03391356
"ME_M_6",-0.02904156
"ME_M_6",0.01783592
"ME_M_6",0.1169644
"ME_M_6",0.03572243
"ME_M_6",-0.04586676
"ME_M_6",0.004490808
"ME_M_6",0.007950947
"ME_M_6",0.05665505
"ME_M_6",-0.2213296
"ME_M_6",-0.1084191
"ME_M_6",0.05637182
"ME_M_6",0.1534957
"ME_M_6",0.02783793
"ME_M_6",0.1186232
"ME_M_6",0.1031405
"ME_M_6",0.05082168
"ME_M_6",0.0832224
"ME_M_6",0.06393091
"ME_M_6",0.04845073
"ME_M_6",0.07374208
"ME_M_6",0.02650133
"ME_M_6",-0.1624368
"ME_M_6",-0.06879678
"ME_M_6",-0.1283417
"ME_M_6",0.08252163
"ME_M_6",-0.03053943
"ME_M_6",-0.1194598
"ME_M_6",-0.163267
"ME_M_6",-0.2312298
"ME_M_6",-0.03009591
"ME_M_6",-0.03182553
"ME_M_6",-0.05688989
"ME_M_6",-0.09369136
"ME_M_6",0.03127933
"ME_M_6",0.09068228
"ME_M_6",0.07725028
"ME_M_6",0.01900345
"ME_M_6",-0.003005333
"ME_M_6",-0.02643
"ME_M_6",-0.06904934
"ME_M_6",0.01314958
"ME_M_6",-0.05363995
"ME_M_6",-0.08393487
"ME_M_6",-0.08112709
"ME_M_6",0.02402412
"ME_M_6",-0.01414092
"ME_M_6",-0.06263884
"ME_M_6",-0.0306613
"ME_M_6",0.03506958
"ME_M_6",0.02128404
"ME_M_6",0.01255319
"ME_M_6",-0.03617705
"ME_M_6",-0.09841379
"ME_M_6",-0.01555465
"ME_M_6",0.02072329
"ME_M_6",0.01278459
"ME_M_6",0.0230892
"ME_M_6",0.06575608
"ME_M_6",0.0357323
"ME_M_6",0.00738366
"ME_M_6",0.04797358
"ME_M_6",-0.08520353
"ME_M_6",-0.077614
"ME_M_6",-0.06550673
"ME_M_6",-0.01232095
"ME_M_6",0.1221163
"ME_M_6",0.1217045
"ME_M_6",0.02416036
"ME_M_6",-0.05934832
"ME_M_6",-0.06655078
"ME_M_6",-0.06283174
"ME_M_6",0.01824787
"ME_M_6",-0.03131097
"ME_M_6",-0.09339447
"ME_M_6",-0.05360681
"ME_M_6",-0.03535639
"ME_M_6",-0.01618884
"ME_M_6",0.02106543
"ME_M_6",0.01761802
"ME_M_6",-0.01313002
"ME_M_6",0.10675
"ME_M_6",0.3226163
"ME_M_6",-0.1135182
"ME_M_6",-0.1255381
"ME_M_6",-0.02171702
"ME_M_6",-0.006062464
"ME_M_6",0.04656816
"ME_M_6",0.2140097
"ME_M_6",0.3447906
"ME_M_6",0.1163292
"ME_M_6",-0.2116994
"ME_M_6",-0.4309837
"ME_M_6",-0.3537189
"ME_M_6",-0.2779089
"ME_M_6",0.01485143
"ME_M_6",0.2853885
"ME_M_6",0.05328813
"ME_M_6",-0.1015334
"ME_M_6",-0.0117324
"ME_M_6",0.1336533
"ME_M_6",0.1891109
"ME_M_6",0.1034575
"ME_M_6",0.1241426
"ME_M_6",-0.06319819
"ME_M_6",0.06715911
"ME_M_6",0.01737502
"ME_M_6",0.06946144
"ME_M_6",-0.07836339
"ME_M_6",-0.1415494
"ME_M_6",-0.1553514
"ME_M_6",-0.1211513
"ME_M_6",-0.2061273
"ME_M_6",-0.1826482
"ME_M_6",-0.1063031
"ME_M_6",0.008706806
"ME_M_6",0.02401865
"ME_M_6",0.02036943
"ME_M_6",-0.01061616
"ME_M_6",-0.04046742
"ME_M_6",-0.09512994
"ME_M_6",0.00911089
"ME_M_6",0.09543836
"ME_M_6",0.1396868
"ME_M_6",0.08554871
"ME_M_6",0.06722559
"ME_M_6",0.03297789
"ME_M_6",-0.01210746
"ME_M_6",-0.006347027
"ME_M_6",-0.01858914
"ME_M_6",-0.0773302
"ME_M_6",-0.08303624
"ME_M_6",0.03938995
"ME_M_6",0.06104312
"ME_M_6",0.01706301
"ME_M_6",0.06674823
"ME_M_6",0.02582178
"ME_M_6",-0.06559876
"ME_M_6",-0.03614385
"ME_M_6",-0.06168704
"ME_M_6",-0.07956231
"ME_M_6",0.003879074
"ME_M_6",0.008181463
"ME_M_6",-0.002237411
"ME_M_6",-0.005764903
"ME_M_6",-0.02783324
"ME_M_6",-0.004761029
"ME_M_6",-0.03740898
"ME_M_6",-0.007106247
"ME_M_6",0.01233769
"ME_M_6",0.02965577
"ME_M_6",-0.02042296
"ME_M_6",-0.0401599
"ME_M_6",-0.01610228
"ME_M_6",-0.0755249
"ME_M_6",0.01475558
"ME_M_6",0.07509537
"ME_M_6",0.06065965
"ME_M_6",0.04183293
"ME_M_6",0.02874901
"ME_M_6",-0.1017663
"ME_M_6",-0.2720423
"ME_M_6",-0.2652018
"ME_M_6",0.1954701
"ME_M_6",0.2482392
"ME_M_6",0.1265654
"ME_M_6",-0.1440261
"ME_M_6",-0.115054
"ME_M_6",-0.07443879
"ME_M_6",0.1963143
"ME_M_6",0.3077487
"ME_M_6",0.06675221
"ME_M_6",-0.135664
"ME_M_6",-0.2017211
"ME_M_6",-0.134569
"ME_M_6",0.06227843
"ME_M_6",0.05115531
"ME_M_6",0.05714099
"ME_M_6",0.03834312
"ME_M_6",0.08970603
"ME_M_6",-0.05136751
"ME_M_6",-0.04422233
"ME_M_6",0.05721571
"ME_M_6",0.08560516
"ME_M_6",0.08125958
"ME_M_6",-0.01527191
"ME_M_6",-0.04209866
"ME_M_6",0.06297036
"ME_M_6",0.09057856
"ME_M_6",0.01610624
"ME_M_6",-0.005074455
"ME_M_6",-0.06295572
"ME_M_6",0.03586237
"ME_M_6",-0.01838141
"ME_M_6",-0.04823678
"ME_M_6",-0.07923897
"ME_M_6",-0.08193518
"ME_M_6",-0.1134416
"ME_M_6",-0.03342567
"ME_M_6",0.05947451
"ME_M_6",0.06152581
"ME_M_6",0.03476142
"ME_M_6",0.001742125
"ME_M_6",-0.02008145
"ME_M_6",-0.1230152
"ME_M_6",-0.09841592
"ME_M_6",-0.0219529
"ME_M_6",0.03099468
"ME_M_6",0.0133478
"ME_M_6",0.03241629
"ME_M_6",-0.03919456
"ME_M_6",-0.05289757
"ME_M_6",-0.07847048
"ME_M_6",-0.1535095
"ME_M_6",0.003365785
"ME_M_6",-0.01055043
"ME_M_6",0.02654025
"ME_M_6",-0.06355793
"ME_M_6",-0.1632614
"ME_M_6",-0.2019653
"ME_M_6",0.09830936
"ME_M_6",0.164412
"ME_M_6",-0.009636544
"ME_M_6",-0.1178544
"ME_M_6",-0.1521797
"ME_M_6",-0.08943327
"ME_M_6",-0.001792062
"ME_M_6",0.1240838
"ME_M_6",0.1472619
"ME_M_6",0.1173253
"ME_M_6",0.05716745
"ME_M_6",-0.1589204
"ME_M_6",0.06963181
"ME_M_6",0.06094331
"ME_M_6",-0.03006693
"ME_M_6",-0.0425027
"ME_M_6",-0.1229677
"ME_M_6",-0.3699971
"ME_M_6",0.4694632
"ME_M_6",0.2538762
"ME_M_6",0.04663838
"ME_M_6",-0.02791644
"ME_M_6",-0.07760422
"ME_M_6",-0.05359736
"ME_M_6",0.1422768
"ME_M_6",0.1468826
"ME_M_6",-0.03929543
"ME_M_6",-0.2147872
"ME_M_6",-0.01749098
"ME_M_6",0.1830946
"ME_M_6",0.008720294
"ME_M_6",-0.1426634
"ME_M_6",-0.1381889
"ME_M_6",-0.1441332
"ME_M_6",0.1334254
"ME_M_6",0.09402847
"ME_M_6",-0.09008156
"ME_M_6",-0.1433068
"ME_M_6",0.04093917
"ME_M_6",0.04532719
"ME_M_6",-0.0248923
"ME_M_6",0.004295614
"ME_M_6",0.06066246
"ME_M_6",0.05215197
"ME_M_6",-0.02443776
"ME_M_6",-0.09797603
"ME_M_6",-0.06007306
"ME_M_6",-0.04572385
"ME_M_6",-0.0005827173
"ME_M_6",0.07950599
"ME_M_6",0.03322137
"ME_M_6",0.03016487
"ME_M_6",-0.0349383
"ME_M_6",-0.1077899
"ME_M_6",-0.07976584
"ME_M_6",-0.05906223
"ME_M_6",-0.006755152
"ME_M_6",0.04389886
"ME_M_6",0.003960577
"ME_M_6",-0.04150338
"ME_M_6",-0.05556442
"ME_M_6",0.02314022
"ME_M_6",0.02042698
"ME_M_6",0.04202422
"ME_M_6",-0.02134317
"ME_M_6",-0.07607255
"ME_M_6",-0.01160671
"ME_M_6",0.01127491
"ME_M_6",0.03481796
"ME_M_6",0.09614061
"ME_M_6",-0.1273653
"ME_M_6",-0.09744011
"ME_M_6",-0.02374266
"ME_M_6",0.01669308
"ME_M_6",-0.1024132
"ME_M_6",-0.1040942
"ME_M_6",-0.03503912
"ME_M_6",0.07074534
"ME_M_6",0.06402445
"ME_M_6",-0.165748
"ME_M_6",-0.1052372
"ME_M_6",-0.0880935
"ME_M_6",-0.0338003
"ME_M_6",0.04169219
"ME_M_6",0.09769908
"ME_M_6",0.06820264
"ME_M_6",-0.319559
"ME_M_6",-0.4690429
"ME_M_6",-0.3783812
"ME_M_6",-0.1929693
"ME_M_6",0.3340813
"ME_M_6",0.2129373
"ME_M_6",0.1034125
"ME_M_6",0.147259
"ME_M_6",0.08681343
"ME_M_6",0.1233725
"ME_M_6",0.07051058
"ME_M_6",-0.02625352
"ME_M_6",0.2147065
"ME_M_6",0.2606535
"ME_M_6",0.1119655
"ME_M_6",0.09531242
"ME_M_6",0.01921739
"ME_M_6",-0.09536138
"ME_M_6",-0.2149607
"ME_M_6",-0.1728604
"ME_M_6",-0.1269462
"ME_M_6",-0.1047973
"ME_M_6",-0.04712462
"ME_M_6",0.02489259
"ME_M_6",0.007126435
"ME_M_6",-0.03819918
"ME_M_6",-0.08333742
"ME_M_6",-0.04707418
"ME_M_6",-0.03078024
"ME_M_6",-0.01678308
"ME_M_6",0.09079948
"ME_M_6",0.07942531
"ME_M_6",0.0367299
"ME_M_6",0.02332303
"ME_M_6",-0.0381734
"ME_M_6",-0.0573114
"ME_M_6",-0.0467709
"ME_M_6",-0.08347194
"ME_M_6",-0.07072121
"ME_M_6",-0.0909849
"ME_M_6",-0.067068
"ME_M_6",-0.009776073
"ME_M_6",-0.008918166
"ME_M_6",-0.0267254
"ME_M_6",0.001130849
"ME_M_6",0.01232454
"ME_M_6",0.01107918
"ME_M_6",0.01353103
"ME_M_6",-0.01644557
"ME_M_6",-0.04486629
"ME_M_6",-0.03569484
"ME_M_6",-0.05228896
"ME_M_6",0.01550231
"ME_M_6",-0.02640199
"ME_M_6",0.0003546812
"ME_M_6",-0.0002625566
"ME_M_6",-0.06686996
"ME_M_6",-0.08406523
"ME_M_6",0.01157414
"ME_M_6",0.03786363
"ME_M_6",0.0979739
"ME_M_6",-0.007158026
"ME_M_6",-0.03375479
"ME_M_6",-0.02800134
"ME_M_6",-0.01576144
"ME_M_6",0.01091217
"ME_M_6",-0.009822235
"ME_M_6",-0.04765076
"ME_M_6",-0.07443583
"ME_M_6",-0.03757876
"ME_M_6",0.003382506
"ME_M_6",0.0674917
"ME_M_6",0.09577903
"ME_M_6",-0.01789834
"ME_M_6",-0.0914302
"ME_M_6",-0.05588008
"ME_M_6",-0.05927932
"ME_M_6",0.0398326
"ME_M_6",0.2105768
"ME_M_6",0.231873
"ME_M_6",-0.1232633
"ME_M_6",-0.09681512
"ME_M_6",-0.08582856
"ME_M_6",0.1225695
"ME_M_6",0.07180466
"ME_M_6",-0.01796047
"ME_M_6",-0.1617661
"ME_M_6",0.08443521
"ME_M_6",-0.1536194
"ME_M_6",-0.1226917
"ME_M_6",0.06849371
"ME_M_6",0.02748219
"ME_M_6",-0.07073776
"ME_M_6",-0.06597014
"ME_M_6",0.03679833
"ME_M_6",0.03374157
"ME_M_6",-0.04914375
"ME_M_6",-0.02662448
"ME_M_6",-0.000206131
"ME_M_6",0.05259652
"ME_M_6",0.01393906
"ME_M_6",-0.106568
"ME_M_6",-0.02148305
"ME_M_6",-0.0144393
"ME_M_6",-0.03106643
"ME_M_6",-0.04172692
"ME_M_6",0.04743049
"ME_M_6",0.02818473
"ME_M_6",0.009807643
"ME_M_6",-0.008631648
"ME_M_6",-0.09363759
"ME_M_6",-0.06883453
"ME_M_6",0.02401035
"ME_M_6",0.03304441
"ME_M_6",-0.0231247
"ME_M_6",-0.01164396
"ME_M_6",-0.02345261
"ME_M_6",0.05021594
"ME_M_6",-0.08282683
"ME_M_6",-0.004812051
"ME_M_6",-0.009899725
"ME_M_6",-0.0427325
"ME_M_6",-0.07426839
"ME_M_6",-0.0042585
"ME_M_6",0.02407766
"ME_M_6",0.04987209
"ME_M_6",0.00425254
"ME_M_6",0.003453301
"ME_M_6",-0.002319787
"ME_M_6",0.04836176
"ME_M_6",0.04961856
"ME_M_6",-0.04137786
"ME_M_6",-0.05775764
"ME_M_6",-0.06789298
"ME_M_6",0.008290181
"ME_M_6",-0.01555469
"ME_M_6",0.003587492
"ME_M_6",0.002685659
"ME_M_6",-0.03103835
"ME_M_6",-0.04991328
"ME_M_6",-0.07366595
"ME_M_6",-0.07538711
"ME_M_6",-0.004525
"ME_M_6",-0.02076584
"ME_M_6",-0.005925829
"ME_M_6",-0.001768628
"ME_M_6",0.0401125
"ME_M_6",-0.0144448
"ME_M_6",-0.02992217
"ME_M_6",0.00778733
"ME_M_6",-0.0022129
"ME_M_6",0.03530917
"ME_M_6",0.009117786
"ME_M_6",-0.010325
"ME_M_6",-0.02222531
"ME_M_6",-0.07477914
"ME_M_6",-0.07842238
"ME_M_6",-0.005229138
"ME_M_6",-0.005013155
"ME_M_6",-0.1583211
"ME_M_6",-0.2328999
"ME_M_6",-0.1468385
"ME_M_6",-0.08121794
"ME_M_6",0.1945761
"ME_M_6",0.0929653
"ME_M_6",0.206038
"ME_M_6",-0.1408624
"ME_M_6",0.05484454
"ME_M_6",0.1521891
"ME_M_6",0.1153348
"ME_M_6",0.004649989
"ME_M_6",0.1337777
"ME_M_6",0.1190106
"ME_M_6",0.02857703
"ME_M_6",0.06171256
"ME_M_6",0.09088129
"ME_M_6",0.0928352
"ME_M_6",-0.1121511
"ME_M_6",-0.1552716
"ME_M_6",-0.16097
"ME_M_6",-0.2425795
"ME_M_6",-0.05551791
"ME_M_6",0.06077266
"ME_M_6",-0.0729773
"ME_M_6",-0.003266458
"ME_M_6",0.09059226
"ME_M_6",0.04537705
"ME_M_6",-0.02440544
"ME_M_6",-0.02003435
"ME_M_6",0.02668026
"ME_M_6",0.05213435
"ME_M_6",-0.003914993
"ME_M_6",0.006653282
"ME_M_6",0.02429796
"ME_M_6",0.03193348
"ME_M_6",-0.09348822
"ME_M_6",-0.1094531
"ME_M_6",-0.09039031
"ME_M_6",-0.05450744
"ME_M_6",-0.03282827
"ME_M_6",-0.01205703
"ME_M_6",-0.1084154
"ME_M_6",-0.06700625
"ME_M_6",-0.07834509
"ME_M_6",-0.03330714
"ME_M_6",0.03433688
"ME_M_6",0.07826869
"ME_M_6",0.002890224
"ME_M_6",-0.04207667
"ME_M_6",-0.04751033
"ME_M_6",-0.044898
"ME_M_6",-0.03548858
"ME_M_6",-0.04794303
"ME_M_6",-0.01150979
"ME_M_6",-0.0340452
"ME_M_6",-0.04603261
"ME_M_6",-0.00740964
"ME_M_6",-0.02154562
"ME_M_6",-0.05598728
"ME_M_6",-0.02067228
"ME_M_6",0.06505238
"ME_M_6",0.08284904
"ME_M_6",0.2676854
"ME_M_6",-0.2266093
"ME_M_6",-0.03795762
"ME_M_6",-0.0121266
"ME_M_6",0.02353792
"ME_M_6",-0.05198795
"ME_M_6",0.04007383
"ME_M_6",0.04196221
"ME_M_6",0.0457783
"ME_M_6",0.004551446
"ME_M_6",0.06614183
"ME_M_6",-0.17863
"ME_M_6",-0.2822447
"ME_M_6",-0.4695782
"ME_M_6",0.1359737
"ME_M_6",0.4054283
"ME_M_6",0.3379728
"ME_M_6",-0.1325948
"ME_M_6",0.04758787
"ME_M_6",0.1402901
"ME_M_6",0.1811142
"ME_M_6",0.2313215
"ME_M_6",0.001975074
"ME_M_6",-0.1219714
"ME_M_6",0.08996496
"ME_M_6",0.2381547
"ME_M_6",-0.07108248
"ME_M_6",-0.152266
"ME_M_6",-0.07015561
"ME_M_6",-0.007783344
"ME_M_6",-0.07525565
"ME_M_6",-0.1411122
"ME_M_6",-0.1689934
"ME_M_6",-0.1089164
"ME_M_6",0.0120668
"ME_M_6",0.02899944
"ME_M_6",0.04616684
"ME_M_6",0.05046586
"ME_M_6",0.06098735
"ME_M_6",0.03627469
"ME_M_6",0.05436669
"ME_M_6",0.05199746
"ME_M_6",-0.02231134
"ME_M_6",0.01016699
"ME_M_6",0.09209019
"ME_M_6",0.003532246
"ME_M_6",-0.04273691
"ME_M_6",-0.0100446
"ME_M_6",-0.02778131
"ME_M_6",-0.06329957
"ME_M_6",-0.03154239
"ME_M_6",-0.05051655
"ME_M_6",-0.04495845
"ME_M_7",-0.03301573
"ME_M_7",-0.01316766
"ME_M_7",0.03168856
"ME_M_7",0.02900986
"ME_M_7",0.03806163
"ME_M_7",0.03805214
"ME_M_7",0.04564449
"ME_M_7",0.0009856485
"ME_M_7",-0.06498303
"ME_M_7",-0.01149688
"ME_M_7",0.01143197
"ME_M_7",-0.005996048
"ME_M_7",-0.07801843
"ME_M_7",-0.08858931
"ME_M_7",-0.1305196
"ME_M_7",-0.2281429
"ME_M_7",-0.1133989
"ME_M_7",-0.0243863
"ME_M_7",0.01977246
"ME_M_7",-0.07040302
"ME_M_7",-0.09520771
"ME_M_7",-0.1499029
"ME_M_7",-0.08901853
"ME_M_7",-0.06943444
"ME_M_7",-0.19231
"ME_M_7",-0.5611596
"ME_M_7",-0.05683705
"ME_M_7",-0.354871
"ME_M_7",-0.05929516
"ME_M_7",-0.08780119
"ME_M_7",-0.001610458
"ME_M_7",0.02547077
"ME_M_7",0.0830444
"ME_M_7",0.02341227
"ME_M_7",0.08711584
"ME_M_7",0.1462642
"ME_M_7",0.2379967
"ME_M_7",0.2080095
"ME_M_7",0.2106833
"ME_M_7",0.2476629
"ME_M_7",0.09609579
"ME_M_7",-0.1733467
"ME_M_7",-0.06406672
"ME_M_7",-0.07904322
"ME_M_7",0.01358922
"ME_M_7",0.2140251
"ME_M_7",0.1168828
"ME_M_7",0.1174063
"ME_M_7",-0.1942145
"ME_M_7",-0.2357508
"ME_M_7",-0.09688523
"ME_M_7",0.1232352
"ME_M_7",0.2855861
"ME_M_7",0.3474079
"ME_M_7",0.2731915
"ME_M_7",0.3618161
"ME_M_7",0.1608394
"ME_M_7",0.1504648
"ME_M_7",0.06020693
"ME_M_7",0.08522514
"ME_M_7",0.06156587
"ME_M_7",0.05263447
"ME_M_7",0.001946867
"ME_M_7",-0.01320486
"ME_M_7",-0.1034975
"ME_M_7",-0.04082404
"ME_M_7",0.04922309
"ME_M_7",0.06373398
"ME_M_7",0.01819943
"ME_M_7",0.003437929
"ME_M_7",-0.02275523
"ME_M_7",-0.04898542
"ME_M_7",-0.02809766
"ME_M_7",0.00849042
"ME_M_7",-0.04670512
"ME_M_7",-0.06185674
"ME_M_7",-0.06778999
"ME_M_7",0.02141583
"ME_M_7",0.0007332749
"ME_M_7",-0.05739813
"ME_M_7",-0.03686441
"ME_M_7",-0.06919983
"ME_M_7",-0.07634529
"ME_M_7",-0.08342845
"ME_M_7",-0.1692471
"ME_M_7",-0.07720184
"ME_M_7",-0.1382046
"ME_M_7",-0.05049552
"ME_M_7",-0.09422082
"ME_M_7",-0.2255031
"ME_M_7",-0.3361809
"ME_M_7",-0.3023762
"ME_M_7",-0.1035426
"ME_M_7",-0.03917149
"ME_M_7",-0.004189315
"ME_M_7",-0.06890936
"ME_M_7",-0.05583997
"ME_M_7",0.02370187
"ME_M_7",0.02675641
"ME_M_7",-0.01930717
"ME_M_7",-0.03561784
"ME_M_7",-0.01514409
"ME_M_7",-0.03411048
"ME_M_7",-0.05834214
"ME_M_7",-0.0001265555
"ME_M_7",-0.02800091
"ME_M_7",-0.07759746
"ME_M_7",-0.1040867
"ME_M_7",-0.08226988
"ME_M_7",-0.117053
"ME_M_7",-0.1016741
"ME_M_7",-0.1337729
"ME_M_7",-0.146623
"ME_M_7",-0.2043967
"ME_M_7",-0.1570525
"ME_M_7",0.01172533
"ME_M_7",0.1464176
"ME_M_7",0.3222652
"ME_M_7",0.2112856
"ME_M_7",0.05660262
"ME_M_7",-0.02494753
"ME_M_7",-0.1041845
"ME_M_7",-0.0294262
"ME_M_7",0.05723298
"ME_M_7",0.1523841
"ME_M_7",0.003574259
"ME_M_7",-0.03813629
"ME_M_7",-0.1044404
"ME_M_7",-0.1973486
"ME_M_7",0.01321238
"ME_M_7",0.1113579
"ME_M_7",0.1315226
"ME_M_7",0.102142
"ME_M_7",0.0175176
"ME_M_7",-0.0382592
"ME_M_7",-0.04967021
"ME_M_7",0.06402268
"ME_M_7",0.158486
"ME_M_7",0.1211367
"ME_M_7",0.1396343
"ME_M_7",0.1356755
"ME_M_7",0.1418011
"ME_M_7",0.1516573
"ME_M_7",0.08935024
"ME_M_7",0.04697108
"ME_M_7",0.1189463
"ME_M_7",-0.1231045
"ME_M_7",-0.1285886
"ME_M_7",-0.08936089
"ME_M_7",-0.1175423
"ME_M_7",-0.1482877
"ME_M_7",-0.1561212
"ME_M_7",-0.1539886
"ME_M_7",-0.1254599
"ME_M_7",-0.09252428
"ME_M_7",-0.110624
"ME_M_7",-0.1167598
"ME_M_7",-0.1280042
"ME_M_7",-0.1361333
"ME_M_7",-0.08295871
"ME_M_7",-0.01713612
"ME_M_7",-0.055552
"ME_M_7",-0.0644175
"ME_M_7",-0.09877902
"ME_M_7",-0.09866406
"ME_M_7",-0.0944485
"ME_M_7",-0.007805135
"ME_M_7",-0.05392308
"ME_M_7",-0.01776855
"ME_M_7",-0.007221641
"ME_M_7",-0.04511695
"ME_M_7",-0.00455213
"ME_M_7",-0.08693398
"ME_M_7",-0.1041539
"ME_M_7",-0.1148559
"ME_M_7",-0.09171173
"ME_M_7",-0.1589117
"ME_M_7",-0.1581891
"ME_M_7",-0.3058926
"ME_M_7",-0.3516381
"ME_M_7",-0.150872
"ME_M_7",-0.1794126
"ME_M_7",-0.1154477
"ME_M_7",-0.1165253
"ME_M_7",-0.1174676
"ME_M_7",-0.01883496
"ME_M_7",-0.01805317
"ME_M_7",-0.07208039
"ME_M_7",-0.08521587
"ME_M_7",-0.0454304
"ME_M_7",0.03720484
"ME_M_7",0.04561336
"ME_M_7",-0.0579236
"ME_M_7",-0.3175474
"ME_M_7",-0.2736465
"ME_M_7",-0.2451075
"ME_M_7",-0.06495955
"ME_M_7",-0.03850045
"ME_M_7",-0.03908096
"ME_M_7",-0.01177019
"ME_M_7",-0.1117774
"ME_M_7",-0.2197649
"ME_M_7",-0.3283452
"ME_M_7",-0.3188968
"ME_M_7",-0.0007045716
"ME_M_7",0.3550966
"ME_M_7",0.448215
"ME_M_7",0.3445575
"ME_M_7",0.1242608
"ME_M_7",0.04482069
"ME_M_7",0.1123767
"ME_M_7",0.1653601
"ME_M_7",0.2173361
"ME_M_7",0.2654887
"ME_M_7",0.2735246
"ME_M_7",0.1638851
"ME_M_7",0.1821663
"ME_M_7",0.2062556
"ME_M_7",-0.0108218
"ME_M_7",-0.02862555
"ME_M_7",0.0240293
"ME_M_7",0.01930919
"ME_M_7",0.01870993
"ME_M_7",-0.0497236
"ME_M_7",0.0007886239
"ME_M_7",0.02340065
"ME_M_7",0.05627917
"ME_M_7",0.01868888
"ME_M_7",-0.007357429
"ME_M_7",-0.06962128
"ME_M_7",0.0004762523
"ME_M_7",-0.266937
"ME_M_7",-0.1763591
"ME_M_7",-0.1324556
"ME_M_7",0.0357442
"ME_M_7",0.09217366
"ME_M_7",0.03679021
"ME_M_7",0.06256185
"ME_M_7",0.04523338
"ME_M_7",-0.09712633
"ME_M_7",-0.2410524
"ME_M_7",-0.1460105
"ME_M_7",-0.03374707
"ME_M_7",0.1815697
"ME_M_7",0.08895811
"ME_M_7",-0.06754055
"ME_M_7",-0.08766333
"ME_M_7",-0.1216146
"ME_M_7",-0.1200567
"ME_M_7",0.005853809
"ME_M_7",0.008758605
"ME_M_7",-0.05368153
"ME_M_7",-0.1793327
"ME_M_7",-0.2132414
"ME_M_7",0.008994513
"ME_M_7",0.09623278
"ME_M_7",0.07708219
"ME_M_7",0.04883255
"ME_M_7",0.09766918
"ME_M_7",0.1208214
"ME_M_7",0.07363812
"ME_M_7",0.04428011
"ME_M_7",0.07973716
"ME_M_7",-0.00809819
"ME_M_7",-0.03618062
"ME_M_7",-0.04972407
"ME_M_7",0.008644371
"ME_M_7",-0.05587756
"ME_M_7",0.04414503
"ME_M_7",0.05628525
"ME_M_7",-0.01742403
"ME_M_7",-0.07351889
"ME_M_7",-0.03870702
"ME_M_7",-0.05283907
"ME_M_7",0.01474979
"ME_M_7",0.01877564
"ME_M_7",0.02476018
"ME_M_7",0.01794577
"ME_M_7",0.00572641
"ME_M_7",-0.04456656
"ME_M_7",-0.02033704
"ME_M_7",0.04886704
"ME_M_7",0.05735076
"ME_M_7",0.08920374
"ME_M_7",0.06532594
"ME_M_7",0.01159663
"ME_M_7",0.01865112
"ME_M_7",0.02665289
"ME_M_7",-0.03291162
"ME_M_7",-0.07489538
"ME_M_7",-0.04878587
"ME_M_7",-0.03363543
"ME_M_7",-0.03472922
"ME_M_7",-0.02477278
"ME_M_7",-0.03928978
"ME_M_7",-0.09014098
"ME_M_7",-0.0600718
"ME_M_7",-0.1020204
"ME_M_7",-0.09707358
"ME_M_7",-0.0628198
"ME_M_7",0.01054564
"ME_M_7",-0.035854
"ME_M_7",0.02133284
"ME_M_7",0.08972151
"ME_M_7",0.1787138
"ME_M_7",0.1789793
"ME_M_7",0.119519
"ME_M_7",0.1025195
"ME_M_7",0.001853809
"ME_M_7",-0.03854454
"ME_M_7",-0.1069702
"ME_M_7",-0.1049459
"ME_M_7",0.1563393
"ME_M_7",0.216814
"ME_M_7",0.3104554
"ME_M_7",0.2261995
"ME_M_7",-0.2130114
"ME_M_7",-0.3075941
"ME_M_7",-0.2657079
"ME_M_7",-0.09165862
"ME_M_7",0.07681419
"ME_M_7",0.1365433
"ME_M_7",0.08017588
"ME_M_7",-0.08626015
"ME_M_7",-0.1078788
"ME_M_7",-0.07317599
"ME_M_7",-0.03176266
"ME_M_7",0.08217306
"ME_M_7",0.1798561
"ME_M_7",0.1039315
"ME_M_7",0.1018146
"ME_M_7",0.004685977
"ME_M_7",-0.004877456
"ME_M_7",-0.03033922
"ME_M_7",0.0009869097
"ME_M_7",-0.007380293
"ME_M_7",-0.0249316
"ME_M_7",-0.01583422
"ME_M_7",-0.0427439
"ME_M_7",-0.01065178
"ME_M_7",0.03193869
"ME_M_7",-0.06116225
"ME_M_7",-0.07714443
"ME_M_7",-0.08303039
"ME_M_7",-0.07503425
"ME_M_7",-0.06940795
"ME_M_7",-0.07777197
"ME_M_7",-0.06395539
"ME_M_7",-0.01153476
"ME_M_7",0.03481527
"ME_M_7",0.03252229
"ME_M_7",0.02554772
"ME_M_7",0.003076904
"ME_M_7",0.003303347
"ME_M_7",0.008695485
"ME_M_7",-0.008550623
"ME_M_7",0.006914502
"ME_M_7",-0.006615163
"ME_M_7",0.04233683
"ME_M_7",-0.005419898
"ME_M_7",-0.03326741
"ME_M_7",-0.02792292
"ME_M_7",-0.01082403
"ME_M_7",0.002543874
"ME_M_7",-0.1704797
"ME_M_7",-0.04300149
"ME_M_7",-0.008299789
"ME_M_7",-0.06320819
"ME_M_7",-0.1998993
"ME_M_7",-0.101867
"ME_M_7",-0.02717862
"ME_M_7",0.02239422
"ME_M_7",-0.04472342
"ME_M_7",-0.05454454
"ME_M_7",-0.137148
"ME_M_7",-0.004347645
"ME_M_7",0.156426
"ME_M_7",0.3220713
"ME_M_7",0.3466845
"ME_M_7",0.3270659
"ME_M_7",-0.01883882
"ME_M_7",-0.3587397
"ME_M_7",-0.3650489
"ME_M_7",-0.1609858
"ME_M_7",0.03307404
"ME_M_7",0.1494904
"ME_M_7",0.2260718
"ME_M_7",0.3145449
"ME_M_7",0.0165478
"ME_M_7",-0.5032203
"ME_M_7",-0.4154841
"ME_M_7",-0.07185715
"ME_M_7",0.2267632
"ME_M_7",0.1407818
"ME_M_7",0.03550814
"ME_M_7",-0.04361078
"ME_M_7",-0.03745169
"ME_M_7",0.07216176
"ME_M_7",0.1083775
"ME_M_7",0.05810918
"ME_M_7",0.01007099
"ME_M_7",-0.05695868
"ME_M_7",-0.09382039
"ME_M_7",-0.1087862
"ME_M_7",-0.079955
"ME_M_7",0.09982884
"ME_M_7",0.03534882
"ME_M_7",0.04125773
"ME_M_7",-0.009548374
"ME_M_7",-0.03166858
"ME_M_7",-0.0484386
"ME_M_7",-0.05843267
"ME_M_7",-0.05701319
"ME_M_7",-0.07637037
"ME_M_7",-0.05850411
"ME_M_7",-0.07378183
"ME_M_7",-0.0415328
"ME_M_7",0.05430473
"ME_M_7",0.1215912
"ME_M_7",0.09760272
"ME_M_7",0.03304075
"ME_M_7",0.03413592
"ME_M_7",0.01400682
"ME_M_7",0.05063481
"ME_M_7",0.008225452
"ME_M_7",0.05008393
"ME_M_7",0.02831419
"ME_M_7",0.03766144
"ME_M_7",0.05968002
"ME_M_7",-0.04043141
"ME_M_7",-0.08425748
"ME_M_7",-0.1174416
"ME_M_7",-0.07232461
"ME_M_7",-0.04353973
"ME_M_7",-0.03446178
"ME_M_7",-0.07042019
"ME_M_7",-0.009936758
"ME_M_7",-0.01049805
"ME_M_7",-0.01730193
"ME_M_7",-0.07077073
"ME_M_7",-0.0188033
"ME_M_7",-0.1284905
"ME_M_7",-0.1083157
"ME_M_7",-0.02262359
"ME_M_7",0.04358067
"ME_M_7",0.004420593
"ME_M_7",0.00707962
"ME_M_7",0.06866068
"ME_M_7",0.04179767
"ME_M_7",0.02629311
"ME_M_7",0.05674197
"ME_M_7",0.01628761
"ME_M_7",0.04994706
"ME_M_7",0.02114526
"ME_M_7",-0.04003053
"ME_M_7",-0.1236812
"ME_M_7",-0.408685
"ME_M_7",-0.1068321
"ME_M_7",-0.1643983
"ME_M_7",-0.06683698
"ME_M_7",-0.3020132
"ME_M_7",-0.08199875
"ME_M_7",-0.005061217
"ME_M_7",0.01195607
"ME_M_7",-0.1172877
"ME_M_7",-0.1153405
"ME_M_7",0.06735713
"ME_M_7",0.3112715
"ME_M_7",0.5359676
"ME_M_7",0.4117033
"ME_M_7",0.01601179
"ME_M_7",0.04552775
"ME_M_7",0.2690102
"ME_M_7",0.02340296
"ME_M_7",0.0602236
"ME_M_7",0.01225465
"ME_M_7",0.05508173
"ME_M_7",-0.00338744
"ME_M_7",-0.02251936
"ME_M_7",-0.1911986
"ME_M_7",-0.2341616
"ME_M_7",0.003827885
"ME_M_7",0.08991472
"ME_M_7",0.1326797
"ME_M_7",0.1848062
"ME_M_7",0.09968738
"ME_M_7",0.08737764
"ME_M_7",0.05593116
"ME_M_7",0.04699895
"ME_M_7",0.03868044
"ME_M_7",0.03973024
"ME_M_7",-0.006247318
"ME_M_7",0.04947606
"ME_M_7",0.02255473
"ME_M_7",-0.009279468
"ME_M_7",-0.00429009
"ME_M_7",-0.01140035
"ME_M_7",-0.01186253
"ME_M_7",-0.06065929
"ME_M_7",-0.1309382
"ME_M_7",-0.05318407
"ME_M_7",-0.03613098
"ME_M_7",-0.08687482
"ME_M_7",-0.09300303
"ME_M_7",-0.04258661
"ME_M_7",0.02997212
"ME_M_7",0.04571022
"ME_M_7",0.0705351
"ME_M_7",0.06589925
"ME_M_7",0.05979156
"ME_M_7",-0.07162271
"ME_M_7",-0.05396478
"ME_M_7",-0.08703453
"ME_M_7",-0.1307006
"ME_M_7",-0.1366353
"ME_M_7",-0.1554899
"ME_M_7",-0.2150321
"ME_M_7",-0.1973061
"ME_M_7",-0.2243817
"ME_M_7",-0.1169337
"ME_M_7",0.1609916
"ME_M_7",0.319791
"ME_M_7",0.3160991
"ME_M_7",0.248461
"ME_M_7",0.2101151
"ME_M_7",0.102948
"ME_M_7",-0.04220054
"ME_M_7",-0.06889188
"ME_M_7",0.05405547
"ME_M_7",0.06580807
"ME_M_7",-0.05216045
"ME_M_7",-0.1473116
"ME_M_7",-0.1793133
"ME_M_7",-0.1628926
"ME_M_7",-0.1987069
"ME_M_7",-0.05811418
"ME_M_7",0.04097257
"ME_M_7",0.07828786
"ME_M_7",0.08845542
"ME_M_7",0.1398822
"ME_M_7",0.05233749
"ME_M_7",0.06449452
"ME_M_7",0.1585293
"ME_M_7",0.1721527
"ME_M_7",0.1485396
"ME_M_7",0.1677427
"ME_M_7",0.1382557
"ME_M_7",0.1113972
"ME_M_7",0.1038642
"ME_M_7",0.0055812
"ME_M_7",-0.07536386
"ME_M_7",-0.1588021
"ME_M_7",-0.1835316
"ME_M_7",-0.1339313
"ME_M_7",-0.1169664
"ME_M_7",-0.09161633
"ME_M_7",-0.07750218
"ME_M_7",0.0007282868
"ME_M_7",-0.009761547
"ME_M_7",0.04722049
"ME_M_7",0.04001563
"ME_M_7",0.04188079
"ME_M_7",-0.02588836
"ME_M_7",0.05526868
"ME_M_7",0.2315053
"ME_M_7",0.2142224
"ME_M_7",0.1211162
"ME_M_7",-0.06374928
"ME_M_7",-0.01315572
"ME_M_7",0.005385018
"ME_M_7",0.05440042
"ME_M_7",0.03559782
"ME_M_7",-0.03649728
"ME_M_7",0.002179965
"ME_M_7",-0.04925117
"ME_M_7",-0.05841866
"ME_M_7",-0.06787156
"ME_M_7",0.01335719
"ME_M_7",0.04824592
"ME_M_7",-0.020169
"ME_M_7",-0.02301063
"ME_M_7",-0.02741154
"ME_M_7",0.09599259
"ME_M_7",-0.06398238
"ME_M_7",-0.04523824
"ME_M_7",-0.05963124
"ME_M_7",-0.09088464
"ME_M_7",-0.1189208
"ME_M_7",-0.1081736
"ME_M_7",-0.03642499
"ME_M_7",-0.03170251
"ME_M_7",-0.0339133
"ME_M_7",0.008218645
"ME_M_7",-0.01523647
"ME_M_7",0.005006917
"ME_M_7",-0.04978362
"ME_M_7",-0.2871315
"ME_M_7",-0.3413962
"ME_M_7",-0.223916
"ME_M_7",-0.1945625
"ME_M_7",-0.3717499
"ME_M_7",-0.2455429
"ME_M_7",-0.2542985
"ME_M_7",-0.23957
"ME_M_7",-0.1369657
"ME_M_7",-0.07831
"ME_M_7",-0.06461183
"ME_M_7",-0.07672161
"ME_M_7",0.187291
"ME_M_7",0.2017188
"ME_M_7",0.2778013
"ME_M_7",0.1652251
"ME_M_7",0.1645839
"ME_M_7",-0.09564727
"ME_M_7",-0.02947294
"ME_M_7",-0.01241476
"ME_M_7",0.300963
"ME_M_7",0.2743756
"ME_M_7",0.01877381
"ME_M_7",-0.2879538
"ME_M_7",-0.3226665
"ME_M_7",-0.009840429
"ME_M_7",0.2478011
"ME_M_7",0.2304972
"ME_M_7",0.08240503
"ME_M_7",0.0191414
"ME_M_7",0.03722733
"ME_M_7",0.1698169
"ME_M_7",0.1407888
"ME_M_7",0.1895331
"ME_M_7",0.1191709
"ME_M_7",0.1258574
"ME_M_7",0.152255
"ME_M_7",0.1853116
"ME_M_7",0.1376787
"ME_M_7",0.08944967
"ME_M_7",0.08197095
"ME_M_7",0.07173893
"ME_M_7",0.04403847
"ME_M_7",-0.01255255
"ME_M_7",0.002634576
"ME_M_7",0.001445191
"ME_M_7",0.02943147
"ME_M_7",-0.04242365
"ME_M_7",-0.05414513
"ME_M_7",0.0109047
"ME_M_7",0.008621015
"ME_M_7",0.05336799
"ME_M_7",0.01396313
"ME_M_7",-0.008913927
"ME_M_7",0.03718212
"ME_M_7",0.07230399
"ME_M_7",0.04651614
"ME_M_7",0.03108788
"ME_M_7",0.02526619
"ME_M_7",-0.009310421
"ME_M_7",-0.03159712
"ME_M_7",-0.02487664
"ME_M_7",-0.08305546
"ME_M_7",-0.05182652
"ME_M_7",-0.002185445
"ME_M_7",-0.02584855
"ME_M_7",-0.004078951
"ME_M_7",0.02508387
"ME_M_7",0.03779536
"ME_M_7",0.07741658
"ME_M_7",0.09961738
"ME_M_7",-0.02085974
"ME_M_7",-0.07300023
"ME_M_7",-0.04288263
"ME_M_7",-0.03198804
"ME_M_7",0.02458782
"ME_M_7",0.0513855
"ME_M_7",0.0006713792
"ME_M_7",0.04325027
"ME_M_7",-0.008087344
"ME_M_7",0.04229694
"ME_M_7",0.1139405
"ME_M_7",0.1376167
"ME_M_7",0.1319992
"ME_M_7",0.1262301
"ME_M_7",0.05340654
"ME_M_7",-0.06907817
"ME_M_7",-0.555616
"ME_M_7",-0.2903098
"ME_M_7",-0.2487306
"ME_M_7",-0.05944118
"ME_M_7",0.08448444
"ME_M_7",0.1091399
"ME_M_7",0.1621227
"ME_M_7",0.2203143
"ME_M_7",-0.05311636
"ME_M_7",-0.218714
"ME_M_7",-0.2752337
"ME_M_7",-0.1536278
"ME_M_7",0.4327158
"ME_M_7",0.3873465
"ME_M_7",0.01641555
"ME_M_7",-0.0904853
"ME_M_7",0.1415878
"ME_M_7",0.0654716
"ME_M_7",-0.06375349
"ME_M_7",-0.1530482
"ME_M_7",-0.04038407
"ME_M_7",-0.03779386
"ME_M_7",-0.05427727
"ME_M_7",-0.1462728
"ME_M_7",-0.164151
"ME_M_7",-0.02979946
"ME_M_7",0.1953756
"ME_M_7",0.2040557
"ME_M_7",0.1831318
"ME_M_7",0.1398941
"ME_M_7",0.1139219
"ME_M_7",0.03116105
"ME_M_7",-0.0594367
"ME_M_7",-0.08993786
"ME_M_7",-0.05028742
"ME_M_7",-0.06579764
"ME_M_7",0.002216197
"ME_M_7",-0.07497963
"ME_M_7",-0.04384249
"ME_M_7",-0.03969271
"ME_M_7",-0.03902688
"ME_M_7",-0.0426371
"ME_M_7",0.005194793
"ME_M_7",-0.01664411
"ME_M_7",-0.06597316
"ME_M_7",-0.1181946
"ME_M_7",-0.004456431
"ME_M_7",0.02049481
"ME_M_7",-0.01236233
"ME_M_7",0.05689842
"ME_M_7",0.04843808
"ME_M_7",0.1527524
"ME_M_7",0.08491728
"ME_M_7",0.02686422
"ME_M_7",-0.01595659
"ME_M_7",0.03006304
"ME_M_7",0.0109699
"ME_M_7",0.02197924
"ME_M_7",-0.008981048
"ME_M_7",-0.05375296
"ME_M_7",-0.07605461
"ME_M_7",-0.04219326
"ME_M_7",-0.1135314
"ME_M_7",-0.234584
"ME_M_7",-0.178207
"ME_M_7",0.0436652
"ME_M_7",0.2416449
"ME_M_7",0.2202641
"ME_M_7",0.2322015
"ME_M_7",-0.09883612
"ME_M_7",-0.2517743
"ME_M_7",0.1135584
"ME_M_7",0.1812109
"ME_M_7",0.1415447
"ME_M_7",0.003160171
"ME_M_7",-0.1878141
"ME_M_7",-0.2608622
"ME_M_7",-0.2417403
"ME_M_7",-0.03454797
"ME_M_7",0.08440785
"ME_M_7",0.1274157
"ME_M_7",0.06289391
"ME_M_7",-0.0367379
"ME_M_7",-0.08543702
"ME_M_7",-0.1025498
"ME_M_7",-0.005529427
"ME_M_7",0.03209309
"ME_M_7",0.07709382
"ME_M_7",0.0486164
"ME_M_7",0.0457384
"ME_M_7",0.05489244
"ME_M_7",0.06620459
"ME_M_7",0.006540875
"ME_M_7",0.04863796
"ME_M_7",-0.02988275
"ME_M_7",0.003425521
"ME_M_7",-0.01348075
"ME_M_7",-0.009300997
"ME_M_7",-0.05786062
"ME_M_7",0.05389225
"ME_M_7",0.02564192
"ME_M_7",0.01179085
"ME_M_7",-0.03327418
"ME_M_7",-0.04284027
"ME_M_7",-0.04850261
"ME_M_7",0.005089469
"ME_M_7",0.03105258
"ME_M_7",0.02785943
"ME_M_7",0.02340748
"ME_M_7",0.05404451
"ME_M_7",0.1147607
"ME_M_7",0.1422304
"ME_M_7",0.1089352
"ME_M_7",0.03299277
"ME_M_7",0.0279656
"ME_M_7",-0.0467372
"ME_M_7",-0.09897717
"ME_M_7",-0.1319618
"ME_M_7",-0.1448233
"ME_M_7",-0.02099685
"ME_M_7",-0.02536269
"ME_M_7",-0.0836047
"ME_M_7",-0.05931628
"ME_M_7",-0.02221463
"ME_M_7",-0.03965408
"ME_M_7",-0.01925662
"ME_M_7",-0.01415258
"ME_M_7",-0.09427003
"ME_M_7",-0.1867035
"ME_M_7",-0.2227683
"ME_M_7",-0.08945249
"ME_M_7",-0.008827333
"ME_M_7",0.001968562
"ME_M_7",-0.07620466
"ME_M_7",-0.02174813
"ME_M_7",0.2096995
"ME_M_7",0.1359865
"ME_M_7",0.08534145
"ME_M_7",-0.01774259
"ME_M_7",-0.04838404
"ME_M_7",0.1346228
"ME_M_7",0.342311
"ME_M_7",0.3010194
"ME_M_7",-0.1678669
"ME_M_7",-0.2390685
"ME_M_7",-0.2227145
"ME_M_7",-0.3104369
"ME_M_7",-0.09120847
"ME_M_7",-0.02554954
"ME_M_7",-0.001675874
"ME_M_7",0.1144746
"ME_M_7",0.194169
"ME_M_7",-0.3395563
"ME_M_7",-0.6303312
"ME_M_7",-0.3686876
"ME_M_7",0.13385
"ME_M_7",0.4377971
"ME_M_7",0.2688552
"ME_M_7",0.02795864
"ME_M_7",-0.00587007
"ME_M_7",0.02775135
"ME_M_7",0.1604784
"ME_M_7",0.2071752
"ME_M_7",0.1384719
"ME_M_7",0.03933148
"ME_M_7",0.02952942
"ME_M_7",-0.04001742
"ME_M_7",-0.0505459
"ME_M_7",-0.1011815
"ME_M_7",-0.084644
"ME_M_7",0.04495268
"ME_M_7",0.006369233
"ME_M_7",0.001885929
"ME_M_7",0.04155947
"ME_M_7",0.02504641
"ME_M_7",-0.02437192
"ME_M_7",-0.0379398
"ME_M_7",0.003406122
"ME_M_7",-0.01173512
"ME_M_7",0.01273049
"ME_M_7",0.05090633
"ME_M_7",0.007970467
"ME_M_7",0.01042066
"ME_M_7",-0.05354014
"ME_M_7",-0.08630394
"ME_M_7",-0.07262667
"ME_M_7",0.009809561
"ME_M_7",-0.06767873
"ME_M_7",-0.03633706
"ME_M_7",-0.01340616
"ME_M_7",-0.04334481
"ME_M_7",-0.01059325
"ME_F_2",-0.01019023
"ME_F_2",0.0264102
"ME_F_2",-0.05625495
"ME_F_2",-0.0344922
"ME_F_2",0.09436674
"ME_F_2",0.0118873
"ME_F_2",0.03342009
"ME_F_2",-0.01403836
"ME_F_2",-0.1473026
"ME_F_2",-0.2406676
"ME_F_2",-0.2684349
"ME_F_2",-0.2022799
"ME_F_2",-0.1072176
"ME_F_2",-0.02861935
"ME_F_2",0.03529309
"ME_F_2",0.08951345
"ME_F_2",0.05177271
"ME_F_2",0.07811257
"ME_F_2",0.0531981
"ME_F_2",0.1337729
"ME_F_2",0.1319746
"ME_F_2",0.0897566
"ME_F_2",0.05117632
"ME_F_2",-0.009718545
"ME_F_2",-0.05942398
"ME_F_2",-0.1820988
"ME_F_2",-0.206538
"ME_F_2",-0.03446355
"ME_F_2",-0.05386168
"ME_F_2",-0.01795782
"ME_F_2",0.06314214
"ME_F_2",0.04306641
"ME_F_2",0.1270063
"ME_F_2",0.05951477
"ME_F_2",-0.01908802
"ME_F_2",0.09067591
"ME_F_2",-0.02411378
"ME_F_2",-0.01299286
"ME_F_2",-0.1187381
"ME_F_2",-0.1634965
"ME_F_2",-0.03618868
"ME_F_2",-0.06013874
"ME_F_2",-0.09633062
"ME_F_2",-0.1602356
"ME_F_2",-0.1413347
"ME_F_2",-0.01736926
"ME_F_2",0.1093282
"ME_F_2",-0.01563098
"ME_F_2",0.01815979
"ME_F_2",0.04495555
"ME_F_2",0.04062264
"ME_F_2",0.07438757
"ME_F_2",0.06687909
"ME_F_2",-0.03042253
"ME_F_2",-0.05605442
"ME_F_2",-0.01104289
"ME_F_2",-0.06557775
"ME_F_2",0.04339913
"ME_F_2",-0.005404371
"ME_F_2",-0.1530567
"ME_F_2",-0.07620602
"ME_F_2",-0.006811962
"ME_F_2",0.04514561
"ME_F_2",0.03425439
"ME_F_2",0.03624813
"ME_F_2",0.06570269
"ME_F_2",0.01458294
"ME_F_2",0.04815029
"ME_F_2",0.004084378
"ME_F_2",-0.04568222
"ME_F_2",-0.03793138
"ME_F_2",-0.09379119
"ME_F_2",0.001843698
"ME_F_2",0.02516461
"ME_F_2",-0.03172502
"ME_F_2",-0.02042527
"ME_F_2",-0.02250457
"ME_F_2",-0.05118966
"ME_F_2",0.01571684
"ME_F_2",-0.004999103
"ME_F_2",-0.03185806
"ME_F_2",0.01952272
"ME_F_2",-0.03374985
"ME_F_2",-0.05955536
"ME_F_2",-0.01844269
"ME_F_2",0.01380975
"ME_F_2",-0.003933025
"ME_F_2",-0.07353711
"ME_F_2",-0.04794752
"ME_F_2",-0.03618318
"ME_F_2",-0.05022444
"ME_F_2",-0.07271598
"ME_F_2",-0.01573081
"ME_F_2",-0.0260935
"ME_F_2",-0.08383238
"ME_F_2",-0.05327938
"ME_F_2",0.01442087
"ME_F_2",-0.04594171
"ME_F_2",-0.01594085
"ME_F_2",-0.01699991
"ME_F_2",0.007889777
"ME_F_2",-0.02088235
"ME_F_2",0.01852798
"ME_F_2",-0.01293826
"ME_F_2",-0.03194929
"ME_F_2",-0.02720091
"ME_F_2",-0.04927541
"ME_F_2",-0.0142863
"ME_F_2",0.003190444
"ME_F_2",-0.004897397
"ME_F_2",0.004503086
"ME_F_2",0.02943895
"ME_F_2",0.02673156
"ME_F_2",0.0004890803
"ME_F_2",0.02213974
"ME_F_2",0.007159021
"ME_F_2",0.01271118
"ME_F_2",0.001925912
"ME_F_2",-0.1149305
"ME_F_2",-0.2255604
"ME_F_2",-0.139846
"ME_F_2",-0.1126255
"ME_F_2",0.15415
"ME_F_2",0.08825112
"ME_F_2",-0.1035599
"ME_F_2",-0.04218936
"ME_F_2",1.260825E-05
"ME_F_2",0.05033944
"ME_F_2",0.03590858
"ME_F_2",-0.0009337239
"ME_F_2",0.06844205
"ME_F_2",0.09565102
"ME_F_2",0.0418506
"ME_F_2",0.006888192
"ME_F_2",-0.01466168
"ME_F_2",-0.009571941
"ME_F_2",-0.06040669
"ME_F_2",-0.04411537
"ME_F_2",-0.1223184
"ME_F_2",-0.105494
"ME_F_2",-0.1202221
"ME_F_2",-0.09332145
"ME_F_2",-0.02079962
"ME_F_2",0.04631037
"ME_F_2",0.08193104
"ME_F_2",-0.01867319
"ME_F_2",0.02152762
"ME_F_2",-0.02224305
"ME_F_2",-0.06094071
"ME_F_2",-0.04921347
"ME_F_2",-0.08321478
"ME_F_2",-0.02318587
"ME_F_2",-0.002976703
"ME_F_2",-0.007813043
"ME_F_2",-0.02393689
"ME_F_2",-0.02859857
"ME_F_2",-0.0834436
"ME_F_2",-0.02077686
"ME_F_2",0.04242996
"ME_F_2",0.01542289
"ME_F_2",0.02147847
"ME_F_2",0.01962312
"ME_F_2",-0.01466182
"ME_F_2",0.01798987
"ME_F_2",-0.02272933
"ME_F_2",-0.01405108
"ME_F_2",-0.01380391
"ME_F_2",-0.03733335
"ME_F_2",-0.03422543
"ME_F_2",0.01152956
"ME_F_2",-0.02837066
"ME_F_2",-0.01543655
"ME_F_2",0.004076613
"ME_F_2",0.02097705
"ME_F_2",0.002035186
"ME_F_2",0.03985103
"ME_F_2",-0.002952921
"ME_F_2",-0.06862381
"ME_F_2",0.03911446
"ME_F_2",0.02998642
"ME_F_2",-0.06852342
"ME_F_2",-0.03986653
"ME_F_2",-0.03822619
"ME_F_2",-0.01265144
"ME_F_2",-0.05913917
"ME_F_2",-0.09714249
"ME_F_2",-0.1029351
"ME_F_2",-0.09150831
"ME_F_2",-0.05946556
"ME_F_2",0.1119955
"ME_F_2",0.05273242
"ME_F_2",0.06092853
"ME_F_2",-0.1405779
"ME_F_2",-0.1912738
"ME_F_2",0.03597676
"ME_F_2",0.06909283
"ME_F_2",0.1227438
"ME_F_2",0.02135882
"ME_F_2",-0.07658321
"ME_F_2",-0.06375416
"ME_F_2",-0.07568042
"ME_F_2",-0.04840669
"ME_F_2",0.05504077
"ME_F_2",0.07598198
"ME_F_2",0.09217966
"ME_F_2",0.09537005
"ME_F_2",-0.01957343
"ME_F_2",-0.07670214
"ME_F_2",-0.07113002
"ME_F_2",-0.02342316
"ME_F_2",-0.05747637
"ME_F_2",0.09437615
"ME_F_2",0.043439
"ME_F_2",0.04942357
"ME_F_2",0.03990229
"ME_F_2",0.04071283
"ME_F_2",-0.02529281
"ME_F_2",-0.01037485
"ME_F_2",-0.1268691
"ME_F_2",-0.166309
"ME_F_2",-0.07809991
"ME_F_2",-0.01631407
"ME_F_2",0.01236105
"ME_F_2",-0.07989413
"ME_F_2",-0.03372829
"ME_F_2",-0.02634886
"ME_F_2",-0.00932727
"ME_F_2",-0.01899479
"ME_F_2",-0.02769008
"ME_F_2",0.007751741
"ME_F_2",0.02396149
"ME_F_2",-0.09217888
"ME_F_2",-0.03597136
"ME_F_2",0.05156715
"ME_F_2",-0.02936883
"ME_F_2",-0.04124089
"ME_F_2",-0.005689904
"ME_F_2",0.05824399
"ME_F_2",0.137819
"ME_F_2",0.02372198
"ME_F_2",-0.0296008
"ME_F_2",-0.08193946
"ME_F_2",0.0005661845
"ME_F_2",-0.04940461
"ME_F_2",-0.02989649
"ME_F_2",-0.03150595
"ME_F_2",-0.006659541
"ME_F_2",-0.04382099
"ME_F_2",-0.01007569
"ME_F_2",-0.01072632
"ME_F_2",0.004385248
"ME_F_2",0.009338159
"ME_F_2",0.05122431
"ME_F_2",0.01659713
"ME_F_2",-0.003438484
"ME_F_2",0.03222815
"ME_F_2",0.04269587
"ME_F_2",0.03427868
"ME_F_2",0.02759653
"ME_F_2",-0.02671814
"ME_F_2",-0.07320598
"ME_F_2",-0.157331
"ME_F_2",-0.02861458
"ME_F_2",-0.0795286
"ME_F_2",-0.01509793
"ME_F_2",0.1853251
"ME_F_2",0.0811743
"ME_F_2",0.1177626
"ME_F_2",-0.1657867
"ME_F_2",-0.1527726
"ME_F_2",0.04702389
"ME_F_2",0.2304509
"ME_F_2",0.1027484
"ME_F_2",0.004666112
"ME_F_2",-0.05106588
"ME_F_2",-0.008164304
"ME_F_2",0.03486245
"ME_F_2",0.1250072
"ME_F_2",0.06114798
"ME_F_2",-0.01909229
"ME_F_2",-0.07498344
"ME_F_2",-0.09145887
"ME_F_2",-0.1531009
"ME_F_2",-0.166098
"ME_F_2",-0.03598658
"ME_F_2",0.09795786
"ME_F_2",0.03188611
"ME_F_2",-0.09713782
"ME_F_2",-0.1490842
"ME_F_2",0.007280737
"ME_F_2",0.173317
"ME_F_2",-0.05389272
"ME_F_2",0.04324413
"ME_F_2",0.1369769
"ME_F_2",0.1045847
"ME_F_2",0.1308288
"ME_F_2",0.1414052
"ME_F_2",0.01658945
"ME_F_2",-0.01439051
"ME_F_2",-0.05884947
"ME_F_2",-0.1213702
"ME_F_2",-0.07011616
"ME_F_2",-0.05703569
"ME_F_2",0.02566413
"ME_F_2",-0.03716692
"ME_F_2",-0.0007848591
"ME_F_2",-0.01992742
"ME_F_2",0.003493182
"ME_F_2",0.02976006
"ME_F_2",-0.03328884
"ME_F_2",0.03053625
"ME_F_2",0.06179363
"ME_F_2",-0.02945969
"ME_F_2",-0.02950035
"ME_F_2",-0.01068966
"ME_F_2",0.01137584
"ME_F_2",0.03703539
"ME_F_2",-0.002270512
"ME_F_2",-0.04865807
"ME_F_2",-0.08449411
"ME_F_2",-0.01986651
"ME_F_2",-0.0398482
"ME_F_2",-0.05741453
"ME_F_2",-0.04124019
"ME_F_2",-0.07013898
"ME_F_2",-0.0320534
"ME_F_2",0.02073684
"ME_F_2",0.03074539
"ME_F_2",0.02983301
"ME_F_2",0.0006126761
"ME_F_2",-0.01468629
"ME_F_2",0.002040355
"ME_F_2",0.01575178
"ME_F_2",-0.07452243
"ME_F_2",-0.205513
"ME_F_2",-0.03989367
"ME_F_2",-0.01328845
"ME_F_2",0.07018241
"ME_F_2",0.005320765
"ME_F_2",0.03403609
"ME_F_2",-0.02049087
"ME_F_2",-0.1022174
"ME_F_2",-0.1057648
"ME_F_2",-0.09030856
"ME_F_2",0.01540295
"ME_F_2",0.04816148
"ME_F_2",0.07170033
"ME_F_2",0.02984264
"ME_F_2",0.03286227
"ME_F_2",0.04718408
"ME_F_2",-0.02137734
"ME_F_2",-0.02388355
"ME_F_2",0.04689749
"ME_F_2",0.05758673
"ME_F_2",0.07309891
"ME_F_2",-0.01556096
"ME_F_2",-0.1187581
"ME_F_2",-0.08279878
"ME_F_2",-0.02084745
"ME_F_2",-0.03983737
"ME_F_2",0.04759058
"ME_F_2",0.06907646
"ME_F_2",0.0258613
"ME_F_2",-0.03246715
"ME_F_2",-0.03772173
"ME_F_2",-0.01237968
"ME_F_2",-0.08092518
"ME_F_2",-0.02497271
"ME_F_2",0.04239253
"ME_F_2",0.009821607
"ME_F_2",0.004297767
"ME_F_2",-0.03634579
"ME_F_2",0.01104369
"ME_F_2",0.06282871
"ME_F_2",0.06692418
"ME_F_2",0.05615464
"ME_F_2",-0.007912191
"ME_F_2",0.002222374
"ME_F_2",-0.04376909
"ME_F_2",0.01335141
"ME_F_2",-0.1489009
"ME_F_2",-0.04429688
"ME_F_2",-0.07497209
"ME_F_2",-0.002743684
"ME_F_2",-0.01091137
"ME_F_2",0.03511174
"ME_F_2",-0.01990639
"ME_F_2",0.0304219
"ME_F_2",-0.0102008
"ME_F_2",0.02462168
"ME_F_2",-0.03882818
"ME_F_2",0.03320535
"ME_F_2",-0.08531536
"ME_F_2",-0.06471427
"ME_F_2",-0.05410276
"ME_F_2",0.02063476
"ME_F_2",0.04036996
"ME_F_2",-0.01592065
"ME_F_2",0.004750372
"ME_F_2",-0.08260847
"ME_F_2",-0.1036033
"ME_F_2",-0.04893848
"ME_F_2",-0.04558671
"ME_F_2",0.007477449
"ME_F_2",0.01665909
"ME_F_2",0.04901223
"ME_F_2",0.01375078
"ME_F_2",-0.01140447
"ME_F_2",0.1225575
"ME_F_2",0.1068736
"ME_F_2",0.04590951
"ME_F_2",0.0798896
"ME_F_2",0.06451178
"ME_F_2",0.1627626
"ME_F_2",0.1125178
"ME_F_2",0.01273286
"ME_F_2",-0.1197717
"ME_F_2",-0.08838563
"ME_F_2",-0.08136623
"ME_F_2",-0.09703457
"ME_F_2",0.04019074
"ME_F_2",0.07740406
"ME_F_2",0.02168104
"ME_F_2",0.01083374
"ME_F_2",-0.003715551
"ME_F_2",0.04526681
"ME_F_2",0.09649532
"ME_F_2",-0.007572792
"ME_F_2",0.02458209
"ME_F_2",0.06726643
"ME_F_2",0.03334099
"ME_F_2",-0.03189991
"ME_F_2",-0.02045253
"ME_F_2",-0.02238434
"ME_F_2",-0.007572623
"ME_F_2",-0.01850532
"ME_F_2",0.004047185
"ME_F_2",0.00562959
"ME_F_2",-0.006468454
"ME_F_2",-0.01336864
"ME_F_2",0.001638757
"ME_F_2",-0.015359
"ME_F_2",-0.04258261
"ME_F_2",-0.01327169
"ME_F_2",-0.02206157
"ME_F_2",-0.01831292
"ME_F_2",0.0005240999
"ME_F_2",-0.06238495
"ME_F_2",0.004953304
"ME_F_2",0.01760639
"ME_F_2",-0.08794185
"ME_F_2",0.0009167157
"ME_F_2",0.05437826
"ME_F_2",-0.02426699
"ME_F_2",-0.03391362
"ME_F_2",0.04143278
"ME_F_2",-0.006602162
"ME_F_2",-0.1371675
"ME_F_2",-0.1020539
"ME_F_2",-0.1330305
"ME_F_2",-0.09504768
"ME_F_2",-0.08305321
"ME_F_2",0.01133289
"ME_F_2",0.1008615
"ME_F_2",-0.06375261
"ME_F_2",-0.0678461
"ME_F_2",0.01360979
"ME_F_2",-0.01678201
"ME_F_2",0.008679942
"ME_F_2",0.007833552
"ME_F_2",-0.01992324
"ME_F_2",0.1783337
"ME_F_2",0.1545773
"ME_F_2",0.08878427
"ME_F_2",0.1179611
"ME_F_2",-0.01088041
"ME_F_2",0.0113609
"ME_F_2",0.01695934
"ME_F_2",-0.01112394
"ME_F_2",0.05296788
"ME_F_2",0.02360012
"ME_F_2",-0.05969665
"ME_F_2",-0.06644426
"ME_F_2",0.01828712
"ME_F_2",0.09328014
"ME_F_2",0.09237127
"ME_F_2",0.0695375
"ME_F_2",-0.08045139
"ME_F_2",-0.002274591
"ME_F_2",-0.01051038
"ME_F_2",-0.006295741
"ME_F_2",-0.05932274
"ME_F_2",0.02125816
"ME_F_2",0.01956188
"ME_F_2",0.05058827
"ME_F_2",0.05478429
"ME_F_2",0.008503733
"ME_F_2",0.05425316
"ME_F_2",0.01229378
"ME_F_2",0.005081743
"ME_F_2",-0.001852935
"ME_F_2",0.007077072
"ME_F_2",0.007209448
"ME_F_2",-0.01775128
"ME_F_2",-0.004164876
"ME_F_2",-0.02012723
"ME_F_2",-0.07091708
"ME_F_2",-0.0003969856
"ME_F_2",0.05651012
"ME_F_2",0.02452691
"ME_F_2",-0.03803268
"ME_F_2",-0.0820561
"ME_F_2",0.05919888
"ME_F_2",0.07850412
"ME_F_2",-0.08302635
"ME_F_2",-0.0913076
"ME_F_2",-0.04660311
"ME_F_2",0.001197655
"ME_F_2",-0.05607812
"ME_F_2",-0.01405125
"ME_F_2",0.02613831
"ME_F_2",-0.008177506
"ME_F_2",-0.03813773
"ME_F_2",0.02817839
"ME_F_2",-0.02128194
"ME_F_2",0.0033024
"ME_F_2",0.04442585
"ME_F_2",0.004246254
"ME_F_2",-0.06515573
"ME_F_2",0.006763011
"ME_F_2",-0.01107401
"ME_F_2",-0.02044846
"ME_F_2",-0.02211257
"ME_F_2",-0.129084
"ME_F_2",0.06197655
"ME_F_2",0.03511408
"ME_F_2",0.1543067
"ME_F_2",-0.08445608
"ME_F_2",-0.1603698
"ME_F_2",-0.1160661
"ME_F_2",-0.0201597
"ME_F_2",0.0575457
"ME_F_2",-0.04424009
"ME_F_2",-0.08059157
"ME_F_2",-0.04151344
"ME_F_2",-0.0135625
"ME_F_2",0.02983535
"ME_F_2",0.1107643
"ME_F_2",0.02007788
"ME_F_2",0.1299917
"ME_F_2",0.07864822
"ME_F_2",-0.01915237
"ME_F_2",-0.0377594
"ME_F_2",-0.04231016
"ME_F_2",-0.04091399
"ME_F_2",-0.02520702
"ME_F_2",-0.02579023
"ME_F_2",0.001002428
"ME_F_2",0.0461353
"ME_F_2",0.1221734
"ME_F_2",0.1231548
"ME_F_2",0.08790654
"ME_F_2",0.02575929
"ME_F_2",0.01638418
"ME_F_2",-0.04973246
"ME_F_2",0.04236719
"ME_F_2",0.1240921
"ME_F_2",0.04501476
"ME_F_2",0.02426635
"ME_F_2",-0.01507649
"ME_F_2",-0.01990995
"ME_F_2",0.05000726
"ME_F_2",0.02293906
"ME_F_2",0.05201162
"ME_F_2",0.0363319
"ME_F_2",-0.0008535574
"ME_F_2",-0.03282351
"ME_F_2",-0.0466476
"ME_F_2",0.02870966
"ME_F_2",0.05627663
"ME_F_2",0.04472856
"ME_F_2",0.02449494
"ME_F_2",-0.01272981
"ME_F_2",-0.07274482
"ME_F_2",-0.09577265
"ME_F_2",-0.02149478
"ME_F_2",-0.03373607
"ME_F_2",-0.0002915859
"ME_F_2",-0.07928243
"ME_F_2",-0.07709516
"ME_F_2",-0.08799921
"ME_F_2",-0.1066331
"ME_F_2",-0.1168672
"ME_F_2",-0.09608404
"ME_F_2",-0.07809865
"ME_F_2",-0.06782001
"ME_F_2",-0.04523876
"ME_F_2",-0.08857091
"ME_F_2",0.04943188
"ME_F_2",0.0009665675
"ME_F_2",-0.0009802934
"ME_F_2",0.128068
"ME_F_2",0.09680524
"ME_F_2",0.05272889
"ME_F_2",-0.03895821
"ME_F_2",-0.09500311
"ME_F_2",-0.007065915
"ME_F_2",-0.04309408
"ME_F_2",-0.03026062
"ME_F_2",0.01615245
"ME_F_2",0.02913876
"ME_F_2",0.04653936
"ME_F_2",0.05498796
"ME_F_2",-0.0384865
"ME_F_2",-0.02538196
"ME_F_2",-0.005540946
"ME_F_2",0.03159029
"ME_F_2",0.07220241
"ME_F_2",0.1141671
"ME_F_2",0.1727273
"ME_F_2",0.1200703
"ME_F_2",0.06553417
"ME_F_2",0.006838456
"ME_F_2",-0.1222695
"ME_F_2",-0.01009771
"ME_F_2",0.01134004
"ME_F_2",-0.04704868
"ME_F_2",-0.05478998
"ME_F_2",-0.04491248
"ME_F_2",0.01128266
"ME_F_2",-0.009456464
"ME_F_2",-0.02495644
"ME_F_2",-0.04962019
"ME_F_2",-0.09680201
"ME_F_2",-0.08170543
"ME_F_2",0.002504908
"ME_F_2",0.02591813
"ME_F_2",0.01379487
"ME_F_2",0.08338654
"ME_F_2",0.04449129
"ME_F_2",-0.01188838
"ME_F_2",0.007849989
"ME_F_2",0.05293387
"ME_F_2",0.1121091
"ME_F_2",-0.008969103
"ME_F_2",-0.06476521
"ME_F_2",-0.02081279
"ME_F_2",-0.04609065
"ME_F_2",-0.0325017
"ME_F_2",-0.009390027
"ME_F_2",0.001993796
"ME_F_2",0.003599703
"ME_F_2",-0.001024269
"ME_F_2",-0.01664969
"ME_F_2",-0.007250962
"ME_F_2",-0.06451651
"ME_F_2",-0.03692338
"ME_F_2",0.07395365
"ME_F_2",0.08202046
"ME_F_2",-0.05885573
"ME_F_2",-0.04303179
"ME_F_2",-0.03766109
"ME_F_2",-0.02724211
"ME_F_2",-0.03106041
"ME_F_2",-0.06832501
"ME_F_2",0.02792498
"ME_F_2",-0.0006971508
"ME_F_2",0.02620853
"ME_F_2",0.07584339
"ME_F_2",-0.04676125
"ME_F_2",-0.06993295
"ME_F_2",-0.007445462
"ME_F_2",-0.004885728
"ME_F_2",-0.03195992
"ME_F_2",-0.026725
"ME_F_2",-0.007050643
"ME_F_2",-0.01901053
"ME_F_2",-0.09281323
"ME_F_2",-0.01798676
"ME_F_2",-0.01046696
"ME_F_2",0.00774496
"ME_F_2",-0.0332878
"ME_F_2",-0.01724892
"ME_F_2",0.06720843
"ME_F_2",0.09412488
"ME_F_2",0.07740219
"ME_F_2",-0.02101133
"ME_F_2",-0.09579133
"ME_F_2",0.01032917
"ME_F_2",0.03069042
"ME_F_2",0.04911208
"ME_F_2",0.07390594
"ME_F_2",0.006797939
"ME_F_2",-0.01048108
"ME_F_2",-0.04123186
"ME_F_2",-0.03998495
"ME_F_2",-0.0276072
"ME_F_2",-0.04352564
"ME_F_2",0.03641674
"ME_F_2",-0.001191091
"ME_F_2",-0.01342727
"ME_F_2",-0.04753525
"ME_F_2",-0.006863929
"ME_F_2",0.02566282
"ME_F_2",-0.0004136581
"ME_F_2",-0.09340662
"ME_F_2",-0.01617008
"ME_F_2",0.0254933
"ME_F_2",0.01332155
"ME_F_2",-0.00375624
"ME_F_2",-0.01490359
"ME_F_2",-0.03261702
"ME_F_2",-0.02179271
"ME_F_2",0.02193417
"ME_F_2",-0.03725168
"ME_F_2",-0.0113455
"ME_F_2",-0.02339543
"ME_F_2",-0.009169177
"ME_F_2",-0.02206415
"ME_F_2",0.0007243156
"ME_F_2",0.004182667
"ME_F_2",0.006002285
"ME_F_2",0.01491642
"ME_F_2",-0.0197823
"ME_F_2",-0.01969227
"ME_F_2",-0.02390793
"ME_F_2",-0.02244674
"ME_F_2",0.03651118
"ME_F_2",-0.01640857
"ME_F_2",-0.02803479
"ME_F_2",-0.01158833
"ME_F_2",0.03167592
"ME_F_2",0.06795239
"ME_F_2",0.03715902
"ME_F_2",-0.001604845
"ME_F_2",-0.07805035
"ME_F_2",-0.3169929
"ME_F_2",-0.04935075
"ME_F_2",0.08376364
"ME_F_2",0.07648414
"ME_F_2",-0.1043247
"ME_F_2",-0.08065264
"ME_F_2",-0.04452276
"ME_F_2",0.07843848
"ME_F_2",0.01144623
"ME_F_2",0.02914889
"ME_F_2",-0.02293359
"ME_F_2",0.008613098
"ME_F_2",0.1052549
"ME_F_2",0.06106119
"ME_F_2",-0.06851079
"ME_F_2",-0.04039272
"ME_F_2",-0.04690133
"ME_F_2",-0.05970914
"ME_F_2",-0.05363228
"ME_F_2",-0.03025857
"ME_F_2",-0.00707775
"ME_F_2",0.02157007
"ME_F_2",0.02919245
"ME_F_2",0.04889171
"ME_F_2",0.02260308
"ME_F_2",-0.02867257
"ME_F_2",-0.03388447
"ME_F_2",0.04076495
"ME_F_2",0.02938235
"ME_F_2",0.009473614
"ME_F_2",0.07947885
"ME_F_2",0.05556247
"ME_F_2",-0.03083288
"ME_F_2",-0.01012494
"ME_F_2",-0.02421201
"ME_F_2",-0.03404067
"ME_F_2",-0.04922345
"ME_F_2",-0.05821039
"ME_F_2",-0.07280655
"ME_F_2",-0.04005599
"ME_F_2",0.03967918
"ME_F_2",-0.0309489
"ME_F_2",0.02056436
"ME_F_2",-0.006709506
"ME_F_2",-0.01646098
"ME_F_2",0.01463054
"ME_F_2",-0.04450327
"ME_F_2",-0.01609408
"ME_F_2",0.0161303
"ME_F_2",-0.03928141
"ME_F_2",-0.03657369
"ME_F_2",0.00463691
"ME_F_2",-0.006771453
"ME_F_2",0.06785578
"ME_F_2",0.07647941
"ME_F_2",-0.002104457
"ME_F_2",-0.0002329419
"ME_F_2",-0.002135506
"ME_F_2",-0.0285337
"ME_F_2",-0.05492685
"ME_F_2",-0.03224415
"ME_F_2",-0.02101458
"ME_F_2",0.008374326
"ME_F_2",0.03817369
"ME_F_2",0.0232584
"ME_F_2",-0.05847646
"ME_F_2",-0.03518357
"ME_F_2",0.02148111
"ME_F_2",0.01915957
"ME_F_2",0.04803577
"ME_F_2",0.02123938
"ME_F_2",0.008739913
"ME_F_2",0.006503123
"ME_F_2",-0.002478138
"ME_F_2",-0.0361649
"ME_F_2",-0.008179826
"ME_F_2",-0.03998739
"ME_F_2",-0.0191007
"ME_F_2",-0.06211177
"ME_F_2",-0.08096635
"ME_F_2",-0.05969509
"ME_F_2",-0.00310868
"ME_F_2",-0.05114143
"ME_F_2",-0.0250046
"ME_F_2",-0.04302597
"ME_F_2",0.02092068
"ME_F_2",-0.1219678
"ME_F_2",-0.1056437
"ME_F_2",-0.02487888
"ME_F_2",0.03197322
"ME_F_2",0.1168227
"ME_F_2",0.1308169
"ME_F_2",0.09979034
"ME_F_2",0.04152897
"ME_F_2",0.03992343
"ME_F_2",0.07555961
"ME_F_2",-0.01647726
"ME_F_2",-0.04043123
"ME_F_2",-0.008756196
"ME_F_2",-0.03941951
"ME_F_2",-0.05025908
"ME_F_2",-0.1061417
"ME_F_2",-0.03653632
"ME_F_2",0.009691356
"ME_F_2",0.01093333
"ME_F_2",0.03654261
"ME_F_2",0.07974253
"ME_F_2",0.1010551
"ME_F_2",0.03274031
"ME_F_2",-0.002793908
"ME_F_2",0.03999001
"ME_F_2",0.01709569
"ME_F_2",-0.02545148
"ME_F_2",-0.03911339
"ME_F_2",-0.05313808
"ME_F_2",0.04507478
"ME_F_2",0.01022483
"ME_F_2",-0.008781005
"ME_F_2",-0.02523062
"ME_F_2",-0.03000262
"ME_F_2",-0.04885672
"ME_F_2",-0.07451849
"ME_F_2",-0.05851269
"ME_F_2",-0.01825812
"ME_F_2",-0.01050369
"ME_F_2",0.04588023
"ME_F_2",-0.005980851
"ME_F_2",0.04374172
"ME_F_2",0.06302243
"ME_F_2",0.01039357
"ME_F_2",0.03296329
"ME_F_2",0.02441647
"ME_F_2",0.01192791
"ME_F_2",-0.005075078
"ME_F_2",-0.009647473
"ME_F_2",-0.01069339
"ME_F_2",0.04740828
"ME_F_3",-0.0612249
"ME_F_3",-0.04784865
"ME_F_3",-0.007656257
"ME_F_3",-0.1006269
"ME_F_3",-0.06274796
"ME_F_3",0.002398888
"ME_F_3",-0.01686291
"ME_F_3",0.03901185
"ME_F_3",-0.05718908
"ME_F_3",-0.004002361
"ME_F_3",0.009734537
"ME_F_3",-0.03785217
"ME_F_3",-0.02193654
"ME_F_3",0.029618
"ME_F_3",0.03204969
"ME_F_3",0.03767643
"ME_F_3",0.00201078
"ME_F_3",-0.02836775
"ME_F_3",0.001537088
"ME_F_3",0.004822034
"ME_F_3",-0.02692785
"ME_F_3",0.001836486
"ME_F_3",-0.07284127
"ME_F_3",-0.0258858
"ME_F_3",-0.1252987
"ME_F_3",-0.02139439
"ME_F_3",0.04290944
"ME_F_3",0.004788749
"ME_F_3",0.01160182
"ME_F_3",0.02817756
"ME_F_3",0.04370027
"ME_F_3",0.009694524
"ME_F_3",-0.007142443
"ME_F_3",-0.04911256
"ME_F_3",0.0398094
"ME_F_3",-0.03612629
"ME_F_3",0.01322254
"ME_F_3",-0.004269324
"ME_F_3",-0.03734211
"ME_F_3",-0.03634025
"ME_F_3",-0.04720239
"ME_F_3",-0.004263932
"ME_F_3",0.02728387
"ME_F_3",0.003211434
"ME_F_3",0.04390107
"ME_F_3",-0.03222179
"ME_F_3",-0.1027709
"ME_F_3",-0.05451336
"ME_F_3",0.05110591
"ME_F_3",-0.07626863
"ME_F_3",-0.05094559
"ME_F_3",-0.05932518
"ME_F_3",0.08137871
"ME_F_3",0.04273949
"ME_F_3",-0.07576707
"ME_F_3",-0.09740519
"ME_F_3",-0.02535269
"ME_F_3",0.1139652
"ME_F_3",-0.01610584
"ME_F_3",0.05504926
"ME_F_3",-0.04549553
"ME_F_3",-0.05196489
"ME_F_3",-0.04818841
"ME_F_3",-0.019439
"ME_F_3",0.03080938
"ME_F_3",0.03159852
"ME_F_3",0.005423612
"ME_F_3",-0.04145464
"ME_F_3",0.02486607
"ME_F_3",-0.01087407
"ME_F_3",-0.005169651
"ME_F_3",-0.02821488
"ME_F_3",-0.02708253
"ME_F_3",-0.02667429
"ME_F_3",0.00407628
"ME_F_3",-0.001425494
"ME_F_3",-0.003007723
"ME_F_3",0.03771568
"ME_F_3",-0.04109019
"ME_F_3",-0.06423262
"ME_F_3",-0.05651968
"ME_F_3",-0.01503461
"ME_F_3",0.02461372
"ME_F_3",0.008270916
"ME_F_3",-0.04838307
"ME_F_3",-0.0751685
"ME_F_3",-0.01073448
"ME_F_3",-0.006206885
"ME_F_3",-0.02868477
"ME_F_3",0.0004404913
"ME_F_3",0.002405205
"ME_F_3",-0.01971747
"ME_F_3",0.07289525
"ME_F_3",0.05078793
"ME_F_3",0.02358521
"ME_F_3",-0.02348891
"ME_F_3",-0.0125581
"ME_F_3",-0.005758068
"ME_F_3",-0.04826606
"ME_F_3",-0.1370929
"ME_F_3",0.1969286
"ME_F_3",-0.05028126
"ME_F_3",-0.10442
"ME_F_3",-0.02608673
"ME_F_3",0.005472645
"ME_F_3",-0.05505978
"ME_F_3",-0.005824396
"ME_F_3",-0.03273654
"ME_F_3",-0.05676246
"ME_F_3",0.01628323
"ME_F_3",-0.02856383
"ME_F_3",-0.01015938
"ME_F_3",-0.04559277
"ME_F_3",0.03326093
"ME_F_3",-0.01821911
"ME_F_3",0.03533042
"ME_F_3",0.001280546
"ME_F_3",-0.02497675
"ME_F_3",-0.03924318
"ME_F_3",-0.04208541
"ME_F_3",-0.02321323
"ME_F_3",0.001335334
"ME_F_3",-0.002202548
"ME_F_3",-0.0007021278
"ME_F_3",-0.01665907
"ME_F_3",0.02881837
"ME_F_3",0.05733839
"ME_F_3",-0.00279803
"ME_F_3",-0.0005501285
"ME_F_3",-0.0491462
"ME_F_3",-0.06442802
"ME_F_3",-0.01128638
"ME_F_3",0.01248322
"ME_F_3",-0.02649288
"ME_F_3",-0.04955386
"ME_F_3",-0.03602691
"ME_F_3",-0.04282907
"ME_F_3",0.01966245
"ME_F_3",0.02523971
"ME_F_3",0.02974555
"ME_F_3",0.02246891
"ME_F_3",-0.0346683
"ME_F_3",-0.02209154
"ME_F_3",-0.04964374
"ME_F_3",-0.085266
"ME_F_3",-0.019927
"ME_F_3",-0.07763891
"ME_F_3",0.005999877
"ME_F_3",0.06451319
"ME_F_3",0.01070135
"ME_F_3",0.02426679
"ME_F_3",0.03295057
"ME_F_3",-0.06310301
"ME_F_3",0.01384755
"ME_F_3",-0.0006087925
"ME_F_3",-0.06911598
"ME_F_3",-0.1453276
"ME_F_3",-0.07222804
"ME_F_3",-0.002537986
"ME_F_3",0.05629855
"ME_F_3",-0.08143207
"ME_F_3",-0.142658
"ME_F_3",-0.05030938
"ME_F_3",0.01141507
"ME_F_3",0.06574475
"ME_F_3",-0.1070005
"ME_F_3",-0.05695654
"ME_F_3",-0.05975325
"ME_F_3",-0.001297408
"ME_F_3",-0.02080955
"ME_F_3",0.05283807
"ME_F_3",0.04740237
"ME_F_3",0.06062215
"ME_F_3",-0.01203975
"ME_F_3",-0.0110035
"ME_F_3",0.1111063
"ME_F_3",0.07936549
"ME_F_3",0.02389262
"ME_F_3",0.06098636
"ME_F_3",0.02669936
"ME_F_3",-0.003825201
"ME_F_3",-0.04079952
"ME_F_3",-0.002405126
"ME_F_3",0.1174045
"ME_F_3",0.1401486
"ME_F_3",-0.03659106
"ME_F_3",-0.06272186
"ME_F_3",-0.08088317
"ME_F_3",-0.1073082
"ME_F_3",-0.07877661
"ME_F_3",-0.08587326
"ME_F_3",-0.06633846
"ME_F_3",-0.09187127
"ME_F_3",-0.0613187
"ME_F_3",-0.009466678
"ME_F_3",-0.06329652
"ME_F_3",-0.0940948
"ME_F_3",-0.07368536
"ME_F_3",0.005976286
"ME_F_3",0.03733944
"ME_F_3",0.03566424
"ME_F_3",0.02122372
"ME_F_3",0.04741423
"ME_F_3",0.04693523
"ME_F_3",0.01267304
"ME_F_3",0.02576987
"ME_F_3",0.03026409
"ME_F_3",0.02983746
"ME_F_3",0.04073074
"ME_F_3",0.03283407
"ME_F_3",0.02995503
"ME_F_3",0.01294565
"ME_F_3",-0.02391891
"ME_F_3",-0.01134519
"ME_F_3",-0.0374236
"ME_F_3",-0.04539806
"ME_F_3",-0.03926007
"ME_F_3",-0.009613266
"ME_F_3",0.01201556
"ME_F_3",-0.0009333994
"ME_F_3",0.002232689
"ME_F_3",-0.05216352
"ME_F_3",-0.04038101
"ME_F_3",-0.04007965
"ME_F_3",-0.008768113
"ME_F_3",-0.01496314
"ME_F_3",-0.02094402
"ME_F_3",0.03988932
"ME_F_3",-0.02015191
"ME_F_3",-0.04612713
"ME_F_3",-0.06870406
"ME_F_3",-0.04358945
"ME_F_3",0.008270513
"ME_F_3",-0.006697619
"ME_F_3",0.01962462
"ME_F_3",0.02593967
"ME_F_3",-0.03617095
"ME_F_3",0.006886721
"ME_F_3",-0.02431271
"ME_F_3",-0.00556697
"ME_F_3",-0.003716161
"ME_F_3",-0.1062921
"ME_F_3",-0.008257356
"ME_F_3",-0.01109521
"ME_F_3",0.001988538
"ME_F_3",-0.01873486
"ME_F_3",0.0308407
"ME_F_3",0.01474883
"ME_F_3",0.005475091
"ME_F_3",0.007277063
"ME_F_3",-0.00919176
"ME_F_3",0.004749995
"ME_F_3",0.0476998
"ME_F_3",-0.01897384
"ME_F_3",0.02143398
"ME_F_3",-0.04963037
"ME_F_3",-0.05533139
"ME_F_3",-0.04324254
"ME_F_3",-0.07585807
"ME_F_3",-0.01077033
"ME_F_3",-0.01595179
"ME_F_3",0.003333545
"ME_F_3",-0.014917
"ME_F_3",-0.01666002
"ME_F_3",-0.05647312
"ME_F_3",-0.06181164
"ME_F_3",0.06006619
"ME_F_3",0.1854616
"ME_F_3",0.1474861
"ME_F_3",0.09405235
"ME_F_3",-0.01544169
"ME_F_3",-0.004524727
"ME_F_3",-0.02351134
"ME_F_3",-0.05562066
"ME_F_3",-0.09185828
"ME_F_3",-0.08795218
"ME_F_3",-0.08891174
"ME_F_3",-0.07000972
"ME_F_3",-0.1381976
"ME_F_3",-0.06081353
"ME_F_3",-0.06596741
"ME_F_3",-0.04443274
"ME_F_3",-0.04162727
"ME_F_3",0.0231977
"ME_F_3",-0.02255311
"ME_F_3",-0.04276343
"ME_F_3",-0.03407191
"ME_F_3",-0.06562807
"ME_F_3",0.02695818
"ME_F_3",0.03278835
"ME_F_3",-0.01005098
"ME_F_3",0.01325269
"ME_F_3",0.04785885
"ME_F_3",-0.04360982
"ME_F_3",-0.04497259
"ME_F_3",-0.05661025
"ME_F_3",0.01589999
"ME_F_3",-0.01953153
"ME_F_3",0.004360599
"ME_F_3",-0.03844779
"ME_F_3",-0.07604061
"ME_F_3",-0.08559791
"ME_F_3",0.0004468132
"ME_F_3",-0.01897329
"ME_F_3",-0.04294647
"ME_F_3",-0.06426141
"ME_F_3",-0.02762211
"ME_F_3",0.009621272
"ME_F_3",-0.07243595
"ME_F_3",-0.0004537627
"ME_F_3",0.02958638
"ME_F_3",-0.0024659
"ME_F_3",-0.01997896
"ME_F_3",0.01124578
"ME_F_3",0.006950343
"ME_F_3",-0.006575812
"ME_F_3",-0.0543332
"ME_F_3",-0.02078673
"ME_F_3",0.03652592
"ME_F_3",0.06921979
"ME_F_3",0.03807537
"ME_F_3",-0.03244361
"ME_F_3",0.01166386
"ME_F_3",0.008864449
"ME_F_3",-0.003609506
"ME_F_3",-0.02471714
"ME_F_3",0.01053843
"ME_F_3",0.03222014
"ME_F_3",-0.003772233
"ME_F_3",-0.009141162
"ME_F_3",-0.03703626
"ME_F_3",-0.03522202
"ME_F_3",-0.09359238
"ME_F_3",-0.1226134
"ME_F_3",-0.08495654
"ME_F_3",-0.0300802
"ME_F_3",-0.008503228
"ME_F_3",-0.004244834
"ME_F_3",0.03733536
"ME_F_3",-0.0005442575
"ME_F_3",0.003962424
"ME_F_3",-0.01401431
"ME_F_3",-0.01388342
"ME_F_3",0.03226841
"ME_F_3",-0.006929941
"ME_F_3",0.04420587
"ME_F_3",0.02625288
"ME_F_3",0.02345664
"ME_F_3",0.01747201
"ME_F_3",0.01282288
"ME_F_3",0.06431444
"ME_F_3",-0.001598957
"ME_F_3",0.02181267
"ME_F_3",0.04782015
"ME_F_3",-0.01896483
"ME_F_3",-0.03971513
"ME_F_3",-0.03338612
"ME_F_3",-0.02691732
"ME_F_3",-0.05907886
"ME_F_3",-0.05024171
"ME_F_3",-0.01652854
"ME_F_3",-0.05793103
"ME_F_3",-0.02897874
"ME_F_3",-0.02858524
"ME_F_3",-0.05941557
"ME_F_3",-0.001592234
"ME_F_3",-0.01195233
"ME_F_3",-0.03885724
"ME_F_3",-0.04922888
"ME_F_3",-0.02494238
"ME_F_3",-0.0505381
"ME_F_3",0.01984468
"ME_F_3",-0.003959399
"ME_F_3",-0.04184904
"ME_F_3",0.00466663
"ME_F_3",-0.05316836
"ME_F_3",0.04460601
"ME_F_3",-0.02500634
"ME_F_3",0.002376786
"ME_F_3",0.05765979
"ME_F_3",0.0362517
"ME_F_3",-0.01831773
"ME_F_3",0.01704048
"ME_F_3",-0.01235707
"ME_F_3",-0.02884945
"ME_F_3",-0.04622359
"ME_F_3",0.03826253
"ME_F_3",0.004314475
"ME_F_3",-0.1040035
"ME_F_3",-0.1330949
"ME_F_3",-0.1216749
"ME_F_3",0.007210642
"ME_F_3",0.03254478
"ME_F_3",-0.00167858
"ME_F_3",-0.0697604
"ME_F_3",-0.02955666
"ME_F_3",-0.06722707
"ME_F_3",-0.004096068
"ME_F_3",0.0413793
"ME_F_3",0.02213558
"ME_F_3",0.01156861
"ME_F_3",0.04874033
"ME_F_3",0.05733428
"ME_F_3",0.04508374
"ME_F_3",0.0183294
"ME_F_3",-0.01654972
"ME_F_3",0.000651944
"ME_F_3",-0.05236758
"ME_F_3",-0.003436982
"ME_F_3",-0.04380874
"ME_F_3",-0.02254711
"ME_F_3",-0.01175992
"ME_F_3",0.006367818
"ME_F_3",-0.04667775
"ME_F_3",-0.06244849
"ME_F_3",-0.06097735
"ME_F_3",0.1001785
"ME_F_3",0.0570937
"ME_F_3",-0.02028049
"ME_F_3",-0.02438319
"ME_F_3",-0.01792319
"ME_F_3",0.0329501
"ME_F_3",0.002763306
"ME_F_3",-0.05488593
"ME_F_3",-0.04842626
"ME_F_3",-0.0452588
"ME_F_3",-0.04186823
"ME_F_3",-0.004492581
"ME_F_3",-0.01177432
"ME_F_3",-0.0008700946
"ME_F_3",0.03337375
"ME_F_3",0.04139607
"ME_F_3",0.01531614
"ME_F_3",-0.01792149
"ME_F_3",0.02914639
"ME_F_3",-0.001384258
"ME_F_3",-0.03259816
"ME_F_3",-0.02348673
"ME_F_3",0.03259826
"ME_F_3",-0.008931726
"ME_F_3",-0.005182923
"ME_F_3",0.02370792
"ME_F_3",-0.05039016
"ME_F_3",0.01137903
"ME_F_3",-0.02223442
"ME_F_3",-0.007066797
"ME_F_3",0.009120945
"ME_F_3",0.009671986
"ME_F_3",0.0413603
"ME_F_3",0.0005542478
"ME_F_3",0.03236463
"ME_F_3",0.03141222
"ME_F_3",-0.02454605
"ME_F_3",-0.02363539
"ME_F_3",0.008648785
"ME_F_3",0.026779
"ME_F_3",0.001914229
"ME_F_3",-0.05656031
"ME_F_3",-0.03972993
"ME_F_3",-0.0447332
"ME_F_3",0.03764742
"ME_F_3",0.001666509
"ME_F_3",0.004607408
"ME_F_3",-0.02930661
"ME_F_3",-0.03818681
"ME_F_3",-0.01133965
"ME_F_3",-0.05525822
"ME_F_3",-0.03742207
"ME_F_3",-0.002946503
"ME_F_3",-0.05775837
"ME_F_3",0.01411748
"ME_F_3",0.03854313
"ME_F_3",0.04391006
"ME_F_3",0.02995365
"ME_F_3",0.04927033
"ME_F_3",0.1132192
"ME_F_3",0.01388142
"ME_F_3",-0.06132488
"ME_F_3",-0.01103968
"ME_F_3",-0.04720431
"ME_F_3",0.002883756
"ME_F_3",0.05239055
"ME_F_3",0.01668549
"ME_F_3",-0.03803222
"ME_F_3",-0.08678317
"ME_F_3",0.00457317
"ME_F_3",-0.1236517
"ME_F_3",-0.05109544
"ME_F_3",-0.05777884
"ME_F_3",0.05892861
"ME_F_3",-0.02288396
"ME_F_3",-0.02408422
"ME_F_3",0.02971541
"ME_F_3",0.06892325
"ME_F_3",0.05866495
"ME_F_3",-0.00502032
"ME_F_3",0.03880387
"ME_F_3",-0.02382207
"ME_F_3",-0.03449971
"ME_F_3",-0.06376585
"ME_F_3",-0.03449871
"ME_F_3",-0.05575146
"ME_F_3",-0.039912
"ME_F_3",-0.04583793
"ME_F_3",-0.03138591
"ME_F_3",0.02148987
"ME_F_3",0.01225062
"ME_F_3",-0.02085211
"ME_F_3",-0.004993124
"ME_F_3",0.0277985
"ME_F_3",-0.002713369
"ME_F_3",-0.02164328
"ME_F_3",-0.002907444
"ME_F_3",-0.03795388
"ME_F_3",-0.05184762
"ME_F_3",0.00247664
"ME_F_3",-0.0006356188
"ME_F_3",-0.04235558
"ME_F_3",-0.04374158
"ME_F_3",-0.007345911
"ME_F_3",-0.006746322
"ME_F_3",0.01301578
"ME_F_3",0.01041119
"ME_F_3",0.002797016
"ME_F_3",-0.03114603
"ME_F_3",0.01569629
"ME_F_3",-0.004513832
"ME_F_3",0.007759879
"ME_F_3",0.00130506
"ME_F_3",-0.003393765
"ME_F_3",-0.01749509
"ME_F_3",-0.02468433
"ME_F_3",0.0101281
"ME_F_3",0.01246394
"ME_F_3",-0.01500992
"ME_F_3",-0.04527925
"ME_F_3",-0.01325341
"ME_F_3",-0.03295
"ME_F_3",-0.03202731
"ME_F_3",0.0534327
"ME_F_3",0.02088094
"ME_F_3",0.008518036
"ME_F_3",-0.06915057
"ME_F_3",-0.07062122
"ME_F_3",-0.07425462
"ME_F_3",-0.02371121
"ME_F_3",0.1137478
"ME_F_3",-0.03617892
"ME_F_3",-0.01914809
"ME_F_3",-0.04048071
"ME_F_3",-0.06020509
"ME_F_3",-0.03320437
"ME_F_3",0.04102489
"ME_F_3",-0.08093434
"ME_F_3",0.01284873
"ME_F_3",0.0126069
"ME_F_3",-0.00789614
"ME_F_3",-0.001066323
"ME_F_3",-0.02454681
"ME_F_3",-0.07144199
"ME_F_3",-0.04844606
"ME_F_3",-0.04871926
"ME_F_3",-0.04844068
"ME_F_3",-0.03994562
"ME_F_3",-0.04434174
"ME_F_3",0.04791723
"ME_F_3",-0.008112699
"ME_F_3",-0.03674988
"ME_F_3",-0.03613071
"ME_F_3",-0.03760856
"ME_F_3",0.04384485
"ME_F_3",0.05974136
"ME_F_3",0.01711905
"ME_F_3",0.003221467
"ME_F_3",-0.02881893
"ME_F_3",-0.008504911
"ME_F_3",0.0005915415
"ME_F_3",-0.002994321
"ME_F_3",0.009539369
"ME_F_3",-0.002392671
"ME_F_3",0.02361579
"ME_F_3",0.01893422
"ME_F_3",-0.04054434
"ME_F_3",-0.05724046
"ME_F_3",0.0234065
"ME_F_3",0.003690018
"ME_F_3",0.0008940129
"ME_F_3",-0.01599959
"ME_F_3",-0.003321391
"ME_F_3",0.01265136
"ME_F_3",0.01418573
"ME_F_3",-0.0574839
"ME_F_3",0.03646806
"ME_F_3",-0.03377419
"ME_F_3",-0.05638174
"ME_F_3",-0.05329927
"ME_F_3",-0.06627922
"ME_F_3",-0.03077338
"ME_F_3",-0.003805738
"ME_F_3",0.07161631
"ME_F_3",-0.05605373
"ME_F_3",-0.07938623
"ME_F_3",-0.108608
"ME_F_3",-0.04666109
"ME_F_3",0.05543011
"ME_F_3",0.004759509
"ME_F_3",0.020681
"ME_F_3",0.01337071
"ME_F_3",-0.03019901
"ME_F_3",-0.06171545
"ME_F_3",-0.01206432
"ME_F_3",0.01621294
"ME_F_3",0.02072229
"ME_F_3",-0.006597983
"ME_F_3",0.04330268
"ME_F_3",-0.02829653
"ME_F_3",-0.04464513
"ME_F_3",-0.04290841
"ME_F_3",0.06984185
"ME_F_3",0.08864485
"ME_F_3",-0.07471278
"ME_F_3",-0.07689989
"ME_F_3",-0.06214831
"ME_F_3",-0.04441553
"ME_F_3",0.03314178
"ME_F_3",0.06882164
"ME_F_3",-0.01362937
"ME_F_3",-0.08259929
"ME_F_3",-0.04487817
"ME_F_3",-0.01037602
"ME_F_3",-0.05277865
"ME_F_3",-0.05039936
"ME_F_3",-0.04378181
"ME_F_3",-0.04774062
"ME_F_3",-0.02371167
"ME_F_3",0.003580117
"ME_F_3",-0.07315849
"ME_F_3",-0.05974686
"ME_F_3",-0.08519262
"ME_F_3",-0.01167761
"ME_F_3",0.0603153
"ME_F_3",0.05215981
"ME_F_3",0.08439478
"ME_F_3",0.09027548
"ME_F_3",0.02657832
"ME_F_3",0.09632412
"ME_F_3",0.07817581
"ME_F_3",0.04744636
"ME_F_3",0.04426112
"ME_F_3",0.009664912
"ME_F_3",-0.02632593
"ME_F_3",-0.01214875
"ME_F_3",0.05789429
"ME_F_3",-0.01631881
"ME_F_3",-0.004618508
"ME_F_3",-0.0607335
"ME_F_3",-0.01380672
"ME_F_3",-0.02044629
"ME_F_3",0.01112592
"ME_F_3",0.01758385
"ME_F_3",0.003663249
"ME_F_3",-0.008305215
"ME_F_3",-0.02455575
"ME_F_3",-0.0436931
"ME_F_3",-0.009851652
"ME_F_3",0.05760529
"ME_F_3",0.006012218
"ME_F_3",0.02520833
"ME_F_3",0.05131864
"ME_F_3",0.01120583
"ME_F_3",-0.0006494448
"ME_F_3",0.008451678
"ME_F_3",-0.08540431
"ME_F_3",-0.02888827
"ME_F_3",-0.02782581
"ME_F_3",-0.08306102
"ME_F_3",-0.0706865
"ME_F_3",-0.007484851
"ME_F_3",0.05880124
"ME_F_3",-0.01600175
"ME_F_3",-0.09007352
"ME_F_3",-0.05399054
"ME_F_3",-0.008042259
"ME_F_3",0.01612442
"ME_F_3",0.02199568
"ME_F_3",-0.01072043
"ME_F_3",-0.02497589
"ME_F_3",0.003934568
"ME_F_3",-0.008131325
"ME_F_3",-0.05025625
"ME_F_3",-0.01804447
"ME_F_3",-0.009366464
"ME_F_3",-0.01469168
"ME_F_3",-0.03098979
"ME_F_3",-0.05231171
"ME_F_3",0.009229768
"ME_F_3",-0.01465018
"ME_F_3",-0.02831123
"ME_F_3",-0.07429592
"ME_F_3",0.006314389
"ME_F_3",0.02374565
"ME_F_3",0.04232709
"ME_F_3",0.04300505
"ME_F_3",-0.009900393
"ME_F_3",-0.04286187
"ME_F_3",0.0353763
"ME_F_3",-0.02012632
"ME_F_3",0.007212536
"ME_F_3",-0.02102705
"ME_F_3",0.004024699
"ME_F_3",0.0367738
"ME_F_3",-0.02258573
"ME_F_3",-0.06182414
"ME_F_3",-0.04259405
"ME_F_3",-0.03358348
"ME_F_3",-0.02775714
"ME_F_3",0.001577765
"ME_F_3",0.04080347
"ME_F_3",0.05023727
"ME_F_3",0.003350283
"ME_F_3",0.03273325
"ME_F_3",0.07300612
"ME_F_3",0.02008142
"ME_F_3",0.02887057
"ME_F_3",0.0001423585
"ME_F_3",0.00720305
"ME_F_3",-0.02444224
"ME_F_3",-0.03876612
"ME_F_3",0.0118011
"ME_F_3",0.03369869
"ME_F_3",-0.03923828
"ME_F_3",-0.02734865
"ME_F_3",-0.002383633
"ME_F_3",-0.007663643
"ME_F_3",-0.06742941
"ME_F_3",-0.006202903
"ME_F_3",-0.01633152
"ME_F_3",-0.02718375
"ME_F_3",0.009279273
"ME_F_3",0.01362827
"ME_F_3",0.01974944
"ME_F_3",0.01302567
"ME_F_3",-0.02043266
"ME_F_3",-0.0005178163
"ME_F_3",0.001518951
"ME_F_3",0.02212359
"ME_F_3",0.02317157
"ME_F_3",-0.2553037
"ME_F_3",-0.04093665
"ME_F_3",0.1427768
"ME_F_3",-0.1837456
"ME_F_3",-0.1047635
"ME_F_3",-0.09418266
"ME_F_3",0.04142199
"ME_F_3",-0.03593483
"ME_F_3",-0.09832966
"ME_F_3",-0.07267718
"ME_F_3",0.01737464
"ME_F_3",-0.008287035
"ME_F_3",-0.06413262
"ME_F_3",-0.00618552
"ME_F_3",-0.08084938
"ME_F_3",-0.05226183
"ME_F_3",-0.05117854
"ME_F_3",-0.00661147
"ME_F_3",0.0731395
"ME_F_3",0.07546271
"ME_F_3",0.1003028
"ME_F_3",0.038891
"ME_F_3",-0.0474849
"ME_F_3",-0.05977967
"ME_F_3",-0.01169632
"ME_F_3",0.03071801
"ME_F_3",-0.01832027
"ME_F_3",0.01361887
"ME_F_3",0.01091343
"ME_F_3",-0.02406056
"ME_F_3",-0.009715833
"ME_F_3",-0.0463162
"ME_F_3",-0.02682415
"ME_F_3",-0.07781081
"ME_F_3",-0.03878177
"ME_F_3",-0.07277946
"ME_F_3",0.008704528
"ME_F_3",0.0592677
"ME_F_3",0.07214332
"ME_F_3",0.07041949
"ME_F_3",0.01953893
"ME_F_3",0.006669547
"ME_F_3",-0.04147366
"ME_F_3",0.0443481
"ME_F_3",0.04310255
"ME_F_3",-0.04897661
"ME_F_3",-0.07228754
"ME_F_3",0.003329132
"ME_F_3",-0.0684047
"ME_F_3",-0.06939603
"ME_F_3",-0.06563687
"ME_F_3",-0.03203412
"ME_F_3",-0.03218739
"ME_F_3",-0.08789243
"ME_F_3",-0.01859237
"ME_F_3",-0.02427335
"ME_F_3",-0.0006461665
"ME_F_3",-0.005011991
"ME_F_3",0.01567621
"ME_F_3",-0.01601955
"ME_F_3",-0.01558241
"ME_F_3",0.01817935
"ME_F_3",-0.01014131
"ME_F_3",-0.03508058
"ME_F_3",-0.04103349
"ME_F_3",-0.01935354
"ME_F_3",-0.02766576
"ME_F_3",-0.01877026
"ME_F_3",0.04955647
"ME_F_3",-0.001753038
"ME_F_3",-0.07721843
"ME_F_3",-0.001514249
"ME_F_3",-0.02901869
"ME_F_3",0.01466695
"ME_F_3",0.01793655
"ME_F_3",-0.01082204
"ME_F_3",-0.02020784
"ME_F_3",0.01808984
"ME_F_3",-0.04714523
"ME_F_3",-0.007606499
"ME_F_3",0.01497984
"ME_F_3",-0.004784202
"ME_F_3",-0.05866571
"ME_F_3",-0.08201388
"ME_F_3",-0.0160201
"ME_F_3",-0.07195667
"ME_F_3",0.01247553
"ME_F_3",0.02852212
"ME_F_3",-0.07316341
"ME_F_3",-0.1299819
"ME_F_3",-0.1031765
"ME_F_3",0.02520174
"ME_F_3",-0.02746349
"ME_F_3",-0.007038269
"ME_F_3",-0.03105636
"ME_F_3",-0.01719606
"ME_F_3",-0.01693907
"ME_F_3",0.06652148
"ME_F_3",0.04603764
"ME_F_3",0.01928267
"ME_F_3",0.02472942
"ME_F_3",0.02146012
"ME_F_3",0.04268046
"ME_F_3",0.01426511
"ME_F_3",0.006839778
"ME_F_3",0.02932045
"ME_F_3",-0.04447168
"ME_F_3",-0.03402363
"ME_F_3",-0.05624734
"ME_F_3",-0.05795056
"ME_F_3",-0.06814639
"ME_F_3",-0.08168396
"ME_F_3",-0.07187121
"ME_F_3",-0.04872301
"ME_F_3",0.06069436
"ME_F_3",-0.0444522
"ME_F_3",-0.03715357
"ME_F_3",-0.004145607
"ME_F_3",-0.01607251
"ME_F_3",-0.0260376
"ME_F_3",-0.05583015
"ME_F_3",-0.05872687
"ME_F_3",-0.06386206
"ME_F_3",-0.05912694
"ME_F_3",-0.06832472
"ME_F_3",-0.04788899
"ME_F_4",0.01608006
"ME_F_4",0.04479715
"ME_F_4",0.007723056
"ME_F_4",-0.07236603
"ME_F_4",-0.04707111
"ME_F_4",-0.01443958
"ME_F_4",0.09493527
"ME_F_4",0.08799339
"ME_F_4",0.003652876
"ME_F_4",0.0784673
"ME_F_4",0.09070431
"ME_F_4",-0.01099468
"ME_F_4",-0.03095881
"ME_F_4",-0.06272225
"ME_F_4",-0.07277243
"ME_F_4",-0.1047622
"ME_F_4",-0.1051858
"ME_F_4",-0.09286007
"ME_F_4",-0.110379
"ME_F_4",-0.247648
"ME_F_4",-0.2453718
"ME_F_4",-0.09971125
"ME_F_4",0.03407672
"ME_F_4",-0.02731588
"ME_F_4",-0.0678555
"ME_F_4",-0.08812274
"ME_F_4",-0.04064668
"ME_F_4",0.03202307
"ME_F_4",0.03310002
"ME_F_4",0.06158215
"ME_F_4",0.09106252
"ME_F_4",0.09264652
"ME_F_4",0.06404784
"ME_F_4",0.01077703
"ME_F_4",0.009446088
"ME_F_4",0.06463111
"ME_F_4",0.06450178
"ME_F_4",0.02241641
"ME_F_4",0.005117565
"ME_F_4",0.1193183
"ME_F_4",0.105726
"ME_F_4",0.01084722
"ME_F_4",-0.02803322
"ME_F_4",-0.07856537
"ME_F_4",0.01023422
"ME_F_4",-0.04091146
"ME_F_4",-0.03168564
"ME_F_4",0.04800348
"ME_F_4",0.0348177
"ME_F_4",0.06976333
"ME_F_4",-0.04557619
"ME_F_4",-0.02341569
"ME_F_4",-0.09027697
"ME_F_4",-0.1404964
"ME_F_4",-0.1383968
"ME_F_4",-0.1064898
"ME_F_4",-0.1470001
"ME_F_4",-0.1399257
"ME_F_4",-0.1075923
"ME_F_4",-0.03396887
"ME_F_4",-0.01149437
"ME_F_4",0.004537542
"ME_F_4",-0.009475255
"ME_F_4",-0.065548
"ME_F_4",-0.03085107
"ME_F_4",0.0167587
"ME_F_4",0.02745949
"ME_F_4",0.04468405
"ME_F_4",0.05921331
"ME_F_4",0.05869369
"ME_F_4",-0.009086739
"ME_F_4",-0.03394482
"ME_F_4",-0.0514282
"ME_F_4",0.03848224
"ME_F_4",0.02737292
"ME_F_4",-0.01275927
"ME_F_4",0.003422624
"ME_F_4",-0.05010942
"ME_F_4",-0.02693279
"ME_F_4",0.002497151
"ME_F_4",-0.002522909
"ME_F_4",-0.00104609
"ME_F_4",-0.03071158
"ME_F_4",-0.04991943
"ME_F_4",-0.02586246
"ME_F_4",-0.02425776
"ME_F_4",-0.009689055
"ME_F_4",-0.03337397
"ME_F_4",-0.06550072
"ME_F_4",0.000697419
"ME_F_4",0.04158854
"ME_F_4",0.02389618
"ME_F_4",0.06003369
"ME_F_4",-0.06881894
"ME_F_4",-0.07637361
"ME_F_4",0.01565144
"ME_F_4",-0.005040184
"ME_F_4",-0.004481106
"ME_F_4",0.006534937
"ME_F_4",0.04666048
"ME_F_4",0.07937708
"ME_F_4",0.01076677
"ME_F_4",0.02229129
"ME_F_4",0.002417412
"ME_F_4",-0.1016475
"ME_F_4",-0.07205206
"ME_F_4",-0.03111336
"ME_F_4",-0.003758367
"ME_F_4",-0.01669512
"ME_F_4",-0.03288981
"ME_F_4",-0.01473759
"ME_F_4",-0.004165393
"ME_F_4",-0.03465672
"ME_F_4",0.08298763
"ME_F_4",0.1204337
"ME_F_4",0.05602892
"ME_F_4",0.04810983
"ME_F_4",0.005062821
"ME_F_4",-0.06041517
"ME_F_4",-0.09015517
"ME_F_4",-0.1172903
"ME_F_4",-0.03820582
"ME_F_4",-0.03010057
"ME_F_4",0.003406329
"ME_F_4",-0.07707631
"ME_F_4",-0.08719769
"ME_F_4",-0.009955764
"ME_F_4",0.08454575
"ME_F_4",0.116568
"ME_F_4",-0.0215918
"ME_F_4",0.04523095
"ME_F_4",0.004332032
"ME_F_4",-0.07530595
"ME_F_4",-0.09790351
"ME_F_4",-0.1164846
"ME_F_4",-0.06394321
"ME_F_4",-0.04349933
"ME_F_4",0.003688251
"ME_F_4",-0.02162542
"ME_F_4",-0.0633439
"ME_F_4",-0.108643
"ME_F_4",-0.1255591
"ME_F_4",-0.1420397
"ME_F_4",-0.1681264
"ME_F_4",-0.1090058
"ME_F_4",-0.003173234
"ME_F_4",0.0111311
"ME_F_4",0.05910064
"ME_F_4",0.02968859
"ME_F_4",0.009666326
"ME_F_4",-0.02132927
"ME_F_4",-0.01430826
"ME_F_4",0.0242026
"ME_F_4",0.004714042
"ME_F_4",0.03154257
"ME_F_4",-0.03158079
"ME_F_4",-0.03797345
"ME_F_4",-0.06380007
"ME_F_4",-0.03439268
"ME_F_4",-0.01105664
"ME_F_4",-0.03386101
"ME_F_4",-0.03672963
"ME_F_4",-0.07099769
"ME_F_4",-0.06033712
"ME_F_4",-0.06249095
"ME_F_4",-0.07836711
"ME_F_4",-0.09816395
"ME_F_4",-0.03260969
"ME_F_4",-0.07056011
"ME_F_4",-0.09699495
"ME_F_4",-0.07093701
"ME_F_4",-0.09477921
"ME_F_4",-0.09903634
"ME_F_4",-0.1682035
"ME_F_4",-0.2024204
"ME_F_4",-0.1185443
"ME_F_4",-0.1239428
"ME_F_4",-0.1307134
"ME_F_4",-0.152358
"ME_F_4",-0.0716207
"ME_F_4",-0.08417308
"ME_F_4",-0.03416703
"ME_F_4",0.08191734
"ME_F_4",0.06851971
"ME_F_4",0.07068311
"ME_F_4",-0.005613789
"ME_F_4",0.1109378
"ME_F_4",0.3209205
"ME_F_4",0.3891723
"ME_F_4",0.363014
"ME_F_4",0.2467491
"ME_F_4",0.1079424
"ME_F_4",0.09297732
"ME_F_4",0.055235
"ME_F_4",0.08601642
"ME_F_4",-0.02004934
"ME_F_4",-0.07921772
"ME_F_4",-0.1047577
"ME_F_4",-0.1637378
"ME_F_4",-0.1425215
"ME_F_4",-0.1326954
"ME_F_4",-0.1102237
"ME_F_4",-0.03241412
"ME_F_4",0.03501163
"ME_F_4",-0.009551894
"ME_F_4",0.01194431
"ME_F_4",0.0616557
"ME_F_4",0.01503256
"ME_F_4",0.01515746
"ME_F_4",0.02008536
"ME_F_4",-0.02633503
"ME_F_4",-0.003257638
"ME_F_4",-0.05108632
"ME_F_4",-0.05586939
"ME_F_4",-0.08548449
"ME_F_4",-0.1068859
"ME_F_4",-0.1605301
"ME_F_4",-0.1234314
"ME_F_4",0.04962354
"ME_F_4",-0.01084924
"ME_F_4",-0.04131833
"ME_F_4",0.01023491
"ME_F_4",-0.07621849
"ME_F_4",-0.01115161
"ME_F_4",0.007323168
"ME_F_4",0.006909093
"ME_F_4",0.02478199
"ME_F_4",-0.007339835
"ME_F_4",-0.003120812
"ME_F_4",0.03074177
"ME_F_4",0.0230468
"ME_F_4",-0.02606194
"ME_F_4",-0.03273213
"ME_F_4",-0.02652027
"ME_F_4",0.04517166
"ME_F_4",0.03858791
"ME_F_4",0.005294471
"ME_F_4",0.04982579
"ME_F_4",0.002578489
"ME_F_4",0.01648495
"ME_F_4",0.07000637
"ME_F_4",0.03899556
"ME_F_4",-0.05569774
"ME_F_4",-0.03390868
"ME_F_4",0.06059441
"ME_F_4",0.09038173
"ME_F_4",0.04098865
"ME_F_4",-0.04900161
"ME_F_4",0.07763204
"ME_F_4",0.06580637
"ME_F_4",-0.01376558
"ME_F_4",-0.01193739
"ME_F_4",-0.1481364
"ME_F_4",-0.14649
"ME_F_4",-0.1104771
"ME_F_4",-0.1064205
"ME_F_4",-0.06910218
"ME_F_4",-0.130984
"ME_F_4",-0.07124279
"ME_F_4",-0.06083379
"ME_F_4",-0.081986
"ME_F_4",-0.02191975
"ME_F_4",0.001372759
"ME_F_4",-0.08140627
"ME_F_4",-0.08054262
"ME_F_4",-0.04185434
"ME_F_4",-0.0388511
"ME_F_4",0.006022503
"ME_F_4",0.03912316
"ME_F_4",-0.02468237
"ME_F_4",-0.05037007
"ME_F_4",-0.06756026
"ME_F_4",0.003901469
"ME_F_4",0.002382707
"ME_F_4",0.03378959
"ME_F_4",0.0006205291
"ME_F_4",0.04851894
"ME_F_4",0.09503974
"ME_F_4",0.08052582
"ME_F_4",0.05652626
"ME_F_4",0.01006506
"ME_F_4",-0.006169198
"ME_F_4",-0.007637383
"ME_F_4",-0.002634658
"ME_F_4",-0.0185844
"ME_F_4",-0.01206173
"ME_F_4",-0.05013105
"ME_F_4",-0.02554279
"ME_F_4",-0.01033801
"ME_F_4",-0.05091105
"ME_F_4",-0.06947936
"ME_F_4",-0.01704169
"ME_F_4",-0.01664485
"ME_F_4",0.0006812755
"ME_F_4",0.01250247
"ME_F_4",0.02473026
"ME_F_4",0.01364464
"ME_F_4",-0.1231115
"ME_F_4",-0.004857108
"ME_F_4",0.04827788
"ME_F_4",0.08893281
"ME_F_4",0.02600428
"ME_F_4",0.004075956
"ME_F_4",0.00072088
"ME_F_4",0.01989848
"ME_F_4",0.05690933
"ME_F_4",0.1222099
"ME_F_4",0.1170204
"ME_F_4",0.100232
"ME_F_4",0.08662084
"ME_F_4",0.008940689
"ME_F_4",-0.05291743
"ME_F_4",-0.03463462
"ME_F_4",-0.0631488
"ME_F_4",-0.08730464
"ME_F_4",-0.1509471
"ME_F_4",-0.1305792
"ME_F_4",-0.1138372
"ME_F_4",-0.1639517
"ME_F_4",-0.0776682
"ME_F_4",-0.075185
"ME_F_4",0.01273618
"ME_F_4",0.02858522
"ME_F_4",0.03464886
"ME_F_4",0.04802552
"ME_F_4",0.04209979
"ME_F_4",0.06155685
"ME_F_4",-0.009451889
"ME_F_4",0.03482292
"ME_F_4",0.0724628
"ME_F_4",0.08735906
"ME_F_4",-0.1440166
"ME_F_4",-0.1601729
"ME_F_4",-0.1573463
"ME_F_4",-0.2366343
"ME_F_4",-0.169954
"ME_F_4",-0.1491022
"ME_F_4",-0.103018
"ME_F_4",-0.0873028
"ME_F_4",-0.0990237
"ME_F_4",-0.03725342
"ME_F_4",-0.04855908
"ME_F_4",-0.04869643
"ME_F_4",-0.04440049
"ME_F_4",-0.01690843
"ME_F_4",0.03917756
"ME_F_4",0.01778436
"ME_F_4",-0.04415981
"ME_F_4",-0.0428379
"ME_F_4",-0.005977117
"ME_F_4",0.02860346
"ME_F_4",0.03918685
"ME_F_4",0.0310529
"ME_F_4",0.0594773
"ME_F_4",0.04032955
"ME_F_4",-0.01649538
"ME_F_4",-0.003922042
"ME_F_4",0.003738869
"ME_F_4",0.005258311
"ME_F_4",-0.03368686
"ME_F_4",-0.05035035
"ME_F_4",-0.09548905
"ME_F_4",-0.07203387
"ME_F_4",-0.09045643
"ME_F_4",-0.002204821
"ME_F_4",0.03580623
"ME_F_4",-0.001241131
"ME_F_4",-0.02195678
"ME_F_4",-0.04206567
"ME_F_4",-0.02894691
"ME_F_4",0.005353023
"ME_F_4",-0.02261621
"ME_F_4",-0.0005546957
"ME_F_4",-0.0004411559
"ME_F_4",-0.00971977
"ME_F_4",-0.01789897
"ME_F_4",0.02227651
"ME_F_4",-0.002552989
"ME_F_4",0.01406951
"ME_F_4",-0.004775115
"ME_F_4",0.02174851
"ME_F_4",-0.02603863
"ME_F_4",0.04722495
"ME_F_4",0.05937169
"ME_F_4",0.04448072
"ME_F_4",0.09109397
"ME_F_4",-0.02707861
"ME_F_4",-0.02698466
"ME_F_4",-0.0227696
"ME_F_4",-0.03966652
"ME_F_4",-0.06638908
"ME_F_4",-0.05223166
"ME_F_4",-0.08947775
"ME_F_4",-0.08621931
"ME_F_4",-0.09417853
"ME_F_4",-0.1644532
"ME_F_4",-0.113611
"ME_F_4",0.01243302
"ME_F_4",0.02428691
"ME_F_4",0.04620558
"ME_F_4",0.003450856
"ME_F_4",0.009018518
"ME_F_4",0.0586656
"ME_F_4",0.03711622
"ME_F_4",0.02615976
"ME_F_4",0.06901388
"ME_F_4",0.01871761
"ME_F_4",-0.03187488
"ME_F_4",-0.01738048
"ME_F_4",-0.06094754
"ME_F_4",-0.07377876
"ME_F_4",-0.04180712
"ME_F_4",0.04050556
"ME_F_4",-0.004316472
"ME_F_4",-0.0286877
"ME_F_4",-0.003206331
"ME_F_4",0.018781
"ME_F_4",0.009235257
"ME_F_4",-0.05057035
"ME_F_4",-0.08176455
"ME_F_4",0.015945
"ME_F_4",0.02571655
"ME_F_4",0.00575177
"ME_F_4",-0.09539747
"ME_F_4",-0.1199625
"ME_F_4",-0.05312005
"ME_F_4",-0.09994471
"ME_F_4",-0.1047445
"ME_F_4",0.01539947
"ME_F_4",0.07303046
"ME_F_4",0.07845643
"ME_F_4",0.112385
"ME_F_4",0.01792639
"ME_F_4",-0.04841921
"ME_F_4",-0.03177491
"ME_F_4",-0.02568643
"ME_F_4",-0.05757593
"ME_F_4",0.006111383
"ME_F_4",0.01687846
"ME_F_4",0.002515268
"ME_F_4",-0.02020342
"ME_F_4",0.04388877
"ME_F_4",-0.01353051
"ME_F_4",0.01643812
"ME_F_4",0.03876269
"ME_F_4",0.04579736
"ME_F_4",0.06062311
"ME_F_4",0.04345486
"ME_F_4",0.03448384
"ME_F_4",0.05898474
"ME_F_4",0.09139729
"ME_F_4",0.06731239
"ME_F_4",0.08591044
"ME_F_4",0.06994164
"ME_F_4",-0.006721752
"ME_F_4",-0.081453
"ME_F_4",-0.07861196
"ME_F_4",0.07836848
"ME_F_4",0.01565773
"ME_F_4",-0.01884934
"ME_F_4",-0.08497632
"ME_F_4",-0.02628018
"ME_F_4",-0.02653429
"ME_F_4",-0.06115425
"ME_F_4",-0.08564191
"ME_F_4",0.001956215
"ME_F_4",-0.03642441
"ME_F_4",-0.04417717
"ME_F_4",-0.03495018
"ME_F_4",-0.04349984
"ME_F_4",-0.02086168
"ME_F_4",-0.07798104
"ME_F_4",-0.122458
"ME_F_4",-0.04164188
"ME_F_4",0.02609725
"ME_F_4",0.0407902
"ME_F_4",0.00938577
"ME_F_4",-0.1057958
"ME_F_4",-0.08996555
"ME_F_4",-0.03699929
"ME_F_4",-0.01001525
"ME_F_4",0.06346203
"ME_F_4",0.03164947
"ME_F_4",-0.06600726
"ME_F_4",-0.04294908
"ME_F_4",-0.01012181
"ME_F_4",-0.01071887
"ME_F_4",-0.002694185
"ME_F_4",-0.02151227
"ME_F_4",-0.08926401
"ME_F_4",-0.05642141
"ME_F_4",-0.05257205
"ME_F_4",-0.01016437
"ME_F_4",0.04349172
"ME_F_4",0.05181359
"ME_F_4",-0.005821707
"ME_F_4",0.02742017
"ME_F_4",0.01661964
"ME_F_4",0.008657195
"ME_F_4",-0.03419008
"ME_F_4",-0.02116396
"ME_F_4",-0.0693728
"ME_F_4",-0.05043686
"ME_F_4",-0.02710796
"ME_F_4",-0.01604703
"ME_F_4",-0.05433119
"ME_F_4",-0.01294957
"ME_F_4",-0.04576534
"ME_F_4",-0.06608059
"ME_F_4",-0.0261568
"ME_F_4",-0.01389997
"ME_F_4",-0.009107261
"ME_F_4",0.0054745
"ME_F_4",-0.004496444
"ME_F_4",0.04242847
"ME_F_4",-0.0143375
"ME_F_4",0.002376642
"ME_F_4",-0.03503903
"ME_F_4",-0.01468405
"ME_F_4",0.01052141
"ME_F_4",-0.0222518
"ME_F_4",-0.01362492
"ME_F_4",-0.01262751
"ME_F_4",-0.03936537
"ME_F_4",-0.02744364
"ME_F_4",0.008965919
"ME_F_4",-0.00662254
"ME_F_4",0.02063876
"ME_F_4",0.005763691
"ME_F_4",0.00851905
"ME_F_4",0.02667298
"ME_F_4",0.006594516
"ME_F_4",0.06463021
"ME_F_4",0.01109892
"ME_F_4",0.002059583
"ME_F_4",-0.02869587
"ME_F_4",-0.001464654
"ME_F_4",-0.03578549
"ME_F_4",-0.05147256
"ME_F_4",-0.03587993
"ME_F_4",-0.03736122
"ME_F_4",-0.03427628
"ME_F_4",-0.02478045
"ME_F_4",-0.03193335
"ME_F_4",-0.02222373
"ME_F_4",-0.01383414
"ME_F_4",-0.01776757
"ME_F_4",-0.04171526
"ME_F_4",0.02005395
"ME_F_4",-0.000565473
"ME_F_4",-0.01377892
"ME_F_4",-0.0539849
"ME_F_4",-0.07247171
"ME_F_4",-0.03709525
"ME_F_4",0.08138812
"ME_F_4",0.1480733
"ME_F_4",0.09277554
"ME_F_4",0.05550187
"ME_F_4",-0.001641026
"ME_F_4",-0.03509954
"ME_F_4",-0.1078031
"ME_F_4",-0.1030612
"ME_F_4",-0.087804
"ME_F_4",-0.1147758
"ME_F_4",-0.06217613
"ME_F_4",-0.02531048
"ME_F_4",-0.02937773
"ME_F_4",0.01044592
"ME_F_4",0.0140577
"ME_F_4",0.05004582
"ME_F_4",0.01324431
"ME_F_4",0.03789091
"ME_F_4",-0.01897501
"ME_F_4",0.01734934
"ME_F_4",-0.01064913
"ME_F_4",-0.06323795
"ME_F_4",-0.100105
"ME_F_4",-0.02608921
"ME_F_4",-0.03937945
"ME_F_4",-0.06293344
"ME_F_4",0.0125901
"ME_F_4",-0.01586362
"ME_F_4",-0.0005745478
"ME_F_4",0.04070654
"ME_F_4",0.01084099
"ME_F_4",-0.01773372
"ME_F_4",-0.01264976
"ME_F_4",-0.03272811
"ME_F_4",0.00225525
"ME_F_4",-0.02681447
"ME_F_4",-0.03334235
"ME_F_4",-0.006773104
"ME_F_4",-0.04246613
"ME_F_4",-0.006860372
"ME_F_4",0.003449775
"ME_F_4",0.06810059
"ME_F_4",0.07580709
"ME_F_4",0.04351823
"ME_F_4",0.004275734
"ME_F_4",-0.02367121
"ME_F_4",-0.1565085
"ME_F_4",-0.1212853
"ME_F_4",-0.0931035
"ME_F_4",-0.03627507
"ME_F_4",0.01400664
"ME_F_4",0.003855041
"ME_F_4",0.01738793
"ME_F_4",-0.03297897
"ME_F_4",-0.01320411
"ME_F_4",0.01182299
"ME_F_4",0.03917133
"ME_F_4",0.006721091
"ME_F_4",0.01151349
"ME_F_4",-0.004901282
"ME_F_4",-0.03416174
"ME_F_4",-0.04677773
"ME_F_4",-0.06352644
"ME_F_4",-0.07088197
"ME_F_4",-0.05075137
"ME_F_4",0.009547381
"ME_F_4",-0.007148389
"ME_F_4",0.03480514
"ME_F_4",0.02194525
"ME_F_4",-0.0009666011
"ME_F_4",-0.05414923
"ME_F_4",0.05116045
"ME_F_4",0.01658517
"ME_F_4",-0.02032961
"ME_F_4",-0.002700297
"ME_F_4",0.01445946
"ME_F_4",0.00906517
"ME_F_4",-0.00761258
"ME_F_4",-0.03812205
"ME_F_4",-0.02210819
"ME_F_4",-0.06720798
"ME_F_4",-0.03681446
"ME_F_4",-0.03123539
"ME_F_4",-0.02048896
"ME_F_4",-0.06180611
"ME_F_4",-0.03472374
"ME_F_4",-0.06971596
"ME_F_4",0.005816862
"ME_F_4",-0.008223023
"ME_F_4",-0.02630858
"ME_F_4",-0.02416213
"ME_F_4",-0.03974802
"ME_F_4",-0.03775373
"ME_F_4",-0.002516355
"ME_F_4",-0.002635133
"ME_F_4",-0.04040928
"ME_F_4",-0.08592404
"ME_F_4",-0.1021697
"ME_F_4",-0.0003112294
"ME_F_4",-0.02715204
"ME_F_4",0.01289804
"ME_F_4",-0.01018539
"ME_F_4",-0.01620709
"ME_F_4",0.002877782
"ME_F_4",0.0222095
"ME_F_4",0.03794565
"ME_F_4",-0.0165967
"ME_F_4",0.01962252
"ME_F_4",0.03868694
"ME_F_4",0.06706163
"ME_F_4",0.07665427
"ME_F_4",-0.06836729
"ME_F_4",-0.1353351
"ME_F_4",-0.1822078
"ME_F_4",-0.1309083
"ME_F_4",-0.1238472
"ME_F_4",-0.1504498
"ME_F_4",-0.1174931
"ME_F_4",-0.0757565
"ME_F_4",-0.05658004
"ME_F_4",0.05975416
"ME_F_4",0.08736485
"ME_F_4",-0.02362303
"ME_F_4",-0.01610411
"ME_F_4",-0.03293703
"ME_F_4",0.03531894
"ME_F_4",0.1261426
"ME_F_4",0.05744195
"ME_F_4",-0.1071141
"ME_F_4",-0.1653781
"ME_F_4",-0.1295907
"ME_F_4",0.03121057
"ME_F_4",0.06657089
"ME_F_4",0.02489616
"ME_F_4",-0.004533596
"ME_F_4",-0.02633126
"ME_F_4",-0.0304728
"ME_F_4",-0.001600507
"ME_F_4",-0.08019394
"ME_F_4",0.003950458
"ME_F_4",-0.01375521
"ME_F_4",0.02088955
"ME_F_4",0.03870472
"ME_F_4",0.0646933
"ME_F_4",0.07381362
"ME_F_4",0.03788792
"ME_F_4",0.04699932
"ME_F_4",-0.03892575
"ME_F_4",-0.02639663
"ME_F_4",0.01090312
"ME_F_4",-0.05026326
"ME_F_4",-0.08901489
"ME_F_4",-0.04453783
"ME_F_4",-0.01939122
"ME_F_4",0.0009344751
"ME_F_4",-0.06303298
"ME_F_4",-0.1481979
"ME_F_4",-0.1337182
"ME_F_4",-0.05267183
"ME_F_4",-0.01364581
"ME_F_4",0.02629218
"ME_F_4",-0.0250996
"ME_F_4",0.07206023
"ME_F_4",0.0350057
"ME_F_4",0.04532078
"ME_F_4",0.03213351
"ME_F_4",0.03660224
"ME_F_4",-0.008642741
"ME_F_4",-0.01417128
"ME_F_4",-0.01157342
"ME_F_4",-0.03591809
"ME_F_4",-0.08245315
"ME_F_4",-0.107249
"ME_F_4",-0.02439585
"ME_F_4",0.0347309
"ME_F_4",-0.04110589
"ME_F_4",-0.02669107
"ME_F_4",-0.07053432
"ME_F_4",-0.05886734
"ME_F_4",-0.05552305
"ME_F_4",-0.02162108
"ME_F_4",0.004026763
"ME_F_4",-0.0111611
"ME_F_4",-0.04865848
"ME_F_4",-0.1293946
"ME_F_4",-0.2070547
"ME_F_4",-0.1310748
"ME_F_4",-0.04366229
"ME_F_4",0.00892131
"ME_F_4",0.01720773
"ME_F_4",0.02578499
"ME_F_4",0.07624209
"ME_F_4",0.04224944
"ME_F_4",0.02815168
"ME_F_4",0.03372327
"ME_F_4",0.003776744
"ME_F_4",-0.0167763
"ME_F_4",-0.01302063
"ME_F_4",-0.01509894
"ME_F_4",-0.03954966
"ME_F_4",-0.02531507
"ME_F_4",0.005548568
"ME_F_4",-0.04077359
"ME_F_4",-0.01809387
"ME_F_4",-0.008271459
"ME_F_4",0.03272672
"ME_F_4",0.01908954
"ME_F_4",0.05450559
"ME_F_4",0.08138219
"ME_F_4",0.03774457
"ME_F_4",0.03740278
"ME_F_4",0.02787308
"ME_F_4",-0.05754469
"ME_F_4",-0.01589837
"ME_F_4",-0.004758405
"ME_F_4",0.02074078
"ME_F_4",-0.0382801
"ME_F_4",-0.0228262
"ME_F_4",-0.04875731
"ME_F_4",-0.02275205
"ME_F_4",-0.005004361
"ME_F_4",-0.02234285
"ME_F_4",-0.01512932
"ME_F_4",-0.05272517
"ME_F_4",-0.03797357
"ME_F_4",-0.06659688
"ME_F_4",-0.04600063
"ME_F_4",-0.05727633
"ME_F_4",-0.04208401
"ME_F_4",-0.03358294
"ME_F_4",0.01368467
"ME_F_4",0.002230055
"ME_F_4",0.05361483
"ME_F_4",0.008762728
"ME_F_4",0.02732061
"ME_F_4",0.02936346
"ME_F_4",0.02368152
"ME_F_4",-0.0001301076
"ME_F_4",-0.01589432
"ME_F_4",-0.05690599
"ME_F_4",-0.08440343
"ME_F_4",-0.08238652
"ME_F_4",-0.05750393
"ME_F_4",-0.02478706
"ME_F_4",-0.03663095
"ME_F_4",-0.01534792
"ME_F_4",0.02871158
"ME_F_4",0.02680782
"ME_F_4",-0.05502129
"ME_F_4",-0.03060387
"ME_F_4",0.07146031
"ME_F_4",0.04271781
"ME_F_4",0.06512437
"ME_F_4",0.02991643
"ME_F_4",0.07529017
"ME_F_4",0.04559184
"ME_F_4",-0.001896743
"ME_F_4",-0.02088315
"ME_F_4",-0.0393776
"ME_F_4",-0.05545545
"ME_F_4",-0.107868
"ME_F_4",-0.04515055
"ME_F_4",-0.02087217
"ME_F_4",-0.004324272
"ME_F_4",-0.02371854
"ME_F_4",0.01918253
"ME_F_4",-0.006938067
"ME_F_4",-0.006131859
"ME_F_4",0.006396495
"ME_F_4",-0.0175878
"ME_F_4",-0.08903155
"ME_F_4",-0.07847828
"ME_F_4",-0.0717233
"ME_F_4",-0.04758321
"ME_F_4",-0.008742251
"ME_F_4",-0.01768478
"ME_F_4",-0.08061105
"ME_F_4",-0.1818224
"ME_F_4",-0.3488739
"ME_F_4",-0.2970866
"ME_F_4",-0.2174939
"ME_F_4",-0.1176777
"ME_F_4",-0.002846773
"ME_F_4",0.06812795
"ME_F_4",0.04629138
"ME_F_4",0.0401658
"ME_F_4",0.02215427
"ME_F_4",0.1255655
"ME_F_4",0.1678614
"ME_F_4",0.1578484
"ME_F_4",0.2186179
"ME_F_4",0.1782031
"ME_F_4",0.1074302
"ME_F_4",0.07541913
"ME_F_4",0.06296598
"ME_F_4",-0.01369032
"ME_F_4",0.04632925
"ME_F_4",-0.0423984
"ME_F_4",-0.04201955
"ME_F_4",0.0116831
"ME_F_4",-0.004390411
"ME_F_4",0.03422496
"ME_F_4",0.02051169
"ME_F_4",0.05800984
"ME_F_4",0.06008548
"ME_F_4",0.03631414
"ME_F_4",0.05814148
"ME_F_4",-0.006634686
"ME_F_4",-0.06830961
"ME_F_4",-0.0003251135
"ME_F_4",-0.04517383
"ME_F_4",-0.08796071
"ME_F_4",-0.1020388
"ME_F_4",-0.09349297
"ME_F_4",-0.0256099
"ME_F_4",-0.03236734
"ME_F_4",-0.03665717
"ME_F_4",0.01431083
"ME_F_4",-0.05647885
"ME_F_4",-0.06557124
"ME_F_4",-0.1142112
"ME_M_8",0.0164416
"ME_M_8",0.01785608
"ME_M_8",-0.04314313
"ME_M_8",-0.01741182
"ME_M_8",-0.06350341
"ME_M_8",-0.01435086
"ME_M_8",-0.0006407052
"ME_M_8",-0.0647682
"ME_M_8",-0.09462497
"ME_M_8",-0.03277238
"ME_M_8",-0.03635402
"ME_M_8",-0.0439077
"ME_M_8",-0.04311918
"ME_M_8",-0.007668287
"ME_M_8",0.09026759
"ME_M_8",0.04502819
"ME_M_8",0.05857571
"ME_M_8",0.06427297
"ME_M_8",0.03091046
"ME_M_8",0.02686089
"ME_M_8",0.02898259
"ME_M_8",0.05249525
"ME_M_8",0.07015523
"ME_M_8",0.03946054
"ME_M_8",0.04178778
"ME_M_8",0.004288673
"ME_M_8",-0.09142179
"ME_M_8",-0.1727753
"ME_M_8",-0.1464214
"ME_M_8",-0.2094635
"ME_M_8",-0.1154583
"ME_M_8",-0.08916229
"ME_M_8",-0.06875543
"ME_M_8",-0.122747
"ME_M_8",-0.1418746
"ME_M_8",-0.007104427
"ME_M_8",0.1208825
"ME_M_8",0.2398014
"ME_M_8",0.2229658
"ME_M_8",0.1647342
"ME_M_8",0.09394372
"ME_M_8",0.09861112
"ME_M_8",0.08045822
"ME_M_8",0.06337049
"ME_M_8",0.04002356
"ME_M_8",-0.01078152
"ME_M_8",-0.1921345
"ME_M_8",-0.2008022
"ME_M_8",-0.2001018
"ME_M_8",-0.00363335
"ME_M_8",0.04560163
"ME_M_8",0.1096663
"ME_M_8",0.06928544
"ME_M_8",-0.04591358
"ME_M_8",-0.08380963
"ME_M_8",-0.02894871
"ME_M_8",-0.06652332
"ME_M_8",-0.06442434
"ME_M_8",-0.003584959
"ME_M_8",0.04849253
"ME_M_8",0.02277101
"ME_M_8",-0.05755273
"ME_M_8",-0.1084584
"ME_M_8",-0.1144936
"ME_M_8",-0.1016255
"ME_M_8",-0.06961264
"ME_M_8",-0.09481225
"ME_M_8",-0.04452363
"ME_M_8",-0.002488055
"ME_M_8",0.03781635
"ME_M_8",0.004217784
"ME_M_8",-0.008019799
"ME_M_8",0.01670329
"ME_M_8",0.003336549
"ME_M_8",-0.002210602
"ME_M_8",0.03497117
"ME_M_8",-0.01947837
"ME_M_8",-0.02451953
"ME_M_8",-0.05298062
"ME_M_8",-0.01806802
"ME_M_8",-0.0165049
"ME_M_8",0.03768269
"ME_M_8",0.005684179
"ME_M_8",0.04655974
"ME_M_8",-0.07401853
"ME_M_8",-0.1236281
"ME_M_8",-0.1037982
"ME_M_8",-0.133772
"ME_M_8",-0.1103409
"ME_M_8",-0.05066104
"ME_M_8",-0.03390438
"ME_M_8",0.04434205
"ME_M_8",0.1394031
"ME_M_8",0.1473872
"ME_M_8",0.1302442
"ME_M_8",0.1079069
"ME_M_8",0.05638757
"ME_M_8",-0.03641274
"ME_M_8",0.005399624
"ME_M_8",-0.01209471
"ME_M_8",-0.007296263
"ME_M_8",-0.1266339
"ME_M_8",-0.1276761
"ME_M_8",-0.1635739
"ME_M_8",0.03568216
"ME_M_8",0.02587155
"ME_M_8",0.07632679
"ME_M_8",0.06218448
"ME_M_8",0.03251467
"ME_M_8",-0.04831436
"ME_M_8",-0.07061113
"ME_M_8",-0.001420129
"ME_M_8",-0.02655862
"ME_M_8",-0.0541088
"ME_M_8",0.005612903
"ME_M_8",0.001663245
"ME_M_8",-0.04121154
"ME_M_8",-0.0735964
"ME_M_8",-0.1002747
"ME_M_8",-0.09839525
"ME_M_8",-0.02453189
"ME_M_8",-0.04057691
"ME_M_8",-0.01318009
"ME_M_8",-0.02515864
"ME_M_8",0.01031376
"ME_M_8",0.02182977
"ME_M_8",-0.03222321
"ME_M_8",-0.06059626
"ME_M_8",0.031422
"ME_M_8",0.02709552
"ME_M_8",0.09107169
"ME_M_8",0.05655203
"ME_M_8",-0.01989054
"ME_M_8",-0.01781561
"ME_M_8",-0.007771179
"ME_M_8",0.01471685
"ME_M_8",-0.002391983
"ME_M_8",0.002825279
"ME_M_8",-0.04765547
"ME_M_8",-0.05810903
"ME_M_8",-0.02441074
"ME_M_8",-0.06974831
"ME_M_8",-0.1041443
"ME_M_8",-0.09284079
"ME_M_8",-0.07875422
"ME_M_8",0.05965525
"ME_M_8",0.04893653
"ME_M_8",0.09196963
"ME_M_8",0.04863232
"ME_M_8",-0.01929928
"ME_M_8",0.07082536
"ME_M_8",-0.07027701
"ME_M_8",-0.2464647
"ME_M_8",-0.3792663
"ME_M_8",-0.2759447
"ME_M_8",-0.1014835
"ME_M_8",-0.1616025
"ME_M_8",-0.1900168
"ME_M_8",-0.1867609
"ME_M_8",-0.03899208
"ME_M_8",0.0957342
"ME_M_8",0.2662388
"ME_M_8",0.3757796
"ME_M_8",0.3569923
"ME_M_8",0.2558765
"ME_M_8",0.0689972
"ME_M_8",-0.2280594
"ME_M_8",-0.0188056
"ME_M_8",0.0145845
"ME_M_8",0.02547869
"ME_M_8",-0.02044971
"ME_M_8",-0.1718588
"ME_M_8",-0.124366
"ME_M_8",-0.1435467
"ME_M_8",-0.01852106
"ME_M_8",-0.0244137
"ME_M_8",-0.07991544
"ME_M_8",-0.1589757
"ME_M_8",-0.1061658
"ME_M_8",0.01920851
"ME_M_8",0.07656804
"ME_M_8",0.05728666
"ME_M_8",0.04103499
"ME_M_8",-0.02975654
"ME_M_8",-0.07090893
"ME_M_8",-0.08353618
"ME_M_8",-0.02690237
"ME_M_8",0.004408027
"ME_M_8",-0.01225985
"ME_M_8",-0.02673311
"ME_M_8",-0.0303632
"ME_M_8",-0.0379097
"ME_M_8",0.01764969
"ME_M_8",0.01498682
"ME_M_8",0.04459642
"ME_M_8",0.01976834
"ME_M_8",0.04521273
"ME_M_8",0.01485445
"ME_M_8",-0.02475363
"ME_M_8",-0.04131264
"ME_M_8",0.008963565
"ME_M_8",-0.02001522
"ME_M_8",-0.06437331
"ME_M_8",-0.01948674
"ME_M_8",-0.022201
"ME_M_8",-0.0563423
"ME_M_8",-0.04240551
"ME_M_8",-0.041881
"ME_M_8",-0.005485891
"ME_M_8",-0.0208093
"ME_M_8",-0.04118716
"ME_M_8",-0.03396261
"ME_M_8",-0.0414068
"ME_M_8",-0.02374884
"ME_M_8",-0.03011265
"ME_M_8",-0.02654612
"ME_M_8",-0.0685737
"ME_M_8",-0.0124895
"ME_M_8",0.009632774
"ME_M_8",-0.04307159
"ME_M_8",0.0325689
"ME_M_8",0.01121773
"ME_M_8",0.01124909
"ME_M_8",-0.01167056
"ME_M_8",0.04631721
"ME_M_8",0.04044355
"ME_M_8",0.04334305
"ME_M_8",0.0009091162
"ME_M_8",0.02825871
"ME_M_8",-0.03631831
"ME_M_8",-0.00863798
"ME_M_8",-0.04578534
"ME_M_8",-0.05580942
"ME_M_8",-0.04600466
"ME_M_8",-0.03254768
"ME_M_8",-0.04140685
"ME_M_8",-0.02286071
"ME_M_8",-0.02338176
"ME_M_8",-0.03287906
"ME_M_8",-0.02941656
"ME_M_8",-0.0440302
"ME_M_8",0.008476366
"ME_M_8",0.02988889
"ME_M_8",-0.005466688
"ME_M_8",0.06183532
"ME_M_8",0.05490064
"ME_M_8",0.10766
"ME_M_8",0.0736009
"ME_M_8",0.09494929
"ME_M_8",0.06880306
"ME_M_8",0.05710943
"ME_M_8",-0.003307983
"ME_M_8",0.04542098
"ME_M_8",-0.02931061
"ME_M_8",-0.03482866
"ME_M_8",-0.4708323
"ME_M_8",-0.1237071
"ME_M_8",-0.3247789
"ME_M_8",-0.08814006
"ME_M_8",-0.201925
"ME_M_8",-0.2092705
"ME_M_8",0.02872254
"ME_M_8",0.2139185
"ME_M_8",0.2049086
"ME_M_8",0.1727658
"ME_M_8",0.1084801
"ME_M_8",0.1795513
"ME_M_8",0.09416699
"ME_M_8",0.0824317
"ME_M_8",-0.06370967
"ME_M_8",-0.1155643
"ME_M_8",-0.1034821
"ME_M_8",-0.07089153
"ME_M_8",-0.008643516
"ME_M_8",0.06606279
"ME_M_8",0.03873818
"ME_M_8",-0.07650887
"ME_M_8",-0.1036644
"ME_M_8",-0.1168229
"ME_M_8",-0.02175046
"ME_M_8",0.01472531
"ME_M_8",0.005248767
"ME_M_8",0.004584393
"ME_M_8",-0.04938834
"ME_M_8",-0.01667668
"ME_M_8",-0.003734421
"ME_M_8",-0.04962443
"ME_M_8",-0.006337088
"ME_M_8",-0.04137772
"ME_M_8",-0.002221359
"ME_M_8",-0.003963735
"ME_M_8",0.02319227
"ME_M_8",0.01996662
"ME_M_8",0.02404339
"ME_M_8",0.004276813
"ME_M_8",-0.007283424
"ME_M_8",-0.04241505
"ME_M_8",0.02230452
"ME_M_8",-0.04220168
"ME_M_8",-0.1025319
"ME_M_8",-0.1245215
"ME_M_8",-0.1366734
"ME_M_8",-0.1287674
"ME_M_8",-0.1836791
"ME_M_8",-0.2177895
"ME_M_8",-0.007315279
"ME_M_8",0.1623539
"ME_M_8",0.2869641
"ME_M_8",0.2466814
"ME_M_8",0.0949683
"ME_M_8",0.08506165
"ME_M_8",0.01227264
"ME_M_8",0.02792204
"ME_M_8",0.05538598
"ME_M_8",0.03052046
"ME_M_8",-0.1710184
"ME_M_8",-0.33678
"ME_M_8",-0.2125566
"ME_M_8",-0.03025654
"ME_M_8",0.02710849
"ME_M_8",-0.009144075
"ME_M_8",-0.04000405
"ME_M_8",-0.01086729
"ME_M_8",0.03814463
"ME_M_8",0.02328001
"ME_M_8",-0.06016236
"ME_M_8",-0.04233962
"ME_M_8",-0.02502083
"ME_M_8",-0.07221512
"ME_M_8",-0.06235176
"ME_M_8",-0.08455359
"ME_M_8",-0.05210185
"ME_M_8",-0.03017822
"ME_M_8",-0.002524372
"ME_M_8",-0.04749417
"ME_M_8",-0.07388835
"ME_M_8",-0.08089763
"ME_M_8",-0.01521669
"ME_M_8",0.02905792
"ME_M_8",-0.02999968
"ME_M_8",-0.01914458
"ME_M_8",-0.03100983
"ME_M_8",-0.0282608
"ME_M_8",-0.01613559
"ME_M_8",-0.004170701
"ME_M_8",-0.04413188
"ME_M_8",-0.02464622
"ME_M_8",0.05098965
"ME_M_8",0.01705736
"ME_M_8",-0.0076731
"ME_M_8",-0.03150078
"ME_M_8",-0.0503607
"ME_M_8",-0.03116142
"ME_M_8",-0.00900101
"ME_M_8",0.001108434
"ME_M_8",0.01036507
"ME_M_8",-0.02212281
"ME_M_8",-0.03060535
"ME_M_8",-0.01121783
"ME_M_8",-0.08089691
"ME_M_8",-0.04727582
"ME_M_8",-0.009056934
"ME_M_8",-0.0608969
"ME_M_8",-0.03130403
"ME_M_8",-0.01491869
"ME_M_8",0.003919703
"ME_M_8",0.01272919
"ME_M_8",0.0201443
"ME_M_8",0.06358311
"ME_M_8",0.08160228
"ME_M_8",0.01997122
"ME_M_8",-0.01323967
"ME_M_8",0.08081452
"ME_M_8",0.005841945
"ME_M_8",0.1300242
"ME_M_8",0.1707569
"ME_M_8",0.03707292
"ME_M_8",-0.1639649
"ME_M_8",-0.2927212
"ME_M_8",-0.1275028
"ME_M_8",-0.1984459
"ME_M_8",-0.07774537
"ME_M_8",-0.1470023
"ME_M_8",-0.2656762
"ME_M_8",-0.292625
"ME_M_8",-0.2587349
"ME_M_8",-0.03512581
"ME_M_8",0.2683847
"ME_M_8",0.312988
"ME_M_8",0.3374628
"ME_M_8",0.2561521
"ME_M_8",0.1231445
"ME_M_8",0.1214547
"ME_M_8",-0.08211993
"ME_M_8",-0.07140551
"ME_M_8",0.03717301
"ME_M_8",0.003647007
"ME_M_8",0.04599179
"ME_M_8",0.1193183
"ME_M_8",-0.02454143
"ME_M_8",0.002737052
"ME_M_8",-0.02013292
"ME_M_8",-0.03912421
"ME_M_8",-0.1290744
"ME_M_8",-0.324845
"ME_M_8",-0.3334425
"ME_M_8",-0.09862247
"ME_M_8",0.06949881
"ME_M_8",0.13323
"ME_M_8",0.04020085
"ME_M_8",-0.03017854
"ME_M_8",-0.0618824
"ME_M_8",-0.0669819
"ME_M_8",-0.03901532
"ME_M_8",0.004841605
"ME_M_8",-0.05126627
"ME_M_8",-0.05810139
"ME_M_8",-0.03194522
"ME_M_8",0.03779102
"ME_M_8",-0.07069601
"ME_M_8",-0.05553922
"ME_M_8",0.003084479
"ME_M_8",0.001251023
"ME_M_8",-0.02209983
"ME_M_8",0.01476229
"ME_M_8",-0.03225205
"ME_M_8",-0.02075455
"ME_M_8",0.03411694
"ME_M_8",0.02724155
"ME_M_8",0.03775439
"ME_M_8",-0.03182476
"ME_M_8",-0.04610444
"ME_M_8",-0.08737472
"ME_M_8",-0.004310578
"ME_M_8",-0.05389013
"ME_M_8",-0.01640585
"ME_M_8",-0.04287537
"ME_M_8",-0.0717566
"ME_M_8",-0.06547247
"ME_M_8",-0.01139895
"ME_M_8",-0.009339483
"ME_M_8",-0.03091156
"ME_M_8",0.04099144
"ME_M_8",0.03945269
"ME_M_8",0.06840073
"ME_M_8",0.1020867
"ME_M_8",0.02397617
"ME_M_8",-0.01735345
"ME_M_8",-0.2800709
"ME_M_8",-0.1379923
"ME_M_8",-0.2155079
"ME_M_8",-0.0423714
"ME_M_8",-0.1240371
"ME_M_8",-0.1880232
"ME_M_8",-0.136852
"ME_M_8",0.092833
"ME_M_8",0.2099149
"ME_M_8",0.08251647
"ME_M_8",0.02423727
"ME_M_8",0.09728625
"ME_M_8",0.298465
"ME_M_8",-0.03463677
"ME_M_8",-0.05219349
"ME_M_8",-0.02757193
"ME_M_8",0.02903913
"ME_M_8",0.01879066
"ME_M_8",0.03794208
"ME_M_8",-0.07112805
"ME_M_8",-0.1984596
"ME_M_8",-0.2166131
"ME_M_8",-0.0354488
"ME_M_8",-0.03058139
"ME_M_8",-0.01356704
"ME_M_8",-0.02395215
"ME_M_8",-0.07010402
"ME_M_8",-0.04079621
"ME_M_8",-0.05322356
"ME_M_8",-0.07895049
"ME_M_8",-0.05432079
"ME_M_8",-0.04692526
"ME_M_8",0.0783871
"ME_M_8",0.0007842705
"ME_M_8",0.005082067
"ME_M_8",-0.01631868
"ME_M_8",-0.05293151
"ME_M_8",-0.01912094
"ME_M_8",-0.07462824
"ME_M_8",-0.0465549
"ME_M_8",-0.04057157
"ME_M_8",-0.07009673
"ME_M_8",-0.060272
"ME_M_8",-0.09613378
"ME_M_8",-0.07228462
"ME_M_8",-0.02308388
"ME_M_8",-0.04850005
"ME_M_8",0.01165252
"ME_M_8",0.01296187
"ME_M_8",0.0482225
"ME_M_8",0.01949392
"ME_M_8",-0.04908302
"ME_M_8",-0.01659557
"ME_M_8",-0.01382843
"ME_M_8",-0.03455919
"ME_M_8",0.004297376
"ME_M_8",0.004906548
"ME_M_8",-0.06197798
"ME_M_8",-0.03850222
"ME_M_8",-0.01880676
"ME_M_8",-0.03618449
"ME_M_8",-0.0139365
"ME_M_8",0.0178588
"ME_M_8",-0.02027842
"ME_M_8",0.005457288
"ME_M_8",0.03672728
"ME_M_8",0.01904934
"ME_M_8",-0.04218659
"ME_M_8",0.1167078
"ME_M_8",0.06376975
"ME_M_8",0.05291825
"ME_M_8",0.07291514
"ME_M_8",-0.03125205
"ME_M_8",-0.01904447
"ME_M_8",-0.04313637
"ME_M_8",-0.03878874
"ME_M_8",-0.1274264
"ME_M_8",-0.1879774
"ME_M_8",-0.2090673
"ME_M_8",-0.07140992
"ME_M_8",0.2698443
"ME_M_8",0.3004599
"ME_M_8",0.2648391
"ME_M_8",0.1483546
"ME_M_8",-0.07153996
"ME_M_8",-0.06868619
"ME_M_8",-0.07884507
"ME_M_8",-0.0570365
"ME_M_8",-0.05497573
"ME_M_8",-0.04639814
"ME_M_8",-0.1425011
"ME_M_8",-0.2175329
"ME_M_8",-0.09284843
"ME_M_8",-0.04334429
"ME_M_8",0.02693914
"ME_M_8",0.06332983
"ME_M_8",0.009686726
"ME_M_8",-0.00203522
"ME_M_8",-0.03369799
"ME_M_8",-0.009185043
"ME_M_8",-0.04250732
"ME_M_8",-0.1063701
"ME_M_8",-0.09742028
"ME_M_8",-0.07151353
"ME_M_8",-0.08943665
"ME_M_8",-0.0862835
"ME_M_8",-0.1217123
"ME_M_8",-0.08973583
"ME_M_8",0.0180289
"ME_M_8",-0.00100802
"ME_M_8",-0.0511189
"ME_M_8",-0.0518556
"ME_M_8",0.004540857
"ME_M_8",0.01062441
"ME_M_8",0.01845701
"ME_M_8",0.02883843
"ME_M_8",-0.01645875
"ME_M_8",-0.03969091
"ME_M_8",0.006733195
"ME_M_8",-0.007914004
"ME_M_8",-0.07992943
"ME_M_8",-0.0683287
"ME_M_8",-0.04797897
"ME_M_8",-0.03439536
"ME_M_8",-0.0626078
"ME_M_8",-0.07808825
"ME_M_8",-0.07981054
"ME_M_8",-0.07721407
"ME_M_8",-0.06642
"ME_M_8",-0.05818384
"ME_M_8",-0.02981881
"ME_M_8",-0.06979185
"ME_M_8",-0.03796355
"ME_M_8",-0.03661004
"ME_M_8",0.00318578
"ME_M_8",0.004216659
"ME_M_8",0.02874516
"ME_M_8",0.03655165
"ME_M_8",0.0225717
"ME_M_8",0.01232293
"ME_M_8",0.01882226
"ME_M_8",-0.02659644
"ME_M_8",-0.05648171
"ME_M_8",-0.03909573
"ME_M_8",-0.02354196
"ME_M_8",-0.0311083
"ME_M_8",-0.04530536
"ME_M_8",0.003660511
"ME_M_8",0.06881015
"ME_M_8",0.09238435
"ME_M_8",0.07855083
"ME_M_8",0.02583085
"ME_M_8",0.0671322
"ME_M_8",-0.001580984
"ME_M_8",-0.03457215
"ME_M_8",-0.0373468
"ME_M_8",-0.1533113
"ME_M_8",-0.3004715
"ME_M_8",-0.3244172
"ME_M_8",-0.2473904
"ME_M_8",-0.1529687
"ME_M_8",-0.1117528
"ME_M_8",-0.01070321
"ME_M_8",0.2056004
"ME_M_8",0.3655821
"ME_M_8",0.3367399
"ME_M_8",0.1687405
"ME_M_8",-0.1712691
"ME_M_8",-0.136942
"ME_M_8",-0.06154484
"ME_M_8",0.08255638
"ME_M_8",0.04970957
"ME_M_8",0.07519395
"ME_M_8",0.06169621
"ME_M_8",-0.001225971
"ME_M_8",-0.04381889
"ME_M_8",-0.06877173
"ME_M_8",-0.04811173
"ME_M_8",0.01338609
"ME_M_8",-0.001541548
"ME_M_8",-0.1302303
"ME_M_8",-0.07807606
"ME_M_8",-0.04513423
"ME_M_8",-0.1143059
"ME_M_8",-0.07121944
"ME_M_8",-0.05198282
"ME_M_8",0.05265287
"ME_M_8",-0.06544194
"ME_M_8",-0.06638473
"ME_M_8",-0.06929279
"ME_M_8",-0.01902092
"ME_M_8",-0.07772721
"ME_M_8",-0.02279344
"ME_M_8",-0.02443972
"ME_M_8",0.04113477
"ME_M_8",0.177723
"ME_M_8",0.1140722
"ME_M_8",0.09376758
"ME_M_8",0.09183805
"ME_M_8",0.03116551
"ME_M_8",0.02688984
"ME_M_8",-0.04415959
"ME_M_8",-0.02825679
"ME_M_8",-0.1089168
"ME_M_8",-0.1242694
"ME_M_8",0.1302602
"ME_M_8",0.1657574
"ME_M_8",0.0608196
"ME_M_8",0.005247996
"ME_M_8",-0.05959302
"ME_M_8",-0.1407554
"ME_M_8",-0.3846033
"ME_M_8",-0.1381702
"ME_M_8",-0.1970304
"ME_M_8",-0.1500384
"ME_M_8",-0.03418946
"ME_M_8",0.1469426
"ME_M_8",0.2278995
"ME_M_8",0.1744399
"ME_M_8",-0.03180727
"ME_M_8",-0.1260268
"ME_M_8",0.1865219
"ME_M_8",0.06640746
"ME_M_8",0.04826531
"ME_M_8",-0.123257
"ME_M_8",-0.1828251
"ME_M_8",-0.1226059
"ME_M_8",-0.1917335
"ME_M_8",-0.1076932
"ME_M_8",-0.0140649
"ME_M_8",0.07753213
"ME_M_8",0.01109056
"ME_M_8",0.01872019
"ME_M_8",-0.03367076
"ME_M_8",-0.05130478
"ME_M_8",-0.02768346
"ME_M_8",-0.009492402
"ME_M_8",-0.1329825
"ME_M_8",-0.1253796
"ME_M_8",-0.2182364
"ME_M_8",-0.2298682
"ME_M_8",-0.1434854
"ME_M_8",-0.009144112
"ME_M_8",0.05518339
"ME_M_8",0.03349945
"ME_M_8",-0.05174472
"ME_M_8",0.03474783
"ME_M_8",0.03704076
"ME_M_8",0.07829284
"ME_M_8",0.09291016
"ME_M_8",0.06123834
"ME_M_8",0.03365247
"ME_M_8",0.01203806
"ME_M_8",0.009646419
"ME_M_8",0.05194495
"ME_M_8",0.06018329
"ME_M_8",0.08822545
"ME_M_8",0.03533997
"ME_M_8",-0.05418293
"ME_M_8",-0.05864867
"ME_M_8",-0.0200811
"ME_M_8",-0.04143352
"ME_M_8",-0.04229144
"ME_M_8",-0.0936377
"ME_M_8",-0.07934777
"ME_M_8",-0.0678275
"ME_M_8",-0.06418293
"ME_M_8",-0.08696061
"ME_M_8",-0.006148817
"ME_M_8",0.03167595
"ME_M_8",-0.003675602
"ME_M_8",0.04174633
"ME_M_8",0.01053041
"ME_M_8",0.01570098
"ME_M_8",0.05132196
"ME_M_8",0.05047381
"ME_M_8",0.0328435
"ME_M_8",0.009970467
"ME_M_8",-0.07398561
"ME_M_8",-0.02679403
"ME_M_8",-0.1037956
"ME_M_8",-0.06430301
"ME_M_8",-0.09458724
"ME_M_8",-0.0628467
"ME_M_8",0.08115374
"ME_M_8",0.1947173
"ME_M_8",0.1519715
"ME_M_8",0.1253718
"ME_M_8",-0.07439505
"ME_M_8",-0.1066422
"ME_M_8",-0.09169275
"ME_M_8",0.00889849
"ME_M_8",-0.1286066
"ME_M_8",-0.0741465
"ME_M_8",-0.316217
"ME_M_8",-0.3474891
"ME_M_8",-0.2360167
"ME_M_8",-0.08213211
"ME_M_8",-0.03175982
"ME_M_8",0.04224778
"ME_M_8",-0.007103047
"ME_M_8",0.008415383
"ME_M_8",-0.02436569
"ME_M_8",-0.005457534
"ME_M_8",0.04755004
"ME_M_8",0.05758065
"ME_M_8",0.03212316
"ME_M_8",-0.008809851
"ME_M_8",-0.01491478
"ME_M_8",-0.03327075
"ME_M_8",-0.0339386
"ME_M_8",-0.02503609
"ME_M_8",-0.03381245
"ME_M_8",-0.0492719
"ME_M_8",-0.007513385
"ME_M_8",-0.001153112
"ME_M_8",-0.003851284
"ME_M_8",-0.05078592
"ME_M_8",-0.02771092
"ME_M_8",-0.02677861
"ME_M_8",-0.0260132
"ME_M_8",-0.04425002
"ME_M_8",-0.008458479
"ME_M_8",0.01467352
"ME_M_8",-0.02058499
"ME_M_8",-0.04197512
"ME_M_8",-0.0629032
"ME_M_8",-0.006977566
"ME_M_8",0.0140271
"ME_M_8",-0.009911467
"ME_M_8",-0.06313968
"ME_M_8",-0.1045436
"ME_M_8",-0.07562999
"ME_M_8",-0.07107552
"ME_M_8",-0.1172812
"ME_M_8",-0.1100935
"ME_M_8",-0.1670708
"ME_M_8",-0.1480977
"ME_M_8",-0.1438645
"ME_M_8",-0.1031154
"ME_M_8",-0.0993992
"ME_M_8",-0.06736529
"ME_M_8",-0.05823075
"ME_M_8",-0.01937778
"ME_M_8",0.04845257
"ME_M_8",0.07603274
"ME_M_8",0.1359185
"ME_M_8",0.3329614
"ME_M_8",0.3687594
"ME_M_8",0.2464284
"ME_M_8",0.1290144
"ME_M_8",-0.0408122
"ME_M_8",-0.1233973
"ME_M_8",-0.001407312
"ME_M_8",0.01658618
"ME_M_8",-0.03635381
"ME_M_8",-0.02848865
"ME_M_8",-0.009266613
"ME_M_8",-0.02359303
"ME_M_8",0.004266024
"ME_M_8",0.008656547
"ME_M_8",-0.09291907
"ME_M_8",-0.03889309
"ME_M_8",0.0028648
"ME_M_8",0.00753082
"ME_M_8",0.009461664
"ME_M_8",0.06198591
"ME_M_8",0.08788899
"ME_M_8",0.08300709
"ME_M_8",0.09627261
"ME_M_8",0.2051533
"ME_M_8",0.2715956
"ME_M_8",0.1093952
"ME_M_8",-0.2563936
"ME_M_8",-0.2685487
"ME_M_8",-0.141007
"ME_M_8",-0.1835375
"ME_M_8",-0.3050603
"ME_M_8",-0.3386077
"ME_M_8",-0.3686261
"ME_M_8",-0.3888929
"ME_M_8",0.099866
"ME_M_8",0.2701401
"ME_M_8",0.3316906
"ME_M_8",0.266034
"ME_M_8",0.06678096
"ME_M_8",0.05301924
"ME_M_8",-0.1226837
"ME_M_8",0.006242082
"ME_M_8",0.07865031
"ME_M_8",0.1171902
"ME_M_8",0.0001434237
"ME_M_8",0.06724922
"ME_M_8",0.1726516
"ME_M_8",0.1467714
"ME_M_8",0.06324434
"ME_M_8",0.04302603
"ME_M_8",0.00898969
"ME_M_8",-0.09894014
"ME_M_8",-0.1996296
"ME_M_8",-0.1912514
"ME_M_8",-0.07698937
"ME_M_8",-0.03951601
"ME_M_8",-0.09186359
"ME_M_8",-0.09614591
"ME_M_8",-0.1299815
"ME_M_8",-0.04273872
"ME_M_8",0.02908003
"ME_M_8",0.01827718
"ME_M_8",-0.02012903
"ME_M_8",0.002968707
"ME_M_8",0.009016167
"ME_M_8",0.0008286573
"ME_M_8",0.08900841
"ME_M_8",0.05769393
"ME_M_8",0.02409483
"ME_M_8",0.03663683
"ME_M_8",-0.06938919
"ME_M_8",-0.1192054
"ME_M_8",-0.1355042
"ME_M_8",-0.07902862
"ME_M_8",-0.07830454
"ME_M_8",-0.1064698
"ME_M_8",-0.06053054
"AS_M_1",0.002506319
"AS_M_1",0.002276313
"AS_M_1",0.002585225
"AS_M_1",0.00269628
"AS_M_1",0.002741811
"AS_M_1",0.002142162
"AS_M_1",0.001162001
"AS_M_1",0.001160145
"AS_M_1",0.001379379
"AS_M_1",0.002327078
"AS_M_1",0.00258573
"AS_M_1",0.002678443
"AS_M_1",0.002690002
"AS_M_1",0.002702127
"AS_M_1",0.002053829
"AS_M_1",0.002383609
"AS_M_1",0.00345966
"AS_M_1",0.005089994
"AS_M_1",0.005874159
"AS_M_1",0.006320355
"AS_M_1",0.006837644
"AS_M_1",0.007977454
"AS_M_1",0.01057647
"AS_M_1",0.01040206
"AS_M_1",0.00943274
"AS_M_1",0.009061628
"AS_M_1",0.005496493
"AS_M_1",0.001916437
"AS_M_1",-0.002436393
"AS_M_1",-0.004739402
"AS_M_1",-0.002465007
"AS_M_1",-0.001345039
"AS_M_1",-0.002468284
"AS_M_1",-0.004949972
"AS_M_1",-0.006718321
"AS_M_1",-0.005670416
"AS_M_1",-0.003352875
"AS_M_1",0.001062088
"AS_M_1",0.007702651
"AS_M_1",0.00936651
"AS_M_1",0.008275166
"AS_M_1",0.005962814
"AS_M_1",0.002622805
"AS_M_1",0.001834592
"AS_M_1",0.002213084
"AS_M_1",0.002055509
"AS_M_1",0.0004309584
"AS_M_1",-0.001303979
"AS_M_1",-0.003207184
"AS_M_1",-0.005660505
"AS_M_1",-0.007864558
"AS_M_1",-0.008895179
"AS_M_1",-0.009827876
"AS_M_1",-0.01017089
"AS_M_1",-0.009749654
"AS_M_1",-0.009102721
"AS_M_1",-0.007616829
"AS_M_1",-0.00622665
"AS_M_1",-0.004512776
"AS_M_1",-0.003808626
"AS_M_1",-0.002683948
"AS_M_1",-0.001800901
"AS_M_1",-0.0008376041
"AS_M_1",-5.233795E-05
"AS_M_1",0.001617863
"AS_M_1",0.004199158
"AS_M_1",0.007224932
"AS_M_1",0.007807381
"AS_M_1",0.008008092
"AS_M_1",0.007627205
"AS_M_1",0.006840655
"AS_M_1",0.006428749
"AS_M_1",0.005482567
"AS_M_1",-0.002590323
"AS_M_1",-0.001684582
"AS_M_1",-0.001143078
"AS_M_1",-0.0002264029
"AS_M_1",0.0006330189
"AS_M_1",0.001912204
"AS_M_1",0.004049356
"AS_M_1",0.00502209
"AS_M_1",0.004418568
"AS_M_1",0.001558933
"AS_M_1",0.0005130482
"AS_M_1",-0.0004788854
"AS_M_1",-0.0004802581
"AS_M_1",-0.0002838938
"AS_M_1",-0.0003612029
"AS_M_1",-0.0003968211
"AS_M_1",0.001054035
"AS_M_1",0.002648373
"AS_M_1",0.003286201
"AS_M_1",0.003465417
"AS_M_1",0.002155763
"AS_M_1",-0.0005561555
"AS_M_1",-0.0014666
"AS_M_1",-0.00210974
"AS_M_1",-0.001987792
"AS_M_1",-0.001078235
"AS_M_1",-0.0009716473
"AS_M_1",-0.001358763
"AS_M_1",-0.001868416
"AS_M_1",-0.001632265
"AS_M_1",-0.0010412
"AS_M_1",0.002383297
"AS_M_1",0.005802525
"AS_M_1",0.01004107
"AS_M_1",0.01156633
"AS_M_1",0.01348632
"AS_M_1",0.01268408
"AS_M_1",0.01160961
"AS_M_1",0.01149695
"AS_M_1",0.01114913
"AS_M_1",0.01096593
"AS_M_1",0.009923296
"AS_M_1",0.009450357
"AS_M_1",0.007425163
"AS_M_1",0.005652279
"AS_M_1",0.003618045
"AS_M_1",0.002076866
"AS_M_1",-0.001844796
"AS_M_1",-0.006616523
"AS_M_1",-0.01225072
"AS_M_1",-0.01379629
"AS_M_1",-0.01174528
"AS_M_1",-0.0067257
"AS_M_1",-0.0003073056
"AS_M_1",0.001547663
"AS_M_1",0.001856224
"AS_M_1",0.0003649723
"AS_M_1",-0.00316898
"AS_M_1",-0.003963776
"AS_M_1",-0.006645621
"AS_M_1",-0.007656545
"AS_M_1",-0.00759116
"AS_M_1",-0.007704395
"AS_M_1",-0.008025713
"AS_M_1",-0.008292533
"AS_M_1",-0.008071782
"AS_M_1",-0.0074473
"AS_M_1",-0.006122726
"AS_M_1",-0.004809292
"AS_M_1",-0.003675955
"AS_M_1",-0.002299855
"AS_M_1",0.0001623071
"AS_M_1",0.001434401
"AS_M_1",0.00451477
"AS_M_1",0.006330904
"AS_M_1",0.006501448
"AS_M_1",0.005554723
"AS_M_1",0.003713957
"AS_M_1",0.003145748
"AS_M_1",0.0038299
"AS_M_1",0.003778481
"AS_M_1",0.001436465
"AS_M_1",0.0007988487
"AS_M_1",0.0005345056
"AS_M_1",0.000788083
"AS_M_1",0.002424114
"AS_M_1",0.003393332
"AS_M_1",0.005749759
"AS_M_1",0.006598221
"AS_M_1",0.009326886
"AS_M_1",0.01008277
"AS_M_1",0.01150546
"AS_M_1",0.01275796
"AS_M_1",0.01248345
"AS_M_1",0.01208575
"AS_M_1",0.009545945
"AS_M_1",0.009755548
"AS_M_1",0.01135281
"AS_M_1",0.01122579
"AS_M_1",0.009171402
"AS_M_1",0.005390111
"AS_M_1",0.004308448
"AS_M_1",0.005512496
"AS_M_1",0.005820889
"AS_M_1",0.004725492
"AS_M_1",0.00505378
"AS_M_1",0.002925009
"AS_M_1",-0.00161516
"AS_M_1",-0.004456606
"AS_M_1",-0.01113213
"AS_M_1",-0.01531341
"AS_M_1",-0.01757583
"AS_M_1",-0.01726252
"AS_M_1",-0.01377285
"AS_M_1",-0.01150658
"AS_M_1",-0.008655857
"AS_M_1",-0.004335072
"AS_M_1",0.0008052331
"AS_M_1",0.002249041
"AS_M_1",0.002845717
"AS_M_1",0.001813679
"AS_M_1",-0.001846233
"AS_M_1",-0.00302682
"AS_M_1",-0.00454848
"AS_M_1",-0.005754222
"AS_M_1",-0.006868938
"AS_M_1",-0.007826585
"AS_M_1",-0.008473176
"AS_M_1",-0.008912214
"AS_M_1",-0.008684846
"AS_M_1",-0.008422887
"AS_M_1",-0.008010571
"AS_M_1",-0.006944914
"AS_M_1",-0.00500378
"AS_M_1",-0.003342773
"AS_M_1",-0.001810414
"AS_M_1",-0.0004736302
"AS_M_1",0.001506102
"AS_M_1",0.002075484
"AS_M_1",0.002403069
"AS_M_1",0.002564342
"AS_M_1",0.002670666
"AS_M_1",0.002821502
"AS_M_1",0.002548845
"AS_M_1",0.002224391
"AS_M_1",0.0002077163
"AS_M_1",0.0001339411
"AS_M_1",-0.0003892927
"AS_M_1",-0.0009246608
"AS_M_1",-0.001052429
"AS_M_1",-0.0006593685
"AS_M_1",0.0005598687
"AS_M_1",0.001007434
"AS_M_1",0.001379072
"AS_M_1",0.001492318
"AS_M_1",0.001644185
"AS_M_1",0.002113194
"AS_M_1",0.003065697
"AS_M_1",0.003404827
"AS_M_1",0.003653223
"AS_M_1",0.003922058
"AS_M_1",0.003955211
"AS_M_1",0.003775044
"AS_M_1",0.003708412
"AS_M_1",0.003004784
"AS_M_1",0.001528867
"AS_M_1",0.0005353753
"AS_M_1",-0.0004027315
"AS_M_1",-0.002399738
"AS_M_1",-0.0037401
"AS_M_1",-0.003721728
"AS_M_1",-0.003224288
"AS_M_1",-0.00231802
"AS_M_1",-0.0003441724
"AS_M_1",0.001690584
"AS_M_1",0.00338989
"AS_M_1",0.00429349
"AS_M_1",0.004939353
"AS_M_1",0.006749842
"AS_M_1",0.009287061
"AS_M_1",0.01381607
"AS_M_1",0.01977291
"AS_M_1",0.02170453
"AS_M_1",0.02448395
"AS_M_1",0.02797028
"AS_M_1",0.03355839
"AS_M_1",0.03484368
"AS_M_1",0.03536308
"AS_M_1",0.03500524
"AS_M_1",0.03263667
"AS_M_1",0.02956136
"AS_M_1",0.02733718
"AS_M_1",0.022437
"AS_M_1",0.01417559
"AS_M_1",0.0104793
"AS_M_1",0.00587027
"AS_M_1",0.0004426821
"AS_M_1",-0.008167565
"AS_M_1",-0.01056281
"AS_M_1",-0.01144937
"AS_M_1",-0.008826399
"AS_M_1",-0.004200051
"AS_M_1",-0.003664584
"AS_M_1",-0.003923034
"AS_M_1",-0.00541381
"AS_M_1",-0.005433883
"AS_M_1",-0.004420224
"AS_M_1",-0.004517022
"AS_M_1",-0.005329482
"AS_M_1",-0.006973763
"AS_M_1",-0.007022104
"AS_M_1",-0.006795981
"AS_M_1",-0.006139517
"AS_M_1",-0.005862663
"AS_M_1",-0.005776841
"AS_M_1",-0.00489196
"AS_M_1",-0.00282401
"AS_M_1",-0.0003050277
"AS_M_1",-0.0009499241
"AS_M_1",-0.0008679641
"AS_M_1",-0.0004430615
"AS_M_1",-0.0004907344
"AS_M_1",-0.000464454
"AS_M_1",-0.000705112
"AS_M_1",-0.001498141
"AS_M_1",-0.001799508
"AS_M_1",-0.001766999
"AS_M_1",-0.001834832
"AS_M_1",-0.001643946
"AS_M_1",-0.001529895
"AS_M_1",-0.001158005
"AS_M_1",-0.000759147
"AS_M_1",0.0003803553
"AS_M_1",0.000868081
"AS_M_1",0.00110807
"AS_M_1",0.0006498705
"AS_M_1",-0.001713097
"AS_M_1",-0.002470121
"AS_M_1",-0.002802794
"AS_M_1",-0.002354233
"AS_M_1",-0.001669361
"AS_M_1",-0.001823459
"AS_M_1",-0.00194233
"AS_M_1",-0.001834226
"AS_M_1",-0.0007888718
"AS_M_1",-0.000638621
"AS_M_1",-0.0005885537
"AS_M_1",-0.0006517539
"AS_M_1",0.0001759313
"AS_M_1",0.0006043785
"AS_M_1",0.001054704
"AS_M_1",0.002389246
"AS_M_1",0.007058889
"AS_M_1",0.009542012
"AS_M_1",0.01165971
"AS_M_1",0.01551236
"AS_M_1",0.02101268
"AS_M_1",0.02369099
"AS_M_1",0.02600097
"AS_M_1",0.02677332
"AS_M_1",0.02272812
"AS_M_1",0.01944129
"AS_M_1",0.01624806
"AS_M_1",0.01358807
"AS_M_1",0.01266712
"AS_M_1",0.0130063
"AS_M_1",0.01314999
"AS_M_1",0.01340978
"AS_M_1",0.01295206
"AS_M_1",0.01286627
"AS_M_1",0.01346818
"AS_M_1",0.01420217
"AS_M_1",0.01361483
"AS_M_1",0.01126135
"AS_M_1",0.006588012
"AS_M_1",-0.002250114
"AS_M_1",-0.009731299
"AS_M_1",-0.009815867
"AS_M_1",-0.009262424
"AS_M_1",-0.006409885
"AS_M_1",-0.005562093
"AS_M_1",-0.005511629
"AS_M_1",-0.00538775
"AS_M_1",-0.004985106
"AS_M_1",-0.005099838
"AS_M_1",-0.0060169
"AS_M_1",-0.007230899
"AS_M_1",-0.008829817
"AS_M_1",-0.008445685
"AS_M_1",-0.007641029
"AS_M_1",-0.000784439
"AS_M_1",-0.0005182995
"AS_M_1",-0.0002806088
"AS_M_1",7.621583E-05
"AS_M_1",0.0001341371
"AS_M_1",0.0001905902
"AS_M_1",9.952462E-06
"AS_M_1",-0.0003946776
"AS_M_1",-0.0006612882
"AS_M_1",-0.001027055
"AS_M_1",-0.001325575
"AS_M_1",-0.001493881
"AS_M_1",-0.00139516
"AS_M_1",-0.001220736
"AS_M_1",-0.001139251
"AS_M_1",-0.001531611
"AS_M_1",-0.001824662
"AS_M_1",-0.001894706
"AS_M_1",-0.001963346
"AS_M_1",-0.0009342678
"AS_M_1",-0.0003725108
"AS_M_1",0.0004845872
"AS_M_1",0.001169342
"AS_M_1",0.002063694
"AS_M_1",0.002633753
"AS_M_1",0.003461248
"AS_M_1",0.003478474
"AS_M_1",0.001127451
"AS_M_1",-4.872523E-05
"AS_M_1",-0.00106075
"AS_M_1",-0.00134875
"AS_M_1",-0.000601228
"AS_M_1",-7.700047E-05
"AS_M_1",0.0003372445
"AS_M_1",0.0005395729
"AS_M_1",0.000747136
"AS_M_1",0.001327905
"AS_M_1",0.002163698
"AS_M_1",0.003229446
"AS_M_1",0.003806987
"AS_M_1",0.004952236
"AS_M_1",0.007942745
"AS_M_1",0.0150377
"AS_M_1",0.0190609
"AS_M_1",0.0188956
"AS_M_1",0.01828509
"AS_M_1",0.01855502
"AS_M_1",0.01906575
"AS_M_1",0.01889567
"AS_M_1",0.01767079
"AS_M_1",0.01581631
"AS_M_1",0.01239692
"AS_M_1",0.007680626
"AS_M_1",0.002587345
"AS_M_1",-0.003609939
"AS_M_1",-0.009032767
"AS_M_1",-0.0123325
"AS_M_1",-0.01174536
"AS_M_1",-0.006308263
"AS_M_1",-0.005297008
"AS_M_1",-0.004539207
"AS_M_1",-0.003029671
"AS_M_1",-0.003292301
"AS_M_1",-0.002967272
"AS_M_1",-0.003330886
"AS_M_1",-0.003706072
"AS_M_1",-0.004306293
"AS_M_1",-0.004618858
"AS_M_1",-0.005027729
"AS_M_1",-0.00549028
"AS_M_1",-0.005630839
"AS_M_1",-0.004848011
"AS_M_1",-0.005118347
"AS_M_1",0.0001157161
"AS_M_1",0.0002147817
"AS_M_1",0.0002339181
"AS_M_1",0.0002483774
"AS_M_1",0.0002077973
"AS_M_1",8.715515E-05
"AS_M_1",-0.0005992632
"AS_M_1",-0.0008217988
"AS_M_1",-0.00102788
"AS_M_1",-0.001456873
"AS_M_1",-0.001835303
"AS_M_1",-0.002014246
"AS_M_1",-0.002223035
"AS_M_1",-0.002350559
"AS_M_1",-0.002135697
"AS_M_1",-0.002072948
"AS_M_1",-0.001656779
"AS_M_1",-0.00127703
"AS_M_1",-0.0008524292
"AS_M_1",-0.0004471349
"AS_M_1",-0.0001103913
"AS_M_1",2.388755E-05
"AS_M_1",0.0002469629
"AS_M_1",0.0004130342
"AS_M_1",0.0004217632
"AS_M_1",0.0002653345
"AS_M_1",3.229635E-05
"AS_M_1",-9.994349E-05
"AS_M_1",-0.0001937132
"AS_M_1",-0.0003056909
"AS_M_1",-0.0009968271
"AS_M_1",-0.001385796
"AS_M_1",-0.001728458
"AS_M_1",-0.001924962
"AS_M_1",-0.001985175
"AS_M_1",-0.001976092
"AS_M_1",-0.0009833591
"AS_M_1",0.0008249908
"AS_M_1",0.004453012
"AS_M_1",0.00753938
"AS_M_1",0.0103544
"AS_M_1",0.01335904
"AS_M_1",0.02096062
"AS_M_1",0.0240661
"AS_M_1",0.02871648
"AS_M_1",0.03383474
"AS_M_1",0.03650607
"AS_M_1",0.03566812
"AS_M_1",0.03297006
"AS_M_1",0.02925169
"AS_M_1",0.02184644
"AS_M_1",0.01940775
"AS_M_1",0.01611233
"AS_M_1",0.01215399
"AS_M_1",0.007043749
"AS_M_1",0.005978185
"AS_M_1",0.004486274
"AS_M_1",0.001748612
"AS_M_1",-0.004861659
"AS_M_1",-0.008055368
"AS_M_1",-0.01142591
"AS_M_1",-0.01319743
"AS_M_1",-0.009962745
"AS_M_1",-0.009172515
"AS_M_1",-0.009803841
"AS_M_1",-0.01141922
"AS_M_1",-0.009135311
"AS_M_1",-0.00805399
"AS_M_1",-0.007309019
"AS_M_1",-0.006508883
"AS_M_1",-0.006175712
"AS_M_1",-0.005672163
"AS_M_1",-0.00458943
"AS_M_1",-0.001204172
"AS_M_1",-0.001193097
"AS_M_1",-0.001247396
"AS_M_1",-0.001473043
"AS_M_1",-0.001325734
"AS_M_1",-0.001337186
"AS_M_1",-0.001035818
"AS_M_1",-0.001532783
"AS_M_1",-0.001636679
"AS_M_1",-0.001410323
"AS_M_1",-0.001211941
"AS_M_1",-0.001051087
"AS_M_1",-0.001096535
"AS_M_1",-0.001254878
"AS_M_1",-0.001813204
"AS_M_1",-0.002909864
"AS_M_1",-0.002812077
"AS_M_1",-0.002223925
"AS_M_1",-0.001226837
"AS_M_1",0.0005123249
"AS_M_1",0.0008297936
"AS_M_1",0.000848341
"AS_M_1",0.0008454581
"AS_M_1",7.20927E-05
"AS_M_1",-0.0005054598
"AS_M_1",-0.0008086939
"AS_M_1",-0.001010143
"AS_M_1",-0.0007061983
"AS_M_1",-0.0004946659
"AS_M_1",-0.0004468076
"AS_M_1",-0.0001892966
"AS_M_1",-0.0001950864
"AS_M_1",-0.0003108251
"AS_M_1",-0.0001905148
"AS_M_1",0.0002479522
"AS_M_1",0.001616391
"AS_M_1",0.002532694
"AS_M_1",0.003494754
"AS_M_1",0.005057046
"AS_M_1",0.007681512
"AS_M_1",0.008755685
"AS_M_1",0.009588934
"AS_M_1",0.01115135
"AS_M_1",0.01248388
"AS_M_1",0.0124631
"AS_M_1",0.01135795
"AS_M_1",0.009469411
"AS_M_1",0.00586374
"AS_M_1",0.005263919
"AS_M_1",0.005382229
"AS_M_1",0.005458909
"AS_M_1",0.004903584
"AS_M_1",0.004183684
"AS_M_1",0.003503368
"AS_M_1",0.003091456
"AS_M_1",0.002702717
"AS_M_1",0.002513713
"AS_M_1",0.001980407
"AS_M_1",-0.0007121337
"AS_M_1",-0.006043443
"AS_M_1",-0.006338674
"AS_M_1",-0.005034072
"AS_M_1",-0.002010991
"AS_M_1",0.002698099
"AS_M_1",0.002818348
"AS_M_1",0.002536829
"AS_M_1",0.002257716
"AS_M_1",0.0004115086
"AS_M_1",-0.0004785561
"AS_M_1",-0.0006510995
"AS_M_1",-0.001732772
"AS_M_1",-0.003336577
"AS_M_1",-0.003165344
"AS_M_1",-0.001702873
"AS_M_1",-0.001461628
"AS_M_1",-0.001683709
"AS_M_1",-0.001342012
"AS_M_1",-0.001156501
"AS_M_1",-0.0009790678
"AS_M_1",-0.00101218
"AS_M_1",-0.001337084
"AS_M_1",-0.001226066
"AS_M_1",-0.0009937978
"AS_M_1",-0.0003706753
"AS_M_1",-0.0004972143
"AS_M_1",-0.0008061607
"AS_M_1",-0.00121015
"AS_M_1",-0.001502988
"AS_M_1",-0.001411873
"AS_M_1",-0.001607538
"AS_M_1",-0.001805215
"AS_M_1",-0.001660968
"AS_M_1",-0.0008795893
"AS_M_1",-0.000439382
"AS_M_1",9.830075E-05
"AS_M_1",0.002027025
"AS_M_1",0.00834948
"AS_M_1",0.01029122
"AS_M_1",0.01091533
"AS_M_1",0.009992043
"AS_M_1",0.007640221
"AS_M_1",0.007294388
"AS_M_1",0.007201703
"AS_M_1",0.007628353
"AS_M_1",0.007152356
"AS_M_1",0.006538912
"AS_M_1",0.005445688
"AS_M_1",0.002032439
"AS_M_1",-0.004981327
"AS_M_1",-0.007502791
"AS_M_1",-0.009165773
"AS_M_1",-0.009871425
"AS_M_1",-0.004147575
"AS_M_1",-0.001616225
"AS_M_1",-4.591385E-05
"AS_M_1",0.00157905
"AS_M_1",0.002975377
"AS_M_1",0.003260045
"AS_M_1",0.003061463
"AS_M_1",0.001894244
"AS_M_1",0.0004532932
"AS_M_1",0.0002053381
"AS_M_1",-2.344139E-06
"AS_M_1",-0.0007728093
"AS_M_1",-0.001858065
"AS_M_1",-0.001974433
"AS_M_1",-0.002081552
"AS_M_1",-0.002332309
"AS_M_1",-0.002235574
"AS_M_1",-0.001843007
"AS_M_1",-0.001615102
"AS_M_1",-0.0013481
"AS_M_1",-0.001220623
"AS_M_1",-0.0008025005
"AS_M_1",-0.0006239144
"AS_M_1",0.0001196677
"AS_M_1",2.594022E-05
"AS_M_1",-0.0004281823
"AS_M_1",-0.0007836777
"AS_M_1",-0.001296768
"AS_M_1",-0.002002012
"AS_M_1",-0.002240344
"AS_M_1",-0.002351721
"AS_M_1",-0.002428248
"AS_M_1",-0.002515624
"AS_M_1",-0.002718375
"AS_M_1",-0.0003912759
"AS_M_1",-0.0003389178
"AS_M_1",-0.0005954162
"AS_M_1",-0.0005189169
"AS_M_1",-0.0003656721
"AS_M_1",-0.0003288419
"AS_M_1",-0.0009777157
"AS_M_1",-0.001229677
"AS_M_1",-0.001893282
"AS_M_1",-0.001928628
"AS_M_1",-0.001772874
"AS_M_1",-0.001765528
"AS_M_1",-0.001851066
"AS_M_1",-0.001747883
"AS_M_1",-0.001340623
"AS_M_1",-0.001102309
"AS_M_1",-0.000747289
"AS_M_1",-0.0003075227
"AS_M_1",0.0007549719
"AS_M_1",0.001354984
"AS_M_1",0.002040575
"AS_M_1",0.00292433
"AS_M_1",0.004045211
"AS_M_1",0.004516778
"AS_M_1",0.005160414
"AS_M_1",0.00629293
"AS_M_1",0.00777528
"AS_M_1",0.008042874
"AS_M_1",0.008683123
"AS_M_1",0.009422252
"AS_M_1",0.01060526
"AS_M_1",0.01167204
"AS_M_1",0.01365205
"AS_M_1",0.01593723
"AS_M_1",0.01838508
"AS_M_1",0.01887121
"AS_M_1",0.0181905
"AS_M_1",0.01722489
"AS_M_1",0.01489466
"AS_M_1",0.01352191
"AS_M_1",0.01181726
"AS_M_1",0.00963437
"AS_M_1",0.00641722
"AS_M_1",0.005037294
"AS_M_1",0.003107255
"AS_M_1",0.0008491678
"AS_M_1",-0.002417888
"AS_M_1",-0.003339863
"AS_M_1",-0.00373346
"AS_M_1",-0.003538234
"AS_M_1",-0.004280149
"AS_M_1",-0.00471098
"AS_M_1",-0.004384848
"AS_M_1",-0.00189698
"AS_M_1",0.0001401992
"AS_M_1",-0.0001697954
"AS_M_1",-0.001066581
"AS_M_1",-0.0011323
"AS_M_1",0.0001143638
"AS_M_1",0.00067566
"AS_M_1",0.001391532
"AS_M_1",0.001542619
"AS_M_1",0.0006782633
"AS_M_1",0.0003721051
"AS_M_1",0.0004298777
"AS_M_1",0.0005666863
"AS_M_1",0.001473998
"AS_M_1",0.002277423
"AS_M_1",0.002150774
"AS_M_1",0.0004497382
"AS_M_1",-0.003813346
"AS_M_1",-0.004905181
"AS_M_1",-0.005621877
"AS_M_1",-0.005736188
"AS_M_1",0.0002476178
"AS_M_1",-0.0001066153
"AS_M_1",-0.0003758958
"AS_M_1",-0.0005465897
"AS_M_1",-0.000514715
"AS_M_1",-0.0002592625
"AS_M_1",-0.0002692338
"AS_M_1",-0.0003116315
"AS_M_1",-0.0001293455
"AS_M_1",0.001670159
"AS_M_1",0.002105125
"AS_M_1",0.002470788
"AS_M_1",0.002788438
"AS_M_1",0.002898804
"AS_M_1",0.00314977
"AS_M_1",0.003358979
"AS_M_1",0.002696861
"AS_M_1",0.001387468
"AS_M_1",0.001450301
"AS_M_1",0.001639876
"AS_M_1",0.002822133
"AS_M_1",0.004723765
"AS_M_1",0.004839386
"AS_M_1",0.005151031
"AS_M_1",0.005884896
"AS_M_1",0.006800693
"AS_M_1",0.007200196
"AS_M_1",0.007320807
"AS_M_1",0.007447663
"AS_M_1",0.00518907
"AS_M_1",0.002877778
"AS_M_1",-0.0003651652
"AS_M_1",-0.003495187
"AS_M_1",0.001582246
"AS_M_1",0.00549632
"AS_M_1",0.007590299
"AS_M_1",0.006708023
"AS_M_1",0.0004365488
"AS_M_1",-0.001186159
"AS_M_1",-0.001799795
"AS_M_1",-0.001668827
"AS_M_1",-0.0007780651
"AS_M_1",-0.001046059
"AS_M_1",-0.001643217
"AS_M_1",-0.002384341
"AS_M_1",-0.003372313
"AS_M_1",-0.003079634
"AS_M_1",-0.002253151
"AS_M_1",-0.0007572613
"AS_M_1",0.0009692522
"AS_M_1",0.001328581
"AS_M_1",0.001642109
"AS_M_1",0.002701794
"AS_M_1",0.002770696
"AS_M_1",0.002842339
"AS_M_1",0.002821957
"AS_M_1",0.003011897
"AS_M_1",0.002057689
"AS_M_1",0.002149098
"AS_M_1",0.00232718
"AS_M_1",0.003323019
"AS_M_1",0.003203488
"AS_M_1",0.002896568
"AS_M_1",0.002733211
"AS_M_1",0.002385023
"AS_M_1",0.001656536
"AS_M_1",0.0009442739
"AS_M_1",0.0001808466
"AS_M_1",-0.001014048
"AS_M_1",-0.003039128
"AS_M_1",-0.003563817
"AS_M_1",-0.004020961
"AS_M_1",-0.004284351
"AS_M_1",-0.001734833
"AS_M_1",-0.001717991
"AS_M_1",-0.001445548
"AS_M_1",-0.0008739728
"AS_M_1",-0.0002880998
"AS_M_1",-0.0001433775
"AS_M_1",0.0001830879
"AS_M_1",0.0006213164
"AS_M_1",0.001072056
"AS_M_1",0.001072381
"AS_M_1",0.001077709
"AS_M_1",0.0006538678
"AS_M_1",0.0004213655
"AS_M_1",0.0003072493
"AS_M_1",0.0004970673
"AS_M_1",0.0005466805
"AS_M_1",0.000373645
"AS_M_1",-0.0003899938
"AS_M_1",-0.0004286685
"AS_M_1",-0.0005303959
"AS_M_1",-0.0003297029
"AS_M_1",-0.0003015091
"AS_M_1",4.020619E-05
"AS_M_1",0.001024725
"AS_M_1",0.003745512
"AS_M_1",0.006112306
"AS_M_1",0.004925692
"AS_M_1",0.0006967862
"AS_M_1",-0.0001946453
"AS_M_1",0.0002852968
"AS_M_1",0.002579829
"AS_M_1",0.005323505
"AS_M_1",0.005819374
"AS_M_1",0.005651136
"AS_M_1",0.004622373
"AS_M_1",0.004258762
"AS_M_1",0.003877483
"AS_M_1",0.003440178
"AS_M_1",0.002725761
"AS_M_1",-6.594625E-05
"AS_M_1",-0.001693476
"AS_M_1",-0.003274758
"AS_M_1",-0.00422312
"AS_M_1",-0.0001465236
"AS_M_1",0.001598016
"AS_M_1",0.002232365
"AS_M_1",0.002300319
"AS_M_1",0.001992508
"AS_M_1",0.001266375
"AS_M_1",0.0004695148
"AS_M_1",-0.0005863577
"AS_M_1",-0.002177866
"AS_M_1",-0.002644039
"AS_M_1",-0.002848772
"AS_M_1",-0.002606348
"AS_M_1",-0.002755899
"AS_M_1",-0.003111172
"AS_M_1",-0.003835723
"AS_M_1",-0.004333928
"AS_M_1",-0.004462067
"AS_M_1",-0.004059981
"AS_M_1",-0.003346415
"AS_M_1",-0.001780952
"AS_M_1",0.001004802
"AS_M_1",0.001587568
"AS_M_1",0.002019871
"AS_M_1",0.002394722
"AS_M_1",0.002624569
"AS_M_1",0.002609645
"AS_M_1",0.002465622
"AS_M_1",0.002022406
"AS_M_1",0.001554801
"AS_M_1",0.001012091
"AS_M_2",0.001739173
"AS_M_2",0.001365481
"AS_M_2",0.001201264
"AS_M_2",0.000847305
"AS_M_2",0.0005115463
"AS_M_2",0.000571551
"AS_M_2",0.001170183
"AS_M_2",0.001825552
"AS_M_2",0.002586826
"AS_M_2",0.003000828
"AS_M_2",0.003703951
"AS_M_2",0.004195537
"AS_M_2",0.004796086
"AS_M_2",0.004934746
"AS_M_2",0.004933525
"AS_M_2",0.00486913
"AS_M_2",0.003638538
"AS_M_2",0.002669509
"AS_M_2",0.001300698
"AS_M_2",0.0002611355
"AS_M_2",-0.0003082468
"AS_M_2",-0.0004940424
"AS_M_2",-0.0008932233
"AS_M_2",-0.001440113
"AS_M_2",-0.002341001
"AS_M_2",-0.003182721
"AS_M_2",-0.003461087
"AS_M_2",-0.003387637
"AS_M_2",-0.002448955
"AS_M_2",-0.001469416
"AS_M_2",-0.0009391433
"AS_M_2",-0.001045956
"AS_M_2",-0.001215548
"AS_M_2",-0.001480229
"AS_M_2",-0.001924064
"AS_M_2",-0.001846278
"AS_M_2",-0.001148465
"AS_M_2",-0.0007685514
"AS_M_2",-0.001192602
"AS_M_2",-0.002093473
"AS_M_2",-0.001892706
"AS_M_2",-0.0001298546
"AS_M_2",0.0002699983
"AS_M_2",-0.0004021943
"AS_M_2",-0.001356368
"AS_M_2",-0.0001738415
"AS_M_2",0.00210283
"AS_M_2",0.003794275
"AS_M_2",0.005302074
"AS_M_2",0.004415309
"AS_M_2",0.002282062
"AS_M_2",0.001336568
"AS_M_2",-0.0002318105
"AS_M_2",-0.0008317971
"AS_M_2",-0.001264449
"AS_M_2",-0.001917525
"AS_M_2",-0.00164461
"AS_M_2",-0.001268685
"AS_M_2",-0.001453971
"AS_M_2",-0.001988197
"AS_M_2",-0.002068026
"AS_M_2",-0.001438747
"AS_M_2",-0.0005439892
"AS_M_2",-0.0002929932
"AS_M_2",0.0001269853
"AS_M_2",0.0003017474
"AS_M_2",0.0005276005
"AS_M_2",0.0004808325
"AS_M_2",-0.0005860738
"AS_M_2",-0.0008684441
"AS_M_2",-0.0008569726
"AS_M_2",-0.0002422585
"AS_M_2",0.0006397889
"AS_M_2",0.0002235921
"AS_M_2",-0.0004783415
"AS_M_2",-0.0006079153
"AS_M_2",-0.0003518588
"AS_M_2",-0.0001150018
"AS_M_2",0.0001926227
"AS_M_2",0.0007835448
"AS_M_2",0.001544148
"AS_M_2",0.00199011
"AS_M_2",0.003397579
"AS_M_2",0.003576708
"AS_M_2",0.0030702
"AS_M_2",0.002019516
"AS_M_2",-0.0001605015
"AS_M_2",-0.001174323
"AS_M_2",-0.002251287
"AS_M_2",-0.003225709
"AS_M_2",-0.003756469
"AS_M_2",-0.003508319
"AS_M_2",-0.003268559
"AS_M_2",-0.003345357
"AS_M_2",-0.003346879
"AS_M_2",-0.003113943
"AS_M_2",-0.002676249
"AS_M_2",-0.002136125
"AS_M_2",-0.001393375
"AS_M_2",-0.001445902
"AS_M_2",-0.001342263
"AS_M_2",-0.0008953616
"AS_M_2",-0.0005661133
"AS_M_2",-0.0007903396
"AS_M_2",-0.001274145
"AS_M_2",-0.002640811
"AS_M_2",-0.005195835
"AS_M_2",-0.00410324
"AS_M_2",-0.001663971
"AS_M_2",0.0009630297
"AS_M_2",-0.0001928286
"AS_M_2",-0.001098244
"AS_M_2",-0.0005265528
"AS_M_2",-0.0002627642
"AS_M_2",-0.0002233209
"AS_M_2",1.667941E-06
"AS_M_2",0.0002047885
"AS_M_2",0.0005377547
"AS_M_2",0.0008097138
"AS_M_2",0.001281044
"AS_M_2",0.002128244
"AS_M_2",0.00312658
"AS_M_2",0.002219855
"AS_M_2",0.0004582285
"AS_M_2",-0.001232815
"AS_M_2",-0.002405692
"AS_M_2",-0.002114943
"AS_M_2",-0.001923126
"AS_M_2",-0.001652803
"AS_M_2",-0.001285222
"AS_M_2",-0.0004026343
"AS_M_2",-0.0001352195
"AS_M_2",0.0001924583
"AS_M_2",0.0006390248
"AS_M_2",0.0007540316
"AS_M_2",0.001057636
"AS_M_2",0.001326111
"AS_M_2",0.001281082
"AS_M_2",0.001245767
"AS_M_2",0.001632157
"AS_M_2",0.001506924
"AS_M_2",0.0009199884
"AS_M_2",-0.0008048305
"AS_M_2",-0.001213911
"AS_M_2",-0.001335658
"AS_M_2",-0.001760547
"AS_M_2",-0.001305678
"AS_M_2",-0.001468433
"AS_M_2",-0.002109498
"AS_M_2",-0.002689897
"AS_M_2",-0.003208122
"AS_M_2",-0.002980538
"AS_M_2",-0.002587198
"AS_M_2",-0.00263478
"AS_M_2",-0.002887824
"AS_M_2",-0.001773121
"AS_M_2",-0.001345295
"AS_M_2",-0.001336438
"AS_M_2",-0.001492093
"AS_M_2",-0.001858477
"AS_M_2",-0.001270328
"AS_M_2",-6.140384E-05
"AS_M_2",0.0006489929
"AS_M_2",-0.0002120102
"AS_M_2",-0.0008824294
"AS_M_2",-0.001946306
"AS_M_2",-0.00257872
"AS_M_2",-0.001917405
"AS_M_2",-0.00044623
"AS_M_2",0.0005885343
"AS_M_2",0.001205496
"AS_M_2",0.000919912
"AS_M_2",0.001047138
"AS_M_2",0.001764575
"AS_M_2",0.002333612
"AS_M_2",0.001704112
"AS_M_2",0.001239947
"AS_M_2",0.002330019
"AS_M_2",0.00551752
"AS_M_2",0.00753445
"AS_M_2",0.006583143
"AS_M_2",0.005561259
"AS_M_2",0.00450513
"AS_M_2",0.004099044
"AS_M_2",0.003391905
"AS_M_2",0.002272993
"AS_M_2",0.001132106
"AS_M_2",0.001611813
"AS_M_2",0.001369339
"AS_M_2",0.0007707211
"AS_M_2",-0.000369858
"AS_M_2",-0.001416858
"AS_M_2",-0.001065291
"AS_M_2",-0.000600606
"AS_M_2",-9.333855E-05
"AS_M_2",0.0005118218
"AS_M_2",0.0005803878
"AS_M_2",0.0002545048
"AS_M_2",0.0001602207
"AS_M_2",0.00017679
"AS_M_2",0.000362562
"AS_M_2",2.340507E-05
"AS_M_2",-0.0006339923
"AS_M_2",-0.001468853
"AS_M_2",-0.001504295
"AS_M_2",-0.001701943
"AS_M_2",-0.001882664
"AS_M_2",-0.001374399
"AS_M_2",-0.00095176
"AS_M_2",-0.0005200773
"AS_M_2",-0.0006850275
"AS_M_2",-0.00141954
"AS_M_2",-0.001582464
"AS_M_2",-0.00170538
"AS_M_2",-0.001890062
"AS_M_2",-0.00263874
"AS_M_2",-0.002941163
"AS_M_2",0.003878237
"AS_M_2",0.00329174
"AS_M_2",0.002412509
"AS_M_2",0.001730236
"AS_M_2",0.001173391
"AS_M_2",0.0005077168
"AS_M_2",-0.000595136
"AS_M_2",-0.0008319473
"AS_M_2",-0.0003786532
"AS_M_2",0.0007584197
"AS_M_2",0.00218381
"AS_M_2",0.003187561
"AS_M_2",0.004007106
"AS_M_2",0.004745227
"AS_M_2",0.005482757
"AS_M_2",0.00589202
"AS_M_2",0.00597387
"AS_M_2",0.006117214
"AS_M_2",0.006018351
"AS_M_2",0.005012147
"AS_M_2",0.00400846
"AS_M_2",0.003014413
"AS_M_2",0.0023776
"AS_M_2",0.003053854
"AS_M_2",0.003304956
"AS_M_2",0.003274695
"AS_M_2",0.002920229
"AS_M_2",0.003077476
"AS_M_2",0.004162882
"AS_M_2",0.004827102
"AS_M_2",0.004205629
"AS_M_2",0.002311425
"AS_M_2",0.0006607885
"AS_M_2",0.0001784068
"AS_M_2",-0.0002278195
"AS_M_2",-0.001090095
"AS_M_2",-0.001064829
"AS_M_2",-0.0007454116
"AS_M_2",-1.984643E-05
"AS_M_2",0.0002364628
"AS_M_2",0.0003289645
"AS_M_2",0.0002340129
"AS_M_2",0.0002527396
"AS_M_2",-5.267229E-05
"AS_M_2",-0.0002446405
"AS_M_2",1.308573E-05
"AS_M_2",-7.710073E-05
"AS_M_2",-0.0004653059
"AS_M_2",-0.0005518378
"AS_M_2",0.0003390787
"AS_M_2",0.001369391
"AS_M_2",0.0003765163
"AS_M_2",-0.000453971
"AS_M_2",-0.00141971
"AS_M_2",-0.002304086
"AS_M_2",-0.003391264
"AS_M_2",-0.003648837
"AS_M_2",-0.004154332
"AS_M_2",-0.004486725
"AS_M_2",-0.004235927
"AS_M_2",-0.004618107
"AS_M_2",-0.005005308
"AS_M_2",-0.005180771
"AS_M_2",-0.004068018
"AS_M_2",-0.003618992
"AS_M_2",-0.002956771
"AS_M_2",-0.002791828
"AS_M_2",-0.002348295
"AS_M_2",-0.002313855
"AS_M_2",-0.002627858
"AS_M_2",-0.003009288
"AS_M_2",-0.003361109
"AS_M_2",-0.001940957
"AS_M_2",-0.001912
"AS_M_2",-0.001729845
"AS_M_2",-0.00134844
"AS_M_2",-0.001316736
"AS_M_2",-0.001069849
"AS_M_2",-0.00141923
"AS_M_2",-0.001542564
"AS_M_2",-0.002025488
"AS_M_2",-0.002328748
"AS_M_2",-0.002373178
"AS_M_2",-0.002274181
"AS_M_2",-0.002222784
"AS_M_2",-0.002490208
"AS_M_2",-0.002678303
"AS_M_2",-0.002646381
"AS_M_2",-0.002270543
"AS_M_2",-0.00199861
"AS_M_2",-0.001980518
"AS_M_2",-0.001900118
"AS_M_2",-0.00186541
"AS_M_2",-0.001898053
"AS_M_2",-0.001168837
"AS_M_2",-0.0007824078
"AS_M_2",-0.0006500971
"AS_M_2",-0.0004476666
"AS_M_2",-0.0002962335
"AS_M_2",-0.0004478869
"AS_M_2",-0.0007864389
"AS_M_2",-0.0007944932
"AS_M_2",-0.0005420634
"AS_M_2",-0.0005812614
"AS_M_2",-0.00104701
"AS_M_2",-0.002140548
"AS_M_2",-0.003876732
"AS_M_2",-0.003853357
"AS_M_2",-0.002556156
"AS_M_2",-0.0009846636
"AS_M_2",0.001850349
"AS_M_2",0.002886154
"AS_M_2",0.00424286
"AS_M_2",0.005732623
"AS_M_2",0.007015712
"AS_M_2",0.006973813
"AS_M_2",0.006869793
"AS_M_2",0.006547447
"AS_M_2",0.004955641
"AS_M_2",0.004227162
"AS_M_2",0.002965049
"AS_M_2",0.001511759
"AS_M_2",0.000267274
"AS_M_2",0.001074253
"AS_M_2",0.002805586
"AS_M_2",0.003483198
"AS_M_2",0.0004033233
"AS_M_2",-0.0008504047
"AS_M_2",-0.001485351
"AS_M_2",-0.000511248
"AS_M_2",-0.0001463509
"AS_M_2",-0.0005631971
"AS_M_2",-0.001067287
"AS_M_2",-0.0009258046
"AS_M_2",0.001016629
"AS_M_2",0.001842934
"AS_M_2",0.002510999
"AS_M_2",0.003192743
"AS_M_2",0.004260569
"AS_M_2",0.004182647
"AS_M_2",0.00385854
"AS_M_2",0.003654783
"AS_M_2",0.003600549
"AS_M_2",0.003532175
"AS_M_2",0.003433687
"AS_M_2",-0.00260239
"AS_M_2",-0.002603649
"AS_M_2",-0.00264233
"AS_M_2",-0.002930908
"AS_M_2",-0.003351225
"AS_M_2",-0.003119979
"AS_M_2",-0.0029213
"AS_M_2",-0.002621058
"AS_M_2",-0.002836541
"AS_M_2",-0.003068042
"AS_M_2",-0.003310079
"AS_M_2",-0.00232768
"AS_M_2",-0.0001198183
"AS_M_2",0.001068197
"AS_M_2",0.00203286
"AS_M_2",0.002997273
"AS_M_2",0.003166795
"AS_M_2",0.002637555
"AS_M_2",0.002332275
"AS_M_2",0.002246914
"AS_M_2",0.002079862
"AS_M_2",0.002211872
"AS_M_2",0.002032345
"AS_M_2",0.002264531
"AS_M_2",0.003250283
"AS_M_2",0.003879881
"AS_M_2",0.004855244
"AS_M_2",0.006249793
"AS_M_2",0.008186029
"AS_M_2",0.009770839
"AS_M_2",0.0103872
"AS_M_2",0.01045693
"AS_M_2",0.008889798
"AS_M_2",0.008188203
"AS_M_2",0.007436011
"AS_M_2",0.004884982
"AS_M_2",0.002639567
"AS_M_2",0.0005266693
"AS_M_2",-5.64954E-05
"AS_M_2",0.0009354325
"AS_M_2",0.003469663
"AS_M_2",0.004794472
"AS_M_2",0.006612971
"AS_M_2",0.009844305
"AS_M_2",0.01081105
"AS_M_2",0.01090602
"AS_M_2",0.01074694
"AS_M_2",0.01015923
"AS_M_2",0.00709347
"AS_M_2",0.004792376
"AS_M_2",0.002925815
"AS_M_2",0.0001312346
"AS_M_2",-0.0004824633
"AS_M_2",-0.0009536728
"AS_M_2",-0.001589963
"AS_M_2",-0.002373478
"AS_M_2",-0.002324136
"AS_M_2",-0.001785437
"AS_M_2",-0.001363155
"AS_M_2",-0.00178052
"AS_M_2",-0.002926343
"AS_M_2",-0.004396098
"AS_M_2",-0.00498346
"AS_M_2",-0.004745965
"AS_M_2",-0.004873405
"AS_M_2",-0.005284639
"AS_M_2",-0.005910863
"AS_M_2",-0.007298035
"AS_M_2",-0.007988513
"AS_M_2",-0.008410988
"AS_M_2",-0.008405371
"AS_M_2",-0.007936934
"AS_M_2",-0.007041009
"AS_M_2",-0.0007629462
"AS_M_2",-0.0009602085
"AS_M_2",-0.001368745
"AS_M_2",-0.001528255
"AS_M_2",-0.001906827
"AS_M_2",-0.001837048
"AS_M_2",-0.002345804
"AS_M_2",-0.002297377
"AS_M_2",-0.001991317
"AS_M_2",-0.001867469
"AS_M_2",-0.001936269
"AS_M_2",-0.002017464
"AS_M_2",-0.002166927
"AS_M_2",-0.00226354
"AS_M_2",-0.002022349
"AS_M_2",-0.001913271
"AS_M_2",-0.001271141
"AS_M_2",-0.0007831844
"AS_M_2",-0.0005270689
"AS_M_2",-0.0006009497
"AS_M_2",-0.0009082719
"AS_M_2",-0.001462312
"AS_M_2",-0.002285842
"AS_M_2",-0.002663683
"AS_M_2",-0.002840364
"AS_M_2",-0.003264604
"AS_M_2",-0.002877662
"AS_M_2",-0.002450492
"AS_M_2",-0.001667443
"AS_M_2",-0.0005563461
"AS_M_2",0.0008047829
"AS_M_2",0.002319469
"AS_M_2",0.005088385
"AS_M_2",0.008428045
"AS_M_2",0.01040291
"AS_M_2",0.009591645
"AS_M_2",0.007595261
"AS_M_2",0.005081533
"AS_M_2",-0.0005639434
"AS_M_2",-0.002222318
"AS_M_2",-0.001834787
"AS_M_2",2.888392E-05
"AS_M_2",0.0005863226
"AS_M_2",-0.0007188939
"AS_M_2",-0.004541854
"AS_M_2",-0.006701163
"AS_M_2",-0.007251783
"AS_M_2",-0.00460529
"AS_M_2",-0.0005677425
"AS_M_2",0.0003166081
"AS_M_2",-0.0008327522
"AS_M_2",-0.0009967795
"AS_M_2",-0.0003418982
"AS_M_2",0.001036169
"AS_M_2",0.00133364
"AS_M_2",0.0004738933
"AS_M_2",-0.0007088154
"AS_M_2",-0.001281553
"AS_M_2",-0.001789357
"AS_M_2",-0.002816232
"AS_M_2",-0.004390493
"AS_M_2",-0.00533636
"AS_M_2",-0.007186237
"AS_M_2",-0.007190491
"AS_M_2",-0.006652712
"AS_M_2",-0.005944678
"AS_M_2",-0.004867135
"AS_M_2",-0.003877268
"AS_M_2",-0.00208096
"AS_M_2",-0.001404018
"AS_M_2",-0.0008868536
"AS_M_2",-0.0007090709
"AS_M_2",-6.320525E-05
"AS_M_2",8.904966E-05
"AS_M_2",-0.0002055005
"AS_M_2",-0.0009728403
"AS_M_2",-0.001680322
"AS_M_2",-0.001915206
"AS_M_2",-0.001848613
"AS_M_2",-0.001885362
"AS_M_2",-0.001780069
"AS_M_2",-0.001831185
"AS_M_2",-0.002180919
"AS_M_2",-0.002243193
"AS_M_2",-0.002077748
"AS_M_2",-0.001838092
"AS_M_2",-0.001930262
"AS_M_2",-0.001725527
"AS_M_2",-0.001661906
"AS_M_2",-0.001543452
"AS_M_2",-0.0007716056
"AS_M_2",-0.0006968526
"AS_M_2",-0.0007820936
"AS_M_2",-0.001428228
"AS_M_2",-0.001755956
"AS_M_2",-0.001926815
"AS_M_2",-0.001965249
"AS_M_2",-0.001822259
"AS_M_2",-0.001904079
"AS_M_2",-0.00162771
"AS_M_2",-0.0001887239
"AS_M_2",0.0009839287
"AS_M_2",0.001851121
"AS_M_2",0.002176939
"AS_M_2",0.00346671
"AS_M_2",0.006179194
"AS_M_2",0.008172193
"AS_M_2",0.008390766
"AS_M_2",0.00803335
"AS_M_2",0.007746757
"AS_M_2",0.004886341
"AS_M_2",0.002472317
"AS_M_2",-0.0007070799
"AS_M_2",-0.002880476
"AS_M_2",-0.001865848
"AS_M_2",-0.0003639139
"AS_M_2",-0.0005271824
"AS_M_2",-0.002046252
"AS_M_2",-0.003646045
"AS_M_2",-0.002759486
"AS_M_2",-0.00134519
"AS_M_2",0.0002850886
"AS_M_2",0.00233369
"AS_M_2",0.005000982
"AS_M_2",0.00769772
"AS_M_2",0.01058003
"AS_M_2",0.01207828
"AS_M_2",0.01109889
"AS_M_2",0.009903315
"AS_M_2",0.00752688
"AS_M_2",0.00503816
"AS_M_2",0.00304366
"AS_M_2",0.002508118
"AS_M_2",0.002166502
"AS_M_2",0.001942557
"AS_M_2",0.001682713
"AS_M_2",0.001251362
"AS_M_2",0.0003613497
"AS_M_2",-0.0009192592
"AS_M_2",-0.002005403
"AS_M_2",-0.003194184
"AS_M_2",-0.004159614
"AS_M_2",-0.004030802
"AS_M_2",-0.003887975
"AS_M_2",-0.003667714
"AS_M_2",-0.003904847
"AS_M_2",-0.003272678
"AS_M_2",-0.003915369
"AS_M_2",-0.005412788
"AS_M_2",-0.00661418
"AS_M_2",-0.007866124
"AS_M_2",-0.008615706
"AS_M_2",-0.009206956
"AS_M_2",-0.01016806
"AS_M_2",-0.01032747
"AS_M_2",-0.0102451
"AS_M_2",-0.009039402
"AS_M_2",-0.007655413
"AS_M_2",-0.007211909
"AS_M_2",-0.006457902
"AS_M_2",-0.006164378
"AS_M_2",-0.005653984
"AS_M_2",-0.005412447
"AS_M_2",-0.005437802
"AS_M_2",-0.005561305
"AS_M_2",-0.007010492
"AS_M_2",-0.007895032
"AS_M_2",-0.008815289
"AS_M_2",-0.008913625
"AS_M_2",-0.007989228
"AS_M_2",-0.008984444
"AS_M_2",-0.01123015
"AS_M_2",-0.01224772
"AS_M_2",-0.01415679
"AS_M_2",-0.01450997
"AS_M_2",-0.01327584
"AS_M_2",-0.01007323
"AS_M_2",-0.007433126
"AS_M_2",-0.006598914
"AS_M_2",-0.005244974
"AS_M_2",-0.003992835
"AS_M_2",-0.001244573
"AS_M_2",0.0005642151
"AS_M_2",0.003474774
"AS_M_2",0.005298372
"AS_M_2",0.007566668
"AS_M_2",0.009432275
"AS_M_2",0.01012369
"AS_M_2",0.01078455
"AS_M_2",0.01160647
"AS_M_2",0.01142697
"AS_M_2",0.009725608
"AS_M_2",0.008294363
"AS_M_2",0.006042433
"AS_M_2",0.004900317
"AS_M_2",0.002499991
"AS_M_2",0.001117601
"AS_M_2",-0.0001364788
"AS_M_2",-0.0001351425
"AS_M_2",-1.655309E-06
"AS_M_2",-0.0008923813
"AS_M_2",-0.00187329
"AS_M_2",-0.001701947
"AS_M_2",-0.0007527798
"AS_M_2",-0.0001193398
"AS_M_2",0.0006357117
"AS_M_2",0.001483184
"AS_M_2",0.002481014
"AS_M_2",0.003586349
"AS_M_2",0.00551485
"AS_M_2",0.006181641
"AS_M_2",0.006675913
"AS_M_2",0.006902114
"AS_M_2",0.007248714
"AS_M_2",0.007198497
"AS_M_2",0.006955206
"AS_M_2",0.006332635
"AS_M_2",0.004519689
"AS_M_2",0.003184375
"AS_M_2",0.0022144
"AS_M_2",0.00209209
"AS_M_2",-0.0006614778
"AS_M_2",-0.001048032
"AS_M_2",-0.001645599
"AS_M_2",-0.002014147
"AS_M_2",-0.002050471
"AS_M_2",-0.002347377
"AS_M_2",-0.002228392
"AS_M_2",-0.002228475
"AS_M_2",-0.001918344
"AS_M_2",-0.00127009
"AS_M_2",-0.001181169
"AS_M_2",-0.000956644
"AS_M_2",-0.00117679
"AS_M_2",-0.001612785
"AS_M_2",-0.001994539
"AS_M_2",-0.001822399
"AS_M_2",-0.001070125
"AS_M_2",0.0009476638
"AS_M_2",0.003947863
"AS_M_2",0.007096038
"AS_M_2",0.009217957
"AS_M_2",0.00897832
"AS_M_2",0.008132957
"AS_M_2",0.006891107
"AS_M_2",0.005643967
"AS_M_2",0.004393472
"AS_M_2",0.003321381
"AS_M_2",0.001361633
"AS_M_2",5.771582E-05
"AS_M_2",-0.0007269209
"AS_M_2",-0.001300895
"AS_M_2",-0.002408572
"AS_M_2",-0.004224389
"AS_M_2",-0.005610457
"AS_M_2",-0.005467486
"AS_M_2",-0.004240872
"AS_M_2",-0.002932345
"AS_M_2",0.0001725815
"AS_M_2",0.001475347
"AS_M_2",0.0008113205
"AS_M_2",-0.00108061
"AS_M_2",-0.002847206
"AS_M_2",-0.003106449
"AS_M_2",-0.003341139
"AS_M_2",-0.00356692
"AS_M_2",-0.002608408
"AS_M_2",-0.001154864
"AS_M_2",2.399506E-05
"AS_M_2",0.0001413403
"AS_M_2",-0.0007018955
"AS_M_2",-0.001175846
"AS_M_2",-0.001920489
"AS_M_2",-0.001965244
"AS_M_2",-0.0006010252
"AS_M_2",-0.0006239848
"AS_M_2",-0.001631871
"AS_M_2",-0.002109621
"AS_M_2",-0.001709168
"AS_M_2",-0.001186844
"AS_M_2",-0.001432883
"AS_M_2",-0.00175948
"AS_M_2",-0.002599168
"AS_M_2",-0.002923379
"AS_M_2",-0.003030439
"AS_M_2",-0.003375082
"AS_M_2",-0.004464008
"AS_M_2",-0.004892739
"AS_M_2",-0.005372047
"AS_M_2",-0.005281558
"AS_M_2",-0.004022082
"AS_M_2",-0.003445696
"AS_M_2",-0.003275846
"AS_M_2",-0.003745845
"AS_M_2",-0.001024504
"AS_M_2",-0.001303495
"AS_M_2",-0.001287185
"AS_M_2",-0.0009831998
"AS_M_2",-0.0005641539
"AS_M_2",-0.0001016783
"AS_M_2",0.0005036244
"AS_M_2",0.0005185393
"AS_M_2",0.0006914228
"AS_M_2",0.0004180356
"AS_M_2",-0.0001454805
"AS_M_2",-0.000414778
"AS_M_2",-0.0006158779
"AS_M_2",-0.0004932015
"AS_M_2",0.000214595
"AS_M_2",0.0002331936
"AS_M_2",0.0001569969
"AS_M_2",-5.727634E-05
"AS_M_2",-0.0008290742
"AS_M_2",-0.001246261
"AS_M_2",-0.001485501
"AS_M_2",-0.001463623
"AS_M_2",-0.001641819
"AS_M_2",-0.001689187
"AS_M_2",-0.001513229
"AS_M_2",-0.0004442708
"AS_M_2",0.0009889728
"AS_M_2",0.00132757
"AS_M_2",0.0009404174
"AS_M_2",0.001463021
"AS_M_2",0.002406642
"AS_M_2",0.00327454
"AS_M_2",0.00405272
"AS_M_2",0.004442711
"AS_M_2",0.003665132
"AS_M_2",0.003103296
"AS_M_2",0.002701079
"AS_M_2",0.001310286
"AS_M_2",-0.001511823
"AS_M_2",-0.00265151
"AS_M_2",-0.003254813
"AS_M_2",-0.002032232
"AS_M_2",-0.0004227522
"AS_M_2",-0.0005894721
"AS_M_2",-0.001599187
"AS_M_2",-0.003459965
"AS_M_2",-0.003453171
"AS_M_2",-0.002757409
"AS_M_2",-0.001423315
"AS_M_2",-0.000556374
"AS_M_2",-0.0001112936
"AS_M_2",0.0002892357
"AS_M_2",0.0005653449
"AS_M_2",0.001130877
"AS_M_2",0.0008689334
"AS_M_2",0.0002951906
"AS_M_2",0.0001819928
"AS_M_2",0.0008212135
"AS_M_2",0.0003797847
"AS_M_2",-0.00043333
"AS_M_2",-0.00117768
"AS_M_2",-0.002039348
"AS_M_2",-0.002269552
"AS_M_2",-0.00229346
"AS_M_2",-0.002642199
"AS_M_2",-0.003215117
"AS_M_2",-0.003354566
"AS_M_2",-0.003207145
"AS_M_2",-0.003000202
"AS_M_2",-0.002604987
"AS_M_2",-0.002231523
"AS_M_2",-0.00232225
"AS_M_2",-0.002300561
"AS_M_2",0.0006737855
"AS_M_2",0.0004940935
"AS_M_2",0.0003443391
"AS_M_2",0.0001042777
"AS_M_2",0.0001171773
"AS_M_2",-0.0001142152
"AS_M_2",-0.0001869249
"AS_M_2",-0.000148564
"AS_M_2",0.0001141781
"AS_M_2",0.0004848998
"AS_M_2",0.0006889408
"AS_M_2",0.001357667
"AS_M_2",0.001550987
"AS_M_2",0.001812701
"AS_M_2",0.002001953
"AS_M_2",0.002054038
"AS_M_2",0.001919563
"AS_M_2",0.001442547
"AS_M_2",0.0008620803
"AS_M_2",0.0004278421
"AS_M_2",3.821343E-05
"AS_M_2",-0.0002022269
"AS_M_2",-0.0004839975
"AS_M_2",-0.0009747579
"AS_M_2",-0.001631353
"AS_M_2",-0.002142535
"AS_M_2",-0.003090988
"AS_M_2",-0.003501657
"AS_M_2",-0.003340357
"AS_M_2",-0.003082627
"AS_M_2",-0.002559776
"AS_M_2",-0.001741724
"AS_M_2",-0.001246042
"AS_M_2",-0.0007913696
"AS_M_2",0.0008537574
"AS_M_2",0.00211416
"AS_M_2",0.002582689
"AS_M_2",0.001959851
"AS_M_2",0.00172082
"AS_M_2",0.003670569
"AS_M_2",0.005375305
"AS_M_2",0.007381449
"AS_M_2",0.008162642
"AS_M_2",0.005956279
"AS_M_2",0.00549306
"AS_M_2",0.005260268
"AS_M_2",0.005880104
"AS_M_2",0.004874881
"AS_M_2",0.003781975
"AS_M_2",0.00198929
"AS_M_2",-0.0005311151
"AS_M_2",-0.002146326
"AS_M_2",-0.003229342
"AS_M_2",-0.004132139
"AS_M_2",-0.004487393
"AS_M_2",-0.00387336
"AS_M_2",-0.003850438
"AS_M_2",-0.003913941
"AS_M_2",-0.003545926
"AS_M_2",-0.002475532
"AS_M_2",-0.00117062
"AS_M_2",-0.0006394559
"AS_M_2",-0.0003426158
"AS_M_2",-0.0001578606
"AS_M_2",0.0001104953
"AS_M_2",0.0002495491
"AS_M_2",0.0006964258
"AS_M_2",0.001292589
"AS_M_2",0.001349253
"AS_M_2",0.001194641
"AS_M_2",0.0008192018
"AS_M_2",0.000586861
"ME_F_1",0.003220183
"ME_F_1",0.003205664
"ME_F_1",0.002870932
"ME_F_1",0.002558542
"ME_F_1",0.002752951
"ME_F_1",0.002993868
"ME_F_1",0.001530365
"ME_F_1",0.0002607872
"ME_F_1",-0.001392969
"ME_F_1",-0.001896014
"ME_F_1",-0.001578004
"ME_F_1",-0.001265067
"ME_F_1",-0.001391827
"ME_F_1",-0.0003765477
"ME_F_1",0.0007156346
"ME_F_1",0.0002153545
"ME_F_1",-9.544485E-06
"ME_F_1",0.0002297124
"ME_F_1",0.001903217
"ME_F_1",0.006151069
"ME_F_1",0.00958029
"ME_F_1",0.00940625
"ME_F_1",0.006431312
"ME_F_1",0.005549118
"ME_F_1",0.005411615
"ME_F_1",0.006345642
"ME_F_1",0.007217105
"ME_F_1",0.005544376
"ME_F_1",0.002489096
"ME_F_1",0.002050766
"ME_F_1",0.001654132
"ME_F_1",0.0009361738
"ME_F_1",0.0005215841
"ME_F_1",0.001002671
"ME_F_1",0.001857596
"ME_F_1",0.00193172
"ME_F_1",0.001870489
"ME_F_1",0.001691833
"ME_F_1",0.002031601
"ME_F_1",0.002794458
"ME_F_1",0.003522414
"ME_F_1",0.003660002
"ME_F_1",0.002521525
"ME_F_1",0.001314659
"ME_F_1",0.0008325133
"ME_F_1",0.0007980417
"ME_F_1",0.001533111
"ME_F_1",0.002498107
"ME_F_1",0.003175408
"ME_F_1",0.00266756
"ME_F_1",0.000347594
"ME_F_1",0.0001102115
"ME_F_1",0.0001409524
"ME_F_1",0.0006385528
"ME_F_1",0.0009901295
"ME_F_1",0.0005841568
"ME_F_1",0.0001384018
"ME_F_1",-0.0006193362
"ME_F_1",-0.001988586
"ME_F_1",-0.002656647
"ME_F_1",-0.002879041
"ME_F_1",-0.003208934
"ME_F_1",-0.003985884
"ME_F_1",-0.004059966
"ME_F_1",-0.004100113
"ME_F_1",-0.004083188
"ME_F_1",-0.003737699
"ME_F_1",-0.003332342
"ME_F_1",-0.002322538
"ME_F_1",-0.002026183
"ME_F_1",-0.001175141
"ME_F_1",-0.0008676469
"ME_F_1",-0.0009380842
"ME_F_1",4.130963E-05
"ME_F_1",-5.740835E-05
"ME_F_1",0.001688334
"ME_F_1",0.002535876
"ME_F_1",0.003081506
"ME_F_1",0.003569223
"ME_F_1",0.004557122
"ME_F_1",0.005709056
"ME_F_1",0.006538389
"ME_F_1",0.006534849
"ME_F_1",0.008580673
"ME_F_1",0.00851043
"ME_F_1",0.007647017
"ME_F_1",0.006247832
"ME_F_1",0.006561629
"ME_F_1",0.006332835
"ME_F_1",0.005941438
"ME_F_1",0.00576439
"ME_F_1",0.005145728
"ME_F_1",0.003942731
"ME_F_1",0.002199633
"ME_F_1",0.001717617
"ME_F_1",0.0007581646
"ME_F_1",0.0003586462
"ME_F_1",-4.608986E-05
"ME_F_1",-0.000395961
"ME_F_1",-0.0009072829
"ME_F_1",-0.00136904
"ME_F_1",-0.001666716
"ME_F_1",-0.001299962
"ME_F_1",-0.0006295129
"ME_F_1",-0.0001708698
"ME_F_1",0.001569945
"ME_F_1",0.002858729
"ME_F_1",0.004690007
"ME_F_1",0.003627325
"ME_F_1",0.002404868
"ME_F_1",0.0008441456
"ME_F_1",-0.000345664
"ME_F_1",-0.001261061
"ME_F_1",-0.001149434
"ME_F_1",-0.0003126401
"ME_F_1",0.0007471609
"ME_F_1",-0.000120455
"ME_F_1",-0.0007388024
"ME_F_1",-0.001369967
"ME_F_1",-0.0005596607
"ME_F_1",0.0008235784
"ME_F_1",0.001899768
"ME_F_1",0.002803501
"ME_F_1",0.002639259
"ME_F_1",0.002593327
"ME_F_1",0.002897324
"ME_F_1",0.003582647
"ME_F_1",0.003962086
"ME_F_1",0.003215111
"ME_F_1",0.002136132
"ME_F_1",0.000734304
"ME_F_1",-0.0002789236
"ME_F_1",-3.068222E-05
"ME_F_1",0.0005095826
"ME_F_1",0.0007798661
"ME_F_1",0.0009120246
"ME_F_1",0.0005380661
"ME_F_1",2.862315E-05
"ME_F_1",-0.0006185495
"ME_F_1",-0.001136623
"ME_F_1",-0.001086833
"ME_F_1",-0.0007313614
"ME_F_1",-0.0006490541
"ME_F_1",-0.0008335918
"ME_F_1",-0.001237887
"ME_F_1",-0.001770312
"ME_F_1",0.00122398
"ME_F_1",0.0007857711
"ME_F_1",-1.575914E-05
"ME_F_1",-0.001607292
"ME_F_1",-0.001989915
"ME_F_1",-0.002355042
"ME_F_1",-0.00246784
"ME_F_1",-0.001606051
"ME_F_1",-0.001608838
"ME_F_1",-0.001699786
"ME_F_1",-0.001665713
"ME_F_1",-0.001382171
"ME_F_1",-0.001344268
"ME_F_1",-0.001016265
"ME_F_1",0.0005874285
"ME_F_1",0.003665805
"ME_F_1",0.00312531
"ME_F_1",0.001385818
"ME_F_1",-0.0002148158
"ME_F_1",0.003313195
"ME_F_1",0.005876983
"ME_F_1",0.007578443
"ME_F_1",0.007201252
"ME_F_1",0.003097292
"ME_F_1",0.002838921
"ME_F_1",0.003757115
"ME_F_1",0.003968001
"ME_F_1",0.00105824
"ME_F_1",-0.0005076044
"ME_F_1",-0.001608249
"ME_F_1",-0.001875193
"ME_F_1",-0.003969827
"ME_F_1",-0.005788301
"ME_F_1",-0.00734511
"ME_F_1",-0.007513045
"ME_F_1",-0.006002844
"ME_F_1",-0.005312546
"ME_F_1",-0.005348178
"ME_F_1",-0.005155036
"ME_F_1",-0.005095924
"ME_F_1",-0.004765212
"ME_F_1",-0.004137899
"ME_F_1",-0.00258535
"ME_F_1",-0.00103733
"ME_F_1",-0.001230218
"ME_F_1",-0.001500828
"ME_F_1",-0.001143203
"ME_F_1",-0.000534086
"ME_F_1",-0.0005156344
"ME_F_1",-0.0006696676
"ME_F_1",-0.0009335544
"ME_F_1",0.0003663696
"ME_F_1",0.001246421
"ME_F_1",0.0020425
"ME_F_1",0.003236949
"ME_F_1",0.00314896
"ME_F_1",0.00240873
"ME_F_1",0.002282376
"ME_F_1",0.002964839
"ME_F_1",0.003782942
"ME_F_1",0.0030773
"ME_F_1",0.001980611
"ME_F_1",0.0005386487
"ME_F_1",-0.0001937072
"ME_F_1",-0.0007387163
"ME_F_1",-0.001107452
"ME_F_1",-0.001509177
"ME_F_1",-0.002086831
"ME_F_1",-0.002667378
"ME_F_1",-0.002904227
"ME_F_1",-0.00299086
"ME_F_1",-0.001413551
"ME_F_1",-0.0003640844
"ME_F_1",-0.001240958
"ME_F_1",-0.001456331
"ME_F_1",-0.001701751
"ME_F_1",-0.002126359
"ME_F_1",-0.00207977
"ME_F_1",-0.002050087
"ME_F_1",-0.001797821
"ME_F_1",-0.001342605
"ME_F_1",-0.0008634577
"ME_F_1",-3.347116E-05
"ME_F_1",0.000687358
"ME_F_1",0.001422616
"ME_F_1",0.001967817
"ME_F_1",0.003602396
"ME_F_1",0.004384539
"ME_F_1",0.004521769
"ME_F_1",0.004804273
"ME_F_1",0.00447005
"ME_F_1",0.004178879
"ME_F_1",0.003829613
"ME_F_1",0.004428787
"ME_F_1",0.004653907
"ME_F_1",0.004402782
"ME_F_1",0.004179507
"ME_F_1",0.003743898
"ME_F_1",0.003359225
"ME_F_1",0.003075477
"ME_F_1",0.002227121
"ME_F_1",0.001657444
"ME_F_1",0.001422307
"ME_F_1",0.002049371
"ME_F_1",0.002292145
"ME_F_1",0.003134528
"ME_F_1",0.004755525
"ME_F_1",0.005588661
"ME_F_1",0.005506011
"ME_F_1",0.004758688
"ME_F_1",0.003780674
"ME_F_1",0.003291377
"ME_F_1",0.002679875
"ME_F_1",0.00249331
"ME_F_1",0.001610888
"ME_F_1",0.0008211494
"ME_F_1",0.0003186338
"ME_F_1",-0.0008710768
"ME_F_1",-0.002142967
"ME_F_1",-0.003146361
"ME_F_1",-0.00415652
"ME_F_1",-0.004322592
"ME_F_1",-0.0035475
"ME_F_1",-0.003878202
"ME_F_1",-0.003686552
"ME_F_1",-0.002031158
"ME_F_1",-3.667548E-06
"ME_F_1",8.522037E-05
"ME_F_1",-0.0004450544
"ME_F_1",-0.000622225
"ME_F_1",0.0001137123
"ME_F_1",0.0004540044
"ME_F_1",0.0008097115
"ME_F_1",0.001805548
"ME_F_1",0.003946098
"ME_F_1",0.003963366
"ME_F_1",0.002416648
"ME_F_1",0.000572339
"ME_F_1",0.0004997089
"ME_F_1",0.0009943641
"ME_F_1",0.001028313
"ME_F_1",0.0004517716
"ME_F_1",-0.000804002
"ME_F_1",-0.002298662
"ME_F_1",-0.002615
"ME_F_1",-0.001737306
"ME_F_1",-0.0002315594
"ME_F_1",0.0005546495
"ME_F_1",0.001270807
"ME_F_1",0.001467605
"ME_F_1",0.001686364
"ME_F_1",0.002899367
"ME_F_1",0.004019598
"ME_F_1",0.005338353
"ME_F_1",0.007271193
"ME_F_1",0.008334839
"ME_F_1",0.00850204
"ME_F_1",0.007268592
"ME_F_1",0.00810303
"ME_F_1",0.007943962
"ME_F_1",0.007891098
"ME_F_1",0.006559608
"ME_F_1",0.006271515
"ME_F_1",0.005513303
"ME_F_1",0.005301308
"ME_F_1",0.004506578
"ME_F_1",0.003858437
"ME_F_1",0.002713804
"ME_F_1",0.002179648
"ME_F_1",0.001661112
"ME_F_1",0.000695921
"ME_F_1",0.0004936359
"ME_F_1",0.0001072296
"ME_F_1",-0.0008049743
"ME_F_1",-0.0009933569
"ME_F_1",-0.0009548934
"ME_F_1",-0.0009759955
"ME_F_1",-0.001364107
"ME_F_1",-0.002450564
"ME_F_1",-0.00338555
"ME_F_1",-0.002993942
"ME_F_1",-0.0007551096
"ME_F_1",0.0004746593
"ME_F_1",0.002428152
"ME_F_1",0.002052375
"ME_F_1",0.0006643852
"ME_F_1",-0.0009289506
"ME_F_1",-0.001446949
"ME_F_1",-0.001524361
"ME_F_1",-0.001463742
"ME_F_1",-0.001440095
"ME_F_1",-0.001002569
"ME_F_1",-0.001094901
"ME_F_1",-0.0009547265
"ME_F_1",-0.001057152
"ME_F_1",-0.001318396
"ME_F_1",-0.00147694
"ME_F_1",-0.001547775
"ME_F_1",-0.001695215
"ME_F_1",-0.001603491
"ME_F_1",-0.001005494
"ME_F_1",-0.001028079
"ME_F_1",-0.001814536
"ME_F_1",-0.002434911
"ME_F_1",-0.002411643
"ME_F_1",-0.002624875
"ME_F_1",-0.00254407
"ME_F_1",-0.002392599
"ME_F_1",-0.002187332
"ME_F_1",-0.002205838
"ME_F_1",-0.001894147
"ME_F_1",-0.001137867
"ME_F_1",-0.0009574191
"ME_F_1",-0.001010795
"ME_F_1",-0.001044736
"ME_F_1",-0.001543877
"ME_F_1",-0.002502218
"ME_F_1",-0.004041589
"ME_F_1",1.729434E-05
"ME_F_1",0.0003237347
"ME_F_1",0.0005285577
"ME_F_1",0.0014496
"ME_F_1",0.001545228
"ME_F_1",0.001439279
"ME_F_1",0.001277952
"ME_F_1",0.0008545998
"ME_F_1",0.0007201794
"ME_F_1",0.0006421108
"ME_F_1",0.0005231879
"ME_F_1",0.0004549958
"ME_F_1",0.0003402012
"ME_F_1",0.0001731284
"ME_F_1",-0.0002281114
"ME_F_1",-0.0007011486
"ME_F_1",-0.001172459
"ME_F_1",-0.001353093
"ME_F_1",-0.001804421
"ME_F_1",-0.002926481
"ME_F_1",-0.003377219
"ME_F_1",-0.00428829
"ME_F_1",-0.004518627
"ME_F_1",-0.003509897
"ME_F_1",-0.001458901
"ME_F_1",0.0001162388
"ME_F_1",0.0009403694
"ME_F_1",0.002593122
"ME_F_1",0.003527923
"ME_F_1",0.004728323
"ME_F_1",0.00545285
"ME_F_1",0.006489641
"ME_F_1",0.006979396
"ME_F_1",0.007080093
"ME_F_1",0.007010814
"ME_F_1",0.006773215
"ME_F_1",0.006056348
"ME_F_1",0.004042082
"ME_F_1",0.0008576459
"ME_F_1",-0.001835979
"ME_F_1",-0.003291994
"ME_F_1",-0.003186342
"ME_F_1",-0.002343587
"ME_F_1",-0.0004961865
"ME_F_1",0.0003246588
"ME_F_1",0.0008995073
"ME_F_1",0.001627389
"ME_F_1",0.00329903
"ME_F_1",0.004475412
"ME_F_1",0.005103274
"ME_F_1",0.005338154
"ME_F_1",0.003405437
"ME_F_1",0.002299229
"ME_F_1",0.001322835
"ME_F_1",-0.0001617825
"ME_F_1",-0.002390901
"ME_F_1",-0.003466378
"ME_F_1",-0.003435838
"ME_F_1",-0.0026352
"ME_F_1",-0.002500991
"ME_F_1",-0.002755019
"ME_F_1",-0.002734039
"ME_F_1",-0.00284092
"ME_F_1",-0.002101483
"ME_F_1",-0.0009946709
"ME_F_1",-0.0002613877
"ME_F_1",0.0003169428
"ME_F_1",-7.306616E-05
"ME_F_1",-0.0008749969
"ME_F_1",-0.001831293
"ME_F_1",-0.003018951
"ME_F_1",-0.003120702
"ME_F_1",-0.003573816
"ME_F_1",0.006064121
"ME_F_1",0.00596942
"ME_F_1",0.005831312
"ME_F_1",0.005732725
"ME_F_1",0.006071165
"ME_F_1",0.005814122
"ME_F_1",0.005054769
"ME_F_1",0.00448111
"ME_F_1",0.003622606
"ME_F_1",0.002540381
"ME_F_1",0.001270302
"ME_F_1",0.0009236271
"ME_F_1",0.0009346502
"ME_F_1",0.00110388
"ME_F_1",0.001974121
"ME_F_1",0.002080338
"ME_F_1",0.00200624
"ME_F_1",0.002383581
"ME_F_1",0.003504705
"ME_F_1",0.004984294
"ME_F_1",0.005635283
"ME_F_1",0.006273207
"ME_F_1",0.006039406
"ME_F_1",0.005425622
"ME_F_1",0.003656412
"ME_F_1",0.002275332
"ME_F_1",-0.001555073
"ME_F_1",-0.002617776
"ME_F_1",-0.002947667
"ME_F_1",-0.002637587
"ME_F_1",-0.0009684133
"ME_F_1",0.0003072771
"ME_F_1",-9.739661E-05
"ME_F_1",-0.001107247
"ME_F_1",-0.001377513
"ME_F_1",-0.0006322918
"ME_F_1",0.0006535683
"ME_F_1",0.002038718
"ME_F_1",0.001024847
"ME_F_1",-0.0008526777
"ME_F_1",-0.00350613
"ME_F_1",-0.00354881
"ME_F_1",-0.00164459
"ME_F_1",-0.001128997
"ME_F_1",-0.001057268
"ME_F_1",-0.001225195
"ME_F_1",-0.001406956
"ME_F_1",-0.000970122
"ME_F_1",0.0006812197
"ME_F_1",0.002479653
"ME_F_1",0.00506801
"ME_F_1",0.005691721
"ME_F_1",0.005628871
"ME_F_1",0.004807902
"ME_F_1",0.002984139
"ME_F_1",0.002444857
"ME_F_1",0.001971934
"ME_F_1",0.00167341
"ME_F_1",0.0007298677
"ME_F_1",6.318453E-05
"ME_F_1",-0.0008454829
"ME_F_1",-0.001554456
"ME_F_1",-0.00201887
"ME_F_1",-0.00192787
"ME_F_1",-0.002468694
"ME_F_1",-0.003419435
"ME_F_1",-0.004132674
"ME_F_1",-0.004175903
"ME_F_1",-0.004156947
"ME_F_1",-0.004173082
"ME_F_1",-0.00417266
"ME_F_1",-0.004080396
"ME_F_1",-0.003646139
"ME_F_1",0.002372317
"ME_F_1",0.001918603
"ME_F_1",0.001557306
"ME_F_1",0.001333553
"ME_F_1",0.000825674
"ME_F_1",-0.0008449959
"ME_F_1",-0.001493193
"ME_F_1",-0.00228036
"ME_F_1",-0.002706034
"ME_F_1",-0.001591839
"ME_F_1",-0.001020864
"ME_F_1",-0.0001745698
"ME_F_1",0.000315168
"ME_F_1",-0.0003349734
"ME_F_1",-0.001302854
"ME_F_1",-0.001829186
"ME_F_1",-0.001641606
"ME_F_1",-0.0001805413
"ME_F_1",5.524728E-05
"ME_F_1",-0.0002645855
"ME_F_1",-0.0009910128
"ME_F_1",-0.0006870285
"ME_F_1",-0.0004876335
"ME_F_1",-0.0001896085
"ME_F_1",-0.0005322093
"ME_F_1",-0.0002447995
"ME_F_1",-0.0001904431
"ME_F_1",-0.0002259571
"ME_F_1",-0.000309398
"ME_F_1",0.000324943
"ME_F_1",0.0003768773
"ME_F_1",0.0003429447
"ME_F_1",0.0001492752
"ME_F_1",0.0002492542
"ME_F_1",7.479909E-05
"ME_F_1",0.0001288509
"ME_F_1",-0.0001821229
"ME_F_1",-0.0002670761
"ME_F_1",-0.000461219
"ME_F_1",-0.0007903767
"ME_F_1",-0.001177547
"ME_F_1",-0.000429623
"ME_F_1",-0.0001896561
"ME_F_1",3.829109E-05
"ME_F_1",-0.0008061998
"ME_F_1",-0.002369405
"ME_F_1",-0.002689153
"ME_F_1",-0.00295626
"ME_F_1",-0.002470228
"ME_F_1",-0.001618256
"ME_F_1",-0.001324789
"ME_F_1",-0.00103373
"ME_F_1",-0.001754719
"ME_F_1",-0.003326759
"ME_F_1",-0.004108926
"ME_F_1",-0.005101458
"ME_F_1",-0.00628622
"ME_F_1",-0.005996383
"ME_F_1",-0.005531022
"ME_F_1",-0.005014753
"ME_F_1",-0.004451823
"ME_F_1",-0.003839676
"ME_F_1",-0.003485745
"ME_F_1",-0.003231107
"ME_F_1",-0.002804243
"ME_F_1",-0.00167606
"ME_F_1",-0.001360624
"ME_F_1",-0.0005415278
"ME_F_1",0.0008355518
"ME_F_1",0.001126685
"ME_F_1",0.001379612
"ME_F_1",0.001604174
"ME_F_1",0.001843353
"ME_F_1",0.0007226097
"ME_F_1",0.001266257
"ME_F_1",0.001915992
"ME_F_1",0.002628126
"ME_F_1",0.003273858
"ME_F_1",0.003705991
"ME_F_1",0.00460269
"ME_F_1",0.004405261
"ME_F_1",0.003662104
"ME_F_1",0.003339636
"ME_F_1",0.003764422
"ME_F_1",0.004396723
"ME_F_1",0.004824447
"ME_F_1",0.004901398
"ME_F_1",0.004878746
"ME_F_1",0.004133332
"ME_F_1",0.003315194
"ME_F_1",0.002997627
"ME_F_1",0.00240488
"ME_F_1",0.001878873
"ME_F_1",0.001578816
"ME_F_1",0.001516545
"ME_F_1",0.001011845
"ME_F_1",-0.0008714162
"ME_F_1",-0.001681558
"ME_F_1",-0.002626998
"ME_F_1",-0.004020602
"ME_F_1",-0.004573903
"ME_F_1",-0.004665316
"ME_F_1",-0.004909603
"ME_F_1",-0.004646087
"ME_F_1",-0.002941007
"ME_F_1",-0.001534791
"ME_F_1",-0.0007884564
"ME_F_1",-0.0008121593
"ME_F_1",-0.001324948
"ME_F_1",-0.001203685
"ME_F_1",-0.001405893
"ME_F_1",-0.002477384
"ME_F_1",-0.00306257
"ME_F_1",-0.003670088
"ME_F_1",-0.00372091
"ME_F_1",-0.003461774
"ME_F_1",-0.002681583
"ME_F_1",-0.001932825
"ME_F_1",-0.001174811
"ME_F_1",-0.0001474965
"ME_F_1",0.0003512319
"ME_F_1",6.201662E-05
"ME_F_1",-0.0004916124
"ME_F_1",-0.0008339271
"ME_F_1",-0.001254112
"ME_F_1",-0.001934127
"ME_F_1",-0.002705862
"ME_F_1",-0.003605403
"ME_F_1",-0.004157556
"ME_F_1",-0.003766926
"ME_F_1",-0.003677725
"ME_F_1",-0.002960324
"ME_F_1",-0.001892131
"ME_F_1",-0.001471028
"ME_F_1",-0.001225817
"ME_F_1",-0.001677304
"ME_F_1",-0.002413698
"ME_F_1",-0.003159847
"ME_F_1",-0.004436744
"ME_F_1",-0.00617167
"ME_F_1",-0.007167815
"ME_F_1",-0.006715126
"ME_F_1",-0.006044813
"ME_F_1",-0.004302957
"ME_F_1",-0.002704588
"ME_F_1",-0.002079006
"ME_F_1",0.0003628065
"ME_F_1",-0.0001820275
"ME_F_1",-0.0005007447
"ME_F_1",-0.0005775935
"ME_F_1",-0.001205103
"ME_F_1",-0.001736136
"ME_F_1",-0.002059704
"ME_F_1",-0.002171849
"ME_F_1",-0.001313644
"ME_F_1",-0.001164312
"ME_F_1",-0.0009512713
"ME_F_1",-0.0002824184
"ME_F_1",0.0009410036
"ME_F_1",0.001323072
"ME_F_1",0.001636981
"ME_F_1",0.002144951
"ME_F_1",0.004123021
"ME_F_1",0.005894721
"ME_F_1",0.00986998
"ME_F_1",0.01205878
"ME_F_1",0.01423937
"ME_F_1",0.01546261
"ME_F_1",0.01691386
"ME_F_1",0.01794329
"ME_F_1",0.01852427
"ME_F_1",0.0173087
"ME_F_1",0.01466293
"ME_F_1",0.0129445
"ME_F_1",0.01132725
"ME_F_1",0.01010283
"ME_F_1",0.007531119
"ME_F_1",0.006048867
"ME_F_1",0.002824106
"ME_F_1",0.0002364298
"ME_F_1",-0.003037313
"ME_F_1",-0.004431552
"ME_F_1",-0.004943864
"ME_F_1",-0.003747152
"ME_F_1",-0.002696574
"ME_F_1",-0.003374576
"ME_F_1",-0.005293011
"ME_F_1",-0.005068258
"ME_F_1",-0.003519893
"ME_F_1",-0.001932693
"ME_F_1",9.254913E-05
"ME_F_1",0.001490954
"ME_F_1",0.001805766
"ME_F_1",0.001516933
"ME_F_1",0.001055593
"ME_F_1",0.001924835
"ME_F_1",0.002428543
"ME_F_1",0.002642195
"ME_F_1",0.002568323
"ME_F_1",0.002316086
"ME_F_1",0.0007559279
"ME_F_1",-0.0007514135
"ME_F_1",-0.00104531
"ME_F_1",-9.666529E-05
"ME_F_1",0.0004882799
"ME_F_1",-0.0002013709
"ME_F_1",-0.001273116
"ME_F_1",-0.0004282237
"ME_F_1",0.001352465
"ME_F_1",0.002250745
"ME_F_1",0.00377876
"ME_F_1",0.0043505
"ME_F_1",0.004811569
"ME_F_1",0.004961427
"ME_F_1",0.005008532
"ME_F_1",0.005401137
"ME_F_1",0.005483894
"ME_F_1",0.00534153
"ME_F_1",0.005981363
"ME_F_1",-0.0006819044
"ME_F_1",-0.0002868469
"ME_F_1",0.0003054487
"ME_F_1",-0.0001327593
"ME_F_1",-0.0003923899
"ME_F_1",-0.0009179836
"ME_F_1",-0.001476692
"ME_F_1",-0.002341316
"ME_F_1",-0.002623443
"ME_F_1",-0.002923674
"ME_F_1",-0.003117608
"ME_F_1",-0.003101915
"ME_F_1",-0.003166784
"ME_F_1",-0.002863949
"ME_F_1",-0.00271275
"ME_F_1",-0.001383943
"ME_F_1",-0.0006652948
"ME_F_1",-9.353098E-06
"ME_F_1",0.001065191
"ME_F_1",0.001873676
"ME_F_1",0.001657359
"ME_F_1",0.001197751
"ME_F_1",0.0007857815
"ME_F_1",0.001310526
"ME_F_1",0.00210955
"ME_F_1",0.00319154
"ME_F_1",0.004339847
"ME_F_1",0.004731929
"ME_F_1",0.004582687
"ME_F_1",0.003657673
"ME_F_1",0.003062475
"ME_F_1",0.001599572
"ME_F_1",0.001467525
"ME_F_1",0.001309389
"ME_F_1",0.002009474
"ME_F_1",0.001853028
"ME_F_1",0.001407694
"ME_F_1",0.0005355566
"ME_F_1",-0.0001532022
"ME_F_1",-0.0007245438
"ME_F_1",-0.001195949
"ME_F_1",-0.001553895
"ME_F_1",-0.002281692
"ME_F_1",-0.00344081
"ME_F_1",-0.004048015
"ME_F_1",-0.004417318
"ME_F_1",-0.00456194
"ME_F_1",-0.001925607
"ME_F_1",-0.0007660037
"ME_F_1",-0.000218396
"ME_F_1",-0.0003445353
"ME_F_1",-0.000487329
"ME_F_1",-0.0005603119
"ME_F_1",-0.0007788579
"ME_F_1",-0.0009814466
"ME_F_1",-0.0009556072
"ME_F_1",-0.0006027986
"ME_F_1",5.262712E-05
"ME_F_1",0.0003760785
"ME_F_1",0.0003767272
"ME_F_1",0.001121638
"ME_F_1",0.001730261
"ME_F_1",0.001998589
"ME_F_1",0.001864321
"ME_F_1",0.001720842
"ME_F_1",0.001712105
"ME_F_1",0.001231623
"ME_F_1",0.00042285
"ME_F_1",0.0002134993
"ME_F_1",-1.211433E-05
"ME_F_1",-0.000567185
"ME_F_1",-0.001145547
"ME_F_1",-0.001211121
"ME_F_1",-0.002649508
"ME_F_1",-0.002966373
"ME_F_1",-0.002651092
"ME_F_1",-0.00310859
"ME_F_1",-0.003492465
"ME_F_1",-0.00364823
"ME_F_1",-0.003301525
"ME_F_1",-0.003160129
"ME_F_1",-0.003061567
"ME_F_1",-0.002108749
"ME_F_1",-0.0001073306
"ME_F_1",0.002117701
"ME_F_1",0.002546596
"ME_F_1",0.002739022
"ME_F_1",0.001754284
"ME_F_1",0.0003596313
"ME_F_1",-0.0002301118
"ME_F_1",-0.0005679121
"ME_F_1",-0.0007536418
"ME_F_1",-0.0002208247
"ME_F_1",0.0004245215
"ME_F_1",0.001824838
"ME_F_1",0.003916432
"ME_F_1",0.003905312
"ME_F_1",0.003625363
"ME_F_1",0.003979704
"ME_F_1",0.005666407
"ME_F_1",0.007458344
"ME_F_1",0.007177263
"ME_F_1",0.006700812
"ME_F_1",0.005735536
"ME_F_1",0.003893249
"ME_F_1",0.002467608
"ME_F_1",0.0009758545
"ME_F_1",-0.0009538773
"ME_F_1",-0.004266146
"ME_F_1",-0.00519846
"ME_F_1",-0.005710653
"ME_F_1",-0.006334426
"ME_F_1",-0.006454791
"ME_F_1",-0.005900663
"ME_F_1",-0.005122002
"ME_F_1",-0.003833903
"ME_F_1",-0.001871857
"ME_F_1",-0.0008271605
"ME_F_1",0.0002543856
"ME_F_1",0.0006514918
"ME_F_1",-0.0005984314
"ME_F_1",-0.001463601
"ME_F_1",-0.001993101
"ME_F_1",-0.002449783
"ME_F_1",-0.00358678
"ME_F_1",-0.003366082
"ME_F_1",-0.00298229
"ME_F_1",-0.002059525
"ME_F_1",-0.002299778
"ME_F_1",-0.002649418
"ME_F_1",-0.002920692
"ME_F_1",-0.0034361
"ME_F_1",-0.004408226
"ME_F_1",-0.005004333
"ME_F_1",-0.00554711
"ME_F_1",-0.005413256
"ME_F_1",-0.004173474
"ME_F_1",-0.003946599
"ME_F_1",-0.003801513
"ME_F_1",-0.004052308
"ME_F_1",-0.004002451
"ME_F_1",-0.004113508
"ME_F_1",-0.003739021
"ME_F_1",-0.001351652
"ME_F_1",0.003467333
"ME_M_1",-0.0004467641
"ME_M_1",-0.002838907
"ME_M_1",-0.003888021
"ME_M_1",-0.004047287
"ME_M_1",-0.00361388
"ME_M_1",-0.003488764
"ME_M_1",-0.003529892
"ME_M_1",-0.003844162
"ME_M_1",-0.003564166
"ME_M_1",-0.003336462
"ME_M_1",-0.003107994
"ME_M_1",-0.003072121
"ME_M_1",-0.002843908
"ME_M_1",-0.001957421
"ME_M_1",-0.0008488331
"ME_M_1",0.0005631566
"ME_M_1",0.002003743
"ME_M_1",0.002393103
"ME_M_1",0.00386898
"ME_M_1",0.00560682
"ME_M_1",0.01116737
"ME_M_1",0.01701881
"ME_M_1",0.02114012
"ME_M_1",0.02223842
"ME_M_1",0.02086045
"ME_M_1",0.02061536
"ME_M_1",0.02077736
"ME_M_1",0.0214525
"ME_M_1",0.02201204
"ME_M_1",0.02082131
"ME_M_1",0.01786429
"ME_M_1",0.01622172
"ME_M_1",0.01381205
"ME_M_1",0.01373536
"ME_M_1",0.01400193
"ME_M_1",0.01288795
"ME_M_1",0.009318222
"ME_M_1",0.009130175
"ME_M_1",0.008952097
"ME_M_1",0.008447234
"ME_M_1",0.005837476
"ME_M_1",0.003462882
"ME_M_1",0.001911958
"ME_M_1",0.0008356953
"ME_M_1",-0.0006178612
"ME_M_1",-0.001745575
"ME_M_1",-0.002408526
"ME_M_1",-0.002108312
"ME_M_1",-0.0009617239
"ME_M_1",0.0001961979
"ME_M_1",0.0004264979
"ME_M_1",0.0004587974
"ME_M_1",0.0009891435
"ME_M_1",0.001105688
"ME_M_1",0.000620724
"ME_M_1",0.0006118132
"ME_M_1",0.001006004
"ME_M_1",0.0004920629
"ME_M_1",-0.0003990907
"ME_M_1",-0.0008042796
"ME_M_1",-0.001642294
"ME_M_1",-0.001757999
"ME_M_1",-0.001439655
"ME_M_1",-0.001173511
"ME_M_1",-0.001283275
"ME_M_1",-0.001716819
"ME_M_1",-0.002221745
"ME_M_1",-0.002345588
"ME_M_1",-0.002139651
"ME_M_1",-0.002091861
"ME_M_1",-0.002105005
"ME_M_1",-0.002169123
"ME_M_1",-0.002656127
"ME_M_1",-0.001483032
"ME_M_1",-0.001808381
"ME_M_1",-0.001911953
"ME_M_1",-0.001834422
"ME_M_1",-0.00207486
"ME_M_1",-0.002106945
"ME_M_1",-0.001896766
"ME_M_1",-0.00213071
"ME_M_1",-0.002245838
"ME_M_1",-0.002187064
"ME_M_1",-0.001915792
"ME_M_1",-0.001668574
"ME_M_1",-0.001551033
"ME_M_1",-0.001641595
"ME_M_1",-0.0007892297
"ME_M_1",-0.0004880044
"ME_M_1",-0.0001133457
"ME_M_1",-0.000274318
"ME_M_1",-0.000521871
"ME_M_1",-0.000626371
"ME_M_1",-0.0009750465
"ME_M_1",-0.0007120959
"ME_M_1",-0.000534798
"ME_M_1",-0.001089374
"ME_M_1",-0.004749869
"ME_M_1",-0.004163831
"ME_M_1",-0.002512221
"ME_M_1",-0.001715814
"ME_M_1",-0.001373224
"ME_M_1",-0.001020773
"ME_M_1",-4.583868E-05
"ME_M_1",0.0005215629
"ME_M_1",0.0006114443
"ME_M_1",0.0003080454
"ME_M_1",-0.00170967
"ME_M_1",-0.002451898
"ME_M_1",-0.001498948
"ME_M_1",-0.0007761965
"ME_M_1",-0.0003065678
"ME_M_1",-0.0006563724
"ME_M_1",-0.0006681534
"ME_M_1",-5.573989E-05
"ME_M_1",0.001267626
"ME_M_1",0.002281753
"ME_M_1",0.003172102
"ME_M_1",0.00396473
"ME_M_1",0.005555487
"ME_M_1",0.006647207
"ME_M_1",0.006864115
"ME_M_1",0.006283244
"ME_M_1",0.004732821
"ME_M_1",0.003842153
"ME_M_1",0.00337926
"ME_M_1",0.003193398
"ME_M_1",0.001985974
"ME_M_1",-0.0008126842
"ME_M_1",-0.002965076
"ME_M_1",-0.003153797
"ME_M_1",-0.002740739
"ME_M_1",-0.002661862
"ME_M_1",-0.003105584
"ME_M_1",-0.00325728
"ME_M_1",-0.003575735
"ME_M_1",-0.003758674
"ME_M_1",-0.003891603
"ME_M_1",-0.004070008
"ME_M_1",-0.005061018
"ME_M_1",-0.005465799
"ME_M_1",-0.005364714
"ME_M_1",-0.005439961
"ME_M_1",-0.005151075
"ME_M_1",-0.004291379
"ME_M_1",-3.097218E-05
"ME_M_1",0.0001578694
"ME_M_1",0.0005765258
"ME_M_1",0.001030193
"ME_M_1",0.001282765
"ME_M_1",0.001610966
"ME_M_1",0.00214424
"ME_M_1",0.002435359
"ME_M_1",0.002137597
"ME_M_1",0.00194207
"ME_M_1",0.00184512
"ME_M_1",0.001792777
"ME_M_1",0.00203541
"ME_M_1",0.002342519
"ME_M_1",0.00218182
"ME_M_1",0.001995768
"ME_M_1",0.001469612
"ME_M_1",0.001527989
"ME_M_1",0.002062015
"ME_M_1",0.001823435
"ME_M_1",0.001386069
"ME_M_1",7.332247E-05
"ME_M_1",-0.0007633054
"ME_M_1",0.0007386967
"ME_M_1",0.002020557
"ME_M_1",0.003279113
"ME_M_1",0.004616605
"ME_M_1",0.004428625
"ME_M_1",0.004118363
"ME_M_1",0.00398377
"ME_M_1",0.004077614
"ME_M_1",0.003495626
"ME_M_1",0.003423336
"ME_M_1",0.003597389
"ME_M_1",0.002805102
"ME_M_1",0.002816159
"ME_M_1",0.003239542
"ME_M_1",0.004233143
"ME_M_1",0.004279683
"ME_M_1",0.00160416
"ME_M_1",0.0004950134
"ME_M_1",-0.0001432654
"ME_M_1",-4.23477E-05
"ME_M_1",-3.110111E-05
"ME_M_1",0.0001950001
"ME_M_1",0.0007013468
"ME_M_1",0.0006382037
"ME_M_1",2.238237E-05
"ME_M_1",-0.001031339
"ME_M_1",-0.001571504
"ME_M_1",-0.001107497
"ME_M_1",-0.001155642
"ME_M_1",-0.0006802958
"ME_M_1",-0.0009694824
"ME_M_1",-0.001031279
"ME_M_1",-0.001057217
"ME_M_1",-0.001008246
"ME_M_1",-0.001009278
"ME_M_1",-0.001460513
"ME_M_1",-0.001783437
"ME_M_1",-0.002190457
"ME_M_1",-0.002424085
"ME_M_1",-0.003051713
"ME_M_1",-0.002933937
"ME_M_1",-0.002953155
"ME_M_1",-0.002919793
"ME_M_1",-0.003123502
"ME_M_1",-0.003314074
"ME_M_1",-0.002901066
"ME_M_1",-0.002671394
"ME_M_1",-0.002350283
"ME_M_1",-0.001998078
"ME_M_1",0.0009614655
"ME_M_1",0.001539446
"ME_M_1",0.001778279
"ME_M_1",0.001943798
"ME_M_1",0.002212957
"ME_M_1",0.003338004
"ME_M_1",0.003972459
"ME_M_1",0.004690263
"ME_M_1",0.004917708
"ME_M_1",0.004809562
"ME_M_1",0.004495826
"ME_M_1",0.004541395
"ME_M_1",0.004803612
"ME_M_1",0.005322591
"ME_M_1",0.005195287
"ME_M_1",0.005960173
"ME_M_1",0.006731402
"ME_M_1",0.007248641
"ME_M_1",0.007278151
"ME_M_1",0.007140346
"ME_M_1",0.00700617
"ME_M_1",0.007525
"ME_M_1",0.007858969
"ME_M_1",0.007417693
"ME_M_1",0.006560201
"ME_M_1",0.006738618
"ME_M_1",0.006997684
"ME_M_1",0.007342005
"ME_M_1",0.007290846
"ME_M_1",0.007299818
"ME_M_1",0.007328824
"ME_M_1",0.007695591
"ME_M_1",0.008626249
"ME_M_1",0.009153727
"ME_M_1",0.008794896
"ME_M_1",0.008223876
"ME_M_1",0.007622752
"ME_M_1",0.006966349
"ME_M_1",0.006996042
"ME_M_1",0.006831743
"ME_M_1",0.006966223
"ME_M_1",0.007111012
"ME_M_1",0.007156947
"ME_M_1",0.006938306
"ME_M_1",0.005730826
"ME_M_1",0.004435768
"ME_M_1",0.00441789
"ME_M_1",0.004663699
"ME_M_1",0.004349742
"ME_M_1",0.003215493
"ME_M_1",0.00287986
"ME_M_1",0.002785653
"ME_M_1",0.003474689
"ME_M_1",0.00418642
"ME_M_1",0.004435623
"ME_M_1",0.004439441
"ME_M_1",0.004362811
"ME_M_1",0.003185709
"ME_M_1",0.002827066
"ME_M_1",0.002368955
"ME_M_1",0.00196915
"ME_M_1",0.001734357
"ME_M_1",0.001447639
"ME_M_1",0.001086542
"ME_M_1",-0.0003941731
"ME_M_1",-0.002851018
"ME_M_1",-0.003604015
"ME_M_1",-0.003776609
"ME_M_1",-0.002969278
"ME_M_1",-0.002446641
"ME_M_1",-0.002824327
"ME_M_1",-0.003074732
"ME_M_1",-0.003897352
"ME_M_1",-0.001619305
"ME_M_1",-0.001869161
"ME_M_1",-0.002479903
"ME_M_1",-0.00454504
"ME_M_1",-0.004066286
"ME_M_1",-0.003391701
"ME_M_1",-0.002249061
"ME_M_1",-0.001823678
"ME_M_1",-0.001387842
"ME_M_1",-0.0007299393
"ME_M_1",0.0005010838
"ME_M_1",0.001539055
"ME_M_1",0.001801385
"ME_M_1",0.001469796
"ME_M_1",0.001028889
"ME_M_1",0.0009612279
"ME_M_1",0.001053528
"ME_M_1",0.001349682
"ME_M_1",0.001614356
"ME_M_1",0.001701805
"ME_M_1",0.001550289
"ME_M_1",0.001147338
"ME_M_1",0.0004075401
"ME_M_1",0.0005326083
"ME_M_1",0.0008504706
"ME_M_1",0.001254411
"ME_M_1",0.001197866
"ME_M_1",0.001159604
"ME_M_1",0.001396262
"ME_M_1",0.001623867
"ME_M_1",0.00251827
"ME_M_1",0.003843229
"ME_M_1",0.003861366
"ME_M_1",0.003273377
"ME_M_1",0.002105321
"ME_M_1",0.0008166783
"ME_M_1",8.750684E-05
"ME_M_1",-0.000151231
"ME_M_1",-0.0009267144
"ME_M_1",-0.001148586
"ME_M_1",-0.001015533
"ME_M_1",-0.000889016
"ME_M_1",-0.0008184813
"ME_M_1",-0.0009605364
"ME_M_1",-0.001142231
"ME_M_1",-0.00111902
"ME_M_1",-0.0008900706
"ME_M_1",-0.0006670713
"ME_M_1",-0.0008049078
"ME_M_1",-0.0009247314
"ME_M_1",-0.001118728
"ME_M_1",-0.002304848
"ME_M_1",-0.002992896
"ME_M_1",-0.003622293
"ME_M_1",-0.004655137
"ME_M_1",-0.005593218
"ME_M_1",-0.005873813
"ME_M_1",-0.005648639
"ME_M_1",-0.005623307
"ME_M_1",-0.005106719
"ME_M_1",-0.004522332
"ME_M_1",-0.003616651
"ME_M_1",-0.002998853
"ME_M_1",-0.002491144
"ME_M_1",-0.002275338
"ME_M_1",-0.002267261
"ME_M_1",-0.002285515
"ME_M_1",-0.001830942
"ME_M_1",-0.001387787
"ME_M_1",-0.001179961
"ME_M_1",-0.000629919
"ME_M_1",0.0001720602
"ME_M_1",0.0003416725
"ME_M_1",-1.857028E-06
"ME_M_1",0.0002618108
"ME_M_1",0.000248512
"ME_M_1",0.0001969527
"ME_M_1",-5.385559E-05
"ME_M_1",-0.0004437442
"ME_M_1",-0.0007329024
"ME_M_1",-0.0006638973
"ME_M_1",-0.0008369486
"ME_M_1",-0.001193997
"ME_M_1",-0.001261506
"ME_M_1",-0.00126265
"ME_M_1",-0.001129356
"ME_M_1",-0.0008780623
"ME_M_1",-0.0007588841
"ME_M_1",-0.0007813113
"ME_M_1",-0.0009138347
"ME_M_1",-0.001049696
"ME_M_1",-0.0009225483
"ME_M_1",-0.0006807409
"ME_M_1",-0.0004169879
"ME_M_1",6.900728E-05
"ME_M_1",0.0007156634
"ME_M_1",0.0007482533
"ME_M_1",0.0009034392
"ME_M_1",0.001454176
"ME_M_1",0.002087663
"ME_M_1",0.002269177
"ME_M_1",0.002502867
"ME_M_1",0.002424152
"ME_M_1",0.00200805
"ME_M_1",0.001872716
"ME_M_1",0.001997356
"ME_M_1",0.002014049
"ME_M_1",0.001944304
"ME_M_1",0.001913421
"ME_M_1",0.001838173
"ME_M_1",0.001440549
"ME_M_1",-8.67052E-05
"ME_M_1",-0.0007587855
"ME_M_1",-0.001555536
"ME_M_1",-0.0028105
"ME_M_1",-0.003820866
"ME_M_1",-0.003122672
"ME_M_1",-0.002469806
"ME_M_1",-0.0006054621
"ME_M_1",0.0002735362
"ME_M_1",5.289877E-05
"ME_M_1",0.0001373362
"ME_M_1",0.0004895508
"ME_M_1",0.0007262545
"ME_M_1",0.0003083586
"ME_M_1",-4.92984E-05
"ME_M_1",0.0002791067
"ME_M_1",0.001707454
"ME_M_1",0.002183921
"ME_M_1",0.002360863
"ME_M_1",0.003573708
"ME_M_1",0.005741098
"ME_M_1",0.00503985
"ME_M_1",0.004410268
"ME_M_1",0.004239128
"ME_M_1",0.005457156
"ME_M_1",0.005353468
"ME_M_1",0.004933909
"ME_M_1",0.003490308
"ME_M_1",0.003072043
"ME_M_1",0.003270391
"ME_M_1",0.003275685
"ME_M_1",0.002597932
"ME_M_1",0.0005917256
"ME_M_1",0.0002177358
"ME_M_1",-0.0001794509
"ME_M_1",0.0008310176
"ME_M_1",0.0007359108
"ME_M_1",-0.0004943453
"ME_M_1",-0.001189565
"ME_M_1",-0.001139193
"ME_M_1",-0.0005427588
"ME_M_1",0.0003578312
"ME_M_1",0.0001684458
"ME_M_1",0.0001989971
"ME_M_1",0.0002642551
"ME_M_1",0.0004783192
"ME_M_1",0.0007238938
"ME_M_1",0.001195115
"ME_M_1",0.0009004651
"ME_M_1",0.0001506127
"ME_M_1",0.0002481283
"ME_M_1",0.0006057333
"ME_M_1",0.0008539658
"ME_M_1",0.0006176053
"ME_M_1",0.0002355131
"ME_M_1",-0.000436648
"ME_M_1",0.0003006581
"ME_M_1",0.0008182836
"ME_M_1",0.0002651683
"ME_M_1",-0.0009863274
"ME_M_1",-0.0009884855
"ME_M_1",0.0009785732
"ME_M_1",0.001449416
"ME_M_1",0.00167942
"ME_M_1",0.001646638
"ME_M_1",0.001277824
"ME_M_1",0.001349452
"ME_M_1",0.001936909
"ME_M_1",0.002250526
"ME_M_1",0.002043347
"ME_M_1",0.001901601
"ME_M_1",0.001565875
"ME_M_1",0.001667264
"ME_M_1",0.001292519
"ME_M_1",0.001244143
"ME_M_1",0.001652993
"ME_M_1",0.001795234
"ME_M_1",0.0008197523
"ME_M_1",-0.0002407386
"ME_M_1",-0.002052706
"ME_M_1",-0.003961016
"ME_M_1",-0.004588814
"ME_M_1",-0.003822056
"ME_M_1",-0.003326834
"ME_M_1",-0.00327308
"ME_M_1",-0.003074287
"ME_M_1",-0.003106231
"ME_M_1",-0.00300582
"ME_M_1",-0.002556177
"ME_M_1",-0.0001362128
"ME_M_1",0.0005614933
"ME_M_1",0.0008741227
"ME_M_1",0.0003105071
"ME_M_1",-0.0001563499
"ME_M_1",-0.0001523364
"ME_M_1",-0.0003211988
"ME_M_1",-0.0006531395
"ME_M_1",-0.001453832
"ME_M_1",-0.001866554
"ME_M_1",-0.002411746
"ME_M_1",-0.003062055
"ME_M_1",-0.003589971
"ME_M_1",-0.002972862
"ME_M_1",-0.002095645
"ME_M_1",-0.001587816
"ME_M_1",-0.001601259
"ME_M_1",-0.001717185
"ME_M_1",-0.001879204
"ME_M_1",-0.002104845
"ME_M_1",-0.002119312
"ME_M_1",-0.001942746
"ME_M_1",-0.001940741
"ME_M_1",-0.002112916
"ME_M_1",-0.002457803
"ME_M_1",-0.002049724
"ME_M_1",-0.002103597
"ME_M_1",-0.002094002
"ME_M_1",-0.002287859
"ME_M_1",-0.001851764
"ME_M_1",-0.001472348
"ME_M_1",-0.0008686958
"ME_M_1",-5.194521E-05
"ME_M_1",0.0004809599
"ME_M_1",0.0003862844
"ME_M_1",0.0004704329
"ME_M_1",0.000972192
"ME_M_1",0.002839569
"ME_M_1",0.003703266
"ME_M_1",0.003992229
"ME_M_1",0.004012821
"ME_M_1",0.003925908
"ME_M_1",0.003263611
"ME_M_1",0.003113366
"ME_M_1",0.002962892
"ME_M_1",-0.001323048
"ME_M_1",0.0001045644
"ME_M_1",0.00122952
"ME_M_1",0.002812549
"ME_M_1",0.004043456
"ME_M_1",0.003512531
"ME_M_1",0.003045398
"ME_M_1",0.002564987
"ME_M_1",0.001957751
"ME_M_1",0.001848817
"ME_M_1",0.001304893
"ME_M_1",0.0007030752
"ME_M_1",-0.0008721
"ME_M_1",-0.001200902
"ME_M_1",-0.001607812
"ME_M_1",-0.001846782
"ME_M_1",-0.001695817
"ME_M_1",-0.001925432
"ME_M_1",-0.002256373
"ME_M_1",-0.002491402
"ME_M_1",-0.002076013
"ME_M_1",-0.001555962
"ME_M_1",-0.0006569169
"ME_M_1",0.0009596237
"ME_M_1",0.004046632
"ME_M_1",0.005186688
"ME_M_1",0.006690949
"ME_M_1",0.00897567
"ME_M_1",0.008261236
"ME_M_1",0.007015574
"ME_M_1",0.005398959
"ME_M_1",0.00390622
"ME_M_1",0.0008245
"ME_M_1",-0.0007256601
"ME_M_1",-0.001805509
"ME_M_1",-0.002750339
"ME_M_1",-0.004656777
"ME_M_1",-0.006027922
"ME_M_1",-0.007230002
"ME_M_1",-0.008449016
"ME_M_1",-0.007731215
"ME_M_1",-0.006354391
"ME_M_1",-0.00479793
"ME_M_1",-0.003385775
"ME_M_1",-0.001388999
"ME_M_1",-0.0006885367
"ME_M_1",-0.00219717
"ME_M_1",-0.002674787
"ME_M_1",-0.002904365
"ME_M_1",-0.002943896
"ME_M_1",-0.002962171
"ME_M_1",-0.002805437
"ME_M_1",-0.00187227
"ME_M_1",-0.001639121
"ME_M_1",-0.0016297
"ME_M_1",-0.001695833
"ME_M_1",-0.001663584
"ME_M_1",-0.001383674
"ME_M_1",-0.001199437
"ME_M_1",-0.001240918
"ME_M_1",-0.00115713
"ME_M_1",-0.001112343
"ME_M_1",-0.0007888797
"ME_M_1",-0.0002658099
"ME_M_1",0.0005782488
"ME_M_1",0.001244763
"ME_M_1",0.001355545
"ME_M_1",0.0009574068
"ME_M_1",0.001462133
"ME_M_1",0.002017104
"ME_M_1",0.002907553
"ME_M_1",0.006778456
"ME_M_1",0.007805712
"ME_M_1",0.007579354
"ME_M_1",0.006181085
"ME_M_1",0.00487466
"ME_M_1",0.004017511
"ME_M_1",0.003895323
"ME_M_1",0.003951754
"ME_M_1",0.003665618
"ME_M_1",0.002828972
"ME_M_1",0.00147836
"ME_M_1",0.000576533
"ME_M_1",-0.001228802
"ME_M_1",-0.001421878
"ME_M_1",-0.001276272
"ME_M_1",-0.001145501
"ME_M_1",-0.0005119992
"ME_M_1",0.0001669967
"ME_M_1",0.0009006367
"ME_M_1",0.001007655
"ME_M_1",0.001277834
"ME_M_1",0.001805705
"ME_M_1",0.002777182
"ME_M_1",0.001940834
"ME_M_1",0.00200392
"ME_M_1",0.001949537
"ME_M_1",0.001507933
"ME_M_1",0.0014261
"ME_M_1",0.001053625
"ME_M_1",0.0004681856
"ME_M_1",0.0006519631
"ME_M_1",0.0004329194
"ME_M_1",5.355192E-06
"ME_M_1",9.168483E-05
"ME_M_1",-7.027938E-06
"ME_M_1",-0.000170152
"ME_M_1",-0.0002441937
"ME_M_1",-0.0003260425
"ME_M_1",-0.0008454874
"ME_M_1",-0.001202388
"ME_M_1",-0.00113079
"ME_M_1",-0.001162542
"ME_M_1",-0.001467367
"ME_M_1",-0.001751952
"ME_M_1",-0.002300308
"ME_M_1",-0.002576525
"ME_M_1",-0.002071324
"ME_M_1",-0.001722038
"ME_M_1",-0.004641534
"ME_M_1",-0.003992989
"ME_M_1",-0.003347409
"ME_M_1",-0.001916873
"ME_M_1",1.553338E-05
"ME_M_1",0.001568626
"ME_M_1",0.001005396
"ME_M_1",0.0005753475
"ME_M_1",0.0006823842
"ME_M_1",0.001098711
"ME_M_1",0.000433819
"ME_M_1",0.0001781884
"ME_M_1",-4.6349E-05
"ME_M_1",-5.31214E-05
"ME_M_1",0.0001287216
"ME_M_1",0.0004078076
"ME_M_1",0.001200746
"ME_M_1",0.00202637
"ME_M_1",0.00207478
"ME_M_1",0.001354806
"ME_M_1",0.0006039818
"ME_M_1",6.515678E-05
"ME_M_1",0.0002027559
"ME_M_1",0.0002024376
"ME_M_1",0.0004402375
"ME_M_1",-0.000114724
"ME_M_1",-0.001044443
"ME_M_1",-0.001223773
"ME_M_1",-0.001567533
"ME_M_1",-0.001780935
"ME_M_1",-0.002115791
"ME_M_1",-0.002159988
"ME_M_1",-0.002127992
"ME_M_1",-0.00176709
"ME_M_1",-0.001795231
"ME_M_1",-0.002002567
"ME_M_1",-0.002545844
"ME_M_1",-0.003139157
"ME_M_1",-0.003156085
"ME_M_1",-0.002731437
"ME_M_1",-0.002573974
"ME_M_1",-0.002293378
"ME_M_1",-0.002567432
"ME_M_1",-0.002752794
"ME_M_1",-0.00299721
"ME_M_1",-0.003037555
"ME_M_1",-0.002773779
"ME_M_1",-0.002700121
"ME_M_1",-0.002670333
"ME_M_1",-0.003198649
"ME_M_1",-0.004447039
"ME_M_1",-0.004206082
"ME_M_1",-0.00289399
"ME_M_1",-0.0006531667
"ME_M_1",0.001234792
"ME_M_1",0.001130754
"ME_M_1",0.0008953073
"ME_M_1",0.0002406457
"ME_M_1",0.0005143267
"ME_M_1",0.0006361216
"ME_M_1",0.0002223048
"ME_M_1",0.0001442491
"ME_M_1",-0.0009131144
"ME_M_1",-0.00122353
"ME_M_1",-0.001120638
"ME_M_1",-0.0003267658
"ME_M_1",-0.0001170202
"ME_M_1",-0.0001802826
"ME_M_1",-9.558469E-05
"ME_M_1",0.0001018047
"ME_M_1",-0.000205932
"ME_M_1",-0.0003401119
"ME_M_1",-0.0004745657
"ME_M_1",-0.0002518782
"ME_M_1",-0.000151171
"ME_M_1",-0.0001409616
"ME_M_1",-2.407431E-05
"ME_M_1",5.948151E-05
"ME_M_1",-0.0001017558
"ME_M_1",-0.0004012835
"ME_M_1",-0.001489663
"ME_M_1",-0.003968309
"ME_M_1",-0.005139304
"ME_M_1",-0.006011002
"ME_M_1",-0.005545328
"ME_M_1",-0.004309952
"ME_M_1",-0.003506455
"ME_M_1",-0.002784259
"ME_M_1",-0.001666476
"ME_M_1",-0.0005265526
"ME_M_1",0.0001638256
"ME_M_1",0.000452218
"ME_M_1",3.730122E-05
"ME_M_1",-0.002308516
"ME_M_1",-0.0006911847
"ME_M_1",0.0006085259
"ME_M_1",0.001462224
"ME_M_1",0.001300747
"ME_M_1",0.001474131
"ME_M_1",0.001503747
"ME_M_1",0.00140328
"ME_M_1",0.00110448
"ME_M_1",-5.255395E-05
"ME_M_1",-0.0005632405
"ME_M_1",-0.0009684093
"ME_M_1",-0.001423542
"ME_M_1",-0.001361781
"ME_M_1",-0.0009816984
"ME_M_1",-0.001004415
"ME_M_1",-0.0008316563
"ME_M_1",-0.001067132
"ME_M_1",-0.000769491
"ME_M_1",-0.0006702182
"ME_M_1",-0.0005978895
"ME_M_1",-0.0007991494
"ME_M_1",-0.0005183889
"ME_M_1",-0.0003929454
"ME_M_1",-0.0001433077
"ME_M_1",-6.1554E-05
"ME_M_1",0.0003617208
"ME_M_1",0.0008641924
"ME_M_1",0.0009566312
"ME_M_1",0.001466613
"ME_M_1",0.001477441
"ME_M_1",0.001753587
"ME_M_1",0.00192883
"ME_M_1",0.001924076
"ME_M_1",0.001933214
"ME_M_1",0.001897084
"ME_M_1",0.001742272
"ME_M_1",0.001727331
"ME_M_1",0.001455384
"ME_M_1",0.0009595463
"ME_M_1",0.0001615837
"ME_M_1",-0.0001007704
"ME_M_1",-0.000740411
"ME_M_1",-0.001194058
"ME_M_1",-0.0009531751
"ME_M_1",-0.000942508
"ME_M_1",-0.0006685259
"ME_M_1",-0.0005370238
"ME_M_1",-0.0008171963
"ME_M_1",-0.001399554
"ME_M_1",-0.001174587
"ME_M_1",-0.001062384
"ME_M_1",0.0001802107
"ME_M_1",0.0002808396
"ME_M_1",0.0001239058
"ME_M_1",0.000209965
"ME_M_1",-2.716246E-05
"ME_M_1",-1.557084E-06
"ME_M_1",-4.991537E-05
"ME_M_1",-0.0001459476
"ME_M_1",-0.0002250084
"ME_M_1",-0.0006699076
"ME_M_1",-0.0004747341
"ME_M_1",-0.0002616064
"ME_M_1",6.071715E-05
"ME_M_1",0.0002893414
"ME_M_1",0.0008981645
"ME_M_1",0.001170758
"ME_M_1",0.001759738
"ME_M_1",0.001433923
"ME_M_1",0.0009632782
"ME_M_1",0.001048021
"ME_M_1",0.002829901
"ME_M_1",0.001800702
"ME_M_1",0.0005620133
"ME_M_1",-0.0005525025
"ME_M_1",-0.002548861
"ME_M_1",-0.00345875
"ME_M_1",-0.003209504
"ME_M_1",-0.002690673
"ME_M_1",-0.001793838
"ME_M_1",-0.001198089
"ME_M_1",-0.001273327
"ME_M_1",-0.001100489
"ME_M_1",-0.001256591
"ME_M_1",-0.001075441
"ME_M_1",-0.0007691224
"ME_M_1",-0.0003170335
"ME_M_1",-0.000180987
"ME_M_1",-0.0005510962
"ME_M_1",-0.0005699301
"ME_M_1",-0.0007748191
"ME_M_1",-0.0007758198
"ME_M_1",-0.000775845
"ME_M_1",-0.00117908
"ME_M_1",-0.001274797
"ME_M_1",-0.001342089
"ME_M_1",-0.001012473
"ME_M_1",-0.0008024393
"ME_M_1",-0.0007145299
"ME_M_1",-9.000063E-05
"ME_M_1",-9.726157E-05
"ME_M_1",-0.0002577371
"ME_M_1",-0.0003087942
"ME_M_1",0.0006373129
"ME_M_1",0.002080509
"ME_M_1",0.002560835
"ME_M_1",0.002660687
"ME_M_1",0.0007979774
"ME_M_1",-0.001283894
"ME_M_1",-0.001548164
"ME_M_1",-0.001552882
"ME_M_1",-0.001322193
"ME_M_1",-0.001247988
"ME_M_1",-0.001370205
"ME_M_1",-0.001268129
"ME_M_1",-0.000821862
"ME_M_1",-0.0004469248
"ME_M_1",-0.0005397021
"ME_M_1",-0.0008704334
"ME_M_1",-0.001224129
"ME_M_1",-0.002074942
"ME_M_1",-0.002432205
"ME_M_1",-0.002190239
"ME_M_1",-0.001806622
"ME_M_2",-0.01119224
"ME_M_2",-0.01197367
"ME_M_2",-0.01160442
"ME_M_2",-0.01019677
"ME_M_2",-0.007209484
"ME_M_2",-0.005955503
"ME_M_2",-0.004319908
"ME_M_2",-0.002152161
"ME_M_2",0.0008280961
"ME_M_2",0.001612274
"ME_M_2",0.002924758
"ME_M_2",0.004206359
"ME_M_2",0.004763048
"ME_M_2",0.004441462
"ME_M_2",0.004098646
"ME_M_2",0.004058242
"ME_M_2",0.003013563
"ME_M_2",0.002207803
"ME_M_2",0.0006389668
"ME_M_2",-0.0009616006
"ME_M_2",-0.002446895
"ME_M_2",-0.002798461
"ME_M_2",-0.003489389
"ME_M_2",-0.004786656
"ME_M_2",-0.007555285
"ME_M_2",-0.009139376
"ME_M_2",-0.01064475
"ME_M_2",-0.01146238
"ME_M_2",-0.009099815
"ME_M_2",-0.007538707
"ME_M_2",-0.005926268
"ME_M_2",-0.005049838
"ME_M_2",-0.005411134
"ME_M_2",-0.005401228
"ME_M_2",-0.004251677
"ME_M_2",-0.002243637
"ME_M_2",0.0007171098
"ME_M_2",0.00146238
"ME_M_2",0.001998517
"ME_M_2",0.002243829
"ME_M_2",0.002193199
"ME_M_2",0.001785016
"ME_M_2",0.001079305
"ME_M_2",-0.001062353
"ME_M_2",-0.004027439
"ME_M_2",-0.00492012
"ME_M_2",-0.005579198
"ME_M_2",-0.005943279
"ME_M_2",-0.006126226
"ME_M_2",-0.006254504
"ME_M_2",-0.006434184
"ME_M_2",-0.007941136
"ME_M_2",-0.008606897
"ME_M_2",-0.008911651
"ME_M_2",-0.008001497
"ME_M_2",-0.006168982
"ME_M_2",-0.004980834
"ME_M_2",-0.005780287
"ME_M_2",-0.006734853
"ME_M_2",-0.007364986
"ME_M_2",-0.007407159
"ME_M_2",-0.007640709
"ME_M_2",-0.007739231
"ME_M_2",-0.008061553
"ME_M_2",-0.00913249
"ME_M_2",-0.009204298
"ME_M_2",-0.007920025
"ME_M_2",-0.00328949
"ME_M_2",-0.0009115172
"ME_M_2",0.0002244317
"ME_M_2",-0.0002369336
"ME_M_2",-0.00136728
"ME_M_2",-0.002427487
"ME_M_2",0.001107438
"ME_M_2",-0.001607017
"ME_M_2",-0.003076499
"ME_M_2",-0.005503084
"ME_M_2",-0.007585585
"ME_M_2",-0.005335985
"ME_M_2",-0.001825507
"ME_M_2",0.002446757
"ME_M_2",0.005031498
"ME_M_2",0.002938392
"ME_M_2",0.001373431
"ME_M_2",-0.0004692796
"ME_M_2",-0.001661365
"ME_M_2",-0.001908555
"ME_M_2",-0.001882936
"ME_M_2",-0.002419163
"ME_M_2",-0.00368432
"ME_M_2",-0.004702495
"ME_M_2",-0.005002221
"ME_M_2",-0.004854928
"ME_M_2",-0.005135262
"ME_M_2",-0.005760045
"ME_M_2",-0.00573093
"ME_M_2",-0.005847714
"ME_M_2",-0.00529451
"ME_M_2",-0.004017974
"ME_M_2",-0.00373563
"ME_M_2",-0.00308892
"ME_M_2",-0.00280873
"ME_M_2",-0.003520872
"ME_M_2",-0.003980596
"ME_M_2",-0.004578369
"ME_M_2",-0.004991495
"ME_M_2",-0.005414343
"ME_M_2",-0.0051248
"ME_M_2",-0.004780787
"ME_M_2",-0.004047183
"ME_M_2",-0.00324149
"ME_M_2",-0.002821022
"ME_M_2",-0.002874664
"ME_M_2",-0.002866258
"ME_M_2",-0.003060082
"ME_M_2",-0.003222054
"ME_M_2",-0.003616272
"ME_M_2",-0.004448557
"ME_M_2",-0.005764813
"ME_M_2",-0.005945774
"ME_M_2",-0.006144474
"ME_M_2",-0.006039816
"ME_M_2",-0.005526905
"ME_M_2",-0.005169473
"ME_M_2",-0.004494932
"ME_M_2",-0.003613327
"ME_M_2",-0.002292611
"ME_M_2",-0.001941042
"ME_M_2",-0.001919189
"ME_M_2",-0.002169242
"ME_M_2",-0.002226859
"ME_M_2",-0.001753904
"ME_M_2",-0.001054476
"ME_M_2",-4.325178E-05
"ME_M_2",0.0006449765
"ME_M_2",0.0006542911
"ME_M_2",0.0003068913
"ME_M_2",-0.0004798317
"ME_M_2",-0.001224806
"ME_M_2",-0.001178902
"ME_M_2",-0.0009103255
"ME_M_2",-0.0002007059
"ME_M_2",0.0009014149
"ME_M_2",0.000917975
"ME_M_2",0.0008864796
"ME_M_2",0.0007361221
"ME_M_2",0.002155494
"ME_M_2",0.004623102
"ME_M_2",0.004053827
"ME_M_2",0.00182952
"ME_M_2",-0.0001694431
"ME_M_2",-0.0002153676
"ME_M_2",0.0002169651
"ME_M_2",0.0007746092
"ME_M_2",0.001426113
"ME_M_2",0.001720597
"ME_M_2",0.002971205
"ME_M_2",0.003790832
"ME_M_2",0.004851151
"ME_M_2",0.00774468
"ME_M_2",0.01228355
"ME_M_2",0.01336633
"ME_M_2",0.01348723
"ME_M_2",0.01248438
"ME_M_2",0.00976588
"ME_M_2",0.006079935
"ME_M_2",0.002717598
"ME_M_2",0.001069438
"ME_M_2",-0.0005209255
"ME_M_2",-0.001126633
"ME_M_2",-0.001488409
"ME_M_2",-0.001387865
"ME_M_2",-0.001645869
"ME_M_2",-0.002857322
"ME_M_2",-0.006945906
"ME_M_2",-0.009395652
"ME_M_2",-0.01287219
"ME_M_2",-0.0128207
"ME_M_2",-0.01060596
"ME_M_2",-0.00915143
"ME_M_2",-0.007228286
"ME_M_2",-0.005362707
"ME_M_2",-0.002650189
"ME_M_2",-0.001360425
"ME_M_2",9.477037E-05
"ME_M_2",-0.000118844
"ME_M_2",-0.001720464
"ME_M_2",-0.002570123
"ME_M_2",-0.003683032
"ME_M_2",-0.004720397
"ME_M_2",-0.005719082
"ME_M_2",-0.006958473
"ME_M_2",-0.009133918
"ME_M_2",-0.01029071
"ME_M_2",-0.009078508
"ME_M_2",-0.008019796
"ME_M_2",-0.007147094
"ME_M_2",-0.007944511
"ME_M_2",-0.009272976
"ME_M_2",-0.009400453
"ME_M_2",-0.008321302
"ME_M_2",-0.007171392
"ME_M_2",-0.006152741
"ME_M_2",-0.006344442
"ME_M_2",-0.008795911
"ME_M_2",-0.01283929
"ME_M_2",-0.01531585
"ME_M_2",-0.01455123
"ME_M_2",-0.01050281
"ME_M_2",-0.00591585
"ME_M_2",-0.001107317
"ME_M_2",0.0002506592
"ME_M_2",-0.0003828802
"ME_M_2",-0.002372192
"ME_M_2",-0.00458579
"ME_M_2",-0.004931581
"ME_M_2",-0.004173013
"ME_M_2",-0.002823648
"ME_M_2",-0.001685702
"ME_M_2",-0.0004426755
"ME_M_2",-2.193241E-05
"ME_M_2",-0.0001308792
"ME_M_2",-0.0003410587
"ME_M_2",-0.0006738342
"ME_M_2",-0.001364447
"ME_M_2",-0.002212946
"ME_M_2",-0.002664927
"ME_M_2",-0.003464937
"ME_M_2",-0.004504738
"ME_M_2",-0.005782985
"ME_M_2",-0.005811827
"ME_M_2",-0.00563788
"ME_M_2",-0.004983344
"ME_M_2",-0.004903523
"ME_M_2",-0.005229262
"ME_M_2",-0.006035732
"ME_M_2",-0.006837501
"ME_M_2",-0.007462657
"ME_M_2",-0.007519447
"ME_M_2",-0.007605237
"ME_M_2",-0.007694593
"ME_M_2",-0.008029977
"ME_M_2",-0.007858353
"ME_M_2",-0.006961403
"ME_M_2",-0.005428038
"ME_M_2",-0.002847221
"ME_M_2",-0.002317475
"ME_M_2",-0.002387018
"ME_M_2",-0.002542395
"ME_M_2",-0.002313916
"ME_M_2",-0.001532982
"ME_M_2",-0.0004599757
"ME_M_2",0.0006475049
"ME_M_2",0.001345019
"ME_M_2",0.000830795
"ME_M_2",0.0001092451
"ME_M_2",0.0001810626
"ME_M_2",0.0004188614
"ME_M_2",0.000200708
"ME_M_2",-0.0005014467
"ME_M_2",-0.001253081
"ME_M_2",-0.002000765
"ME_M_2",-0.002717703
"ME_M_2",-0.00412439
"ME_M_2",-0.00514365
"ME_M_2",-0.005695082
"ME_M_2",-0.004797377
"ME_M_2",-0.003700741
"ME_M_2",-0.002968767
"ME_M_2",-0.0024318
"ME_M_2",-0.002320538
"ME_M_2",-0.00246412
"ME_M_2",-0.003230615
"ME_M_2",-0.002663523
"ME_M_2",-0.00227909
"ME_M_2",-0.002359381
"ME_M_2",-0.002977723
"ME_M_2",-0.003579349
"ME_M_2",-0.003227092
"ME_M_2",-0.002911588
"ME_M_2",-0.002652706
"ME_M_2",-0.004666027
"ME_M_2",-0.006638695
"ME_M_2",-0.008267417
"ME_M_2",-0.008669103
"ME_M_2",-0.005683034
"ME_M_2",-0.004384062
"ME_M_2",-0.003367344
"ME_M_2",-0.002813351
"ME_M_2",-0.002922201
"ME_M_2",-0.002457077
"ME_M_2",-0.001734612
"ME_M_2",0.0003123742
"ME_M_2",0.0009237009
"ME_M_2",0.002478987
"ME_M_2",0.003367213
"ME_M_2",0.003452017
"ME_M_2",0.002715961
"ME_M_2",0.0012698
"ME_M_2",0.00156132
"ME_M_2",0.004319916
"ME_M_2",0.005189565
"ME_M_2",0.005617839
"ME_M_2",0.004538589
"ME_M_2",0.002360068
"ME_M_2",0.001008046
"ME_M_2",-0.003051808
"ME_M_2",-0.006995354
"ME_M_2",-0.01128497
"ME_M_2",-0.01243481
"ME_M_2",-0.01253805
"ME_M_2",-0.0116399
"ME_M_2",-0.01177959
"ME_M_2",-0.01213105
"ME_M_2",-0.01395169
"ME_M_2",-0.01492251
"ME_M_2",-0.01326856
"ME_M_2",-0.01063545
"ME_M_2",-0.005117195
"ME_M_2",-0.001989141
"ME_M_2",-0.002063773
"ME_M_2",-0.003912538
"ME_M_2",-0.006828468
"ME_M_2",-0.007913211
"ME_M_2",-0.007814771
"ME_M_2",-0.007071058
"ME_M_2",-0.00594423
"ME_M_2",-0.00469367
"ME_M_2",-0.005367817
"ME_M_2",-0.007399809
"ME_M_2",-0.01139544
"ME_M_2",-0.01142671
"ME_M_2",-0.007016343
"ME_M_2",-0.00439702
"ME_M_2",-0.001413968
"ME_M_2",-0.0002889405
"ME_M_2",0.000548451
"ME_M_2",0.0007906322
"ME_M_2",0.0009494827
"ME_M_2",0.001015087
"ME_M_2",0.001259927
"ME_M_2",0.001584703
"ME_M_2",0.002722807
"ME_M_2",0.003780006
"ME_M_2",0.004363327
"ME_M_2",0.004468409
"ME_M_2",0.004526475
"ME_M_2",0.004646109
"ME_M_2",0.004565645
"ME_M_2",0.004195184
"ME_M_2",0.003276437
"ME_M_2",0.002346195
"ME_M_2",0.001706907
"ME_M_2",0.001249874
"ME_M_2",0.0006131
"ME_M_2",0.0001448795
"ME_M_2",-0.0008527224
"ME_M_2",-0.001499646
"ME_M_2",-0.001758398
"ME_M_2",-0.001730916
"ME_M_2",-0.001331117
"ME_M_2",-0.001070322
"ME_M_2",-0.000695799
"ME_M_2",-0.0004189676
"ME_M_2",-9.147625E-05
"ME_M_2",0.002448249
"ME_M_2",0.002056826
"ME_M_2",0.001441103
"ME_M_2",-0.0003624017
"ME_M_2",-0.001556308
"ME_M_2",-0.002308067
"ME_M_2",-0.00274677
"ME_M_2",-0.002583939
"ME_M_2",-0.0009471975
"ME_M_2",-0.0005803417
"ME_M_2",-0.000506177
"ME_M_2",-0.001199929
"ME_M_2",-0.0006554472
"ME_M_2",0.001098837
"ME_M_2",0.003485524
"ME_M_2",0.003397347
"ME_M_2",0.002013895
"ME_M_2",0.001316974
"ME_M_2",0.0005632711
"ME_M_2",-0.0005538241
"ME_M_2",-0.001098706
"ME_M_2",-0.003400344
"ME_M_2",-0.006540692
"ME_M_2",-0.007157437
"ME_M_2",-0.00382104
"ME_M_2",-0.0008236357
"ME_M_2",0.002504956
"ME_M_2",0.00567818
"ME_M_2",0.004151101
"ME_M_2",0.000208305
"ME_M_2",-0.003209535
"ME_M_2",-0.002577187
"ME_M_2",0.003637707
"ME_M_2",0.005368354
"ME_M_2",0.00572758
"ME_M_2",0.003434572
"ME_M_2",9.706037E-05
"ME_M_2",1.918139E-05
"ME_M_2",0.003423475
"ME_M_2",0.005296378
"ME_M_2",0.004807713
"ME_M_2",0.002827426
"ME_M_2",0.0009999197
"ME_M_2",0.00176594
"ME_M_2",0.004114028
"ME_M_2",0.00727432
"ME_M_2",0.007912237
"ME_M_2",0.005851382
"ME_M_2",-0.002704935
"ME_M_2",-0.004905581
"ME_M_2",-0.005539941
"ME_M_2",-0.002803884
"ME_M_2",-0.001171966
"ME_M_2",-0.001200513
"ME_M_2",-0.001644817
"ME_M_2",-0.001356996
"ME_M_2",0.001790334
"ME_M_2",0.003872543
"ME_M_2",0.007287099
"ME_M_2",0.01231089
"ME_M_2",0.01303951
"ME_M_2",0.01175299
"ME_M_2",0.01005953
"ME_M_2",0.008873332
"ME_M_2",0.009150816
"ME_M_2",0.009197699
"ME_M_2",0.008724521
"ME_M_2",0.005762159
"ME_M_2",0.003900099
"ME_M_2",0.002256666
"ME_M_2",0.001453117
"ME_M_2",0.001800081
"ME_M_2",0.002937412
"ME_M_2",0.01162885
"ME_M_2",0.01217104
"ME_M_2",0.0124062
"ME_M_2",0.01209665
"ME_M_2",0.01136132
"ME_M_2",0.009412274
"ME_M_2",0.007039168
"ME_M_2",0.005279239
"ME_M_2",0.004778861
"ME_M_2",0.004668601
"ME_M_2",0.004551506
"ME_M_2",0.004887563
"ME_M_2",0.00523605
"ME_M_2",0.005728684
"ME_M_2",0.00624286
"ME_M_2",0.007306533
"ME_M_2",0.00830689
"ME_M_2",0.008531215
"ME_M_2",0.00804085
"ME_M_2",0.007592798
"ME_M_2",0.008140111
"ME_M_2",0.008553423
"ME_M_2",0.007619522
"ME_M_2",0.00611926
"ME_M_2",0.00330433
"ME_M_2",0.001831157
"ME_M_2",-0.001272339
"ME_M_2",-0.005064488
"ME_M_2",-0.007819978
"ME_M_2",-0.01053141
"ME_M_2",-0.01190435
"ME_M_2",-0.01155707
"ME_M_2",-0.01058618
"ME_M_2",-0.009293893
"ME_M_2",-0.008950055
"ME_M_2",-0.009560809
"ME_M_2",-0.0100382
"ME_M_2",-0.01005845
"ME_M_2",-0.01113351
"ME_M_2",-0.01166283
"ME_M_2",-0.01121367
"ME_M_2",-0.01045865
"ME_M_2",-0.009544269
"ME_M_2",-0.008524993
"ME_M_2",-0.007101132
"ME_M_2",-0.007585868
"ME_M_2",-0.009525809
"ME_M_2",-0.009581275
"ME_M_2",-0.009221324
"ME_M_2",-0.00901641
"ME_M_2",-0.008947035
"ME_M_2",-0.008644849
"ME_M_2",-0.008695113
"ME_M_2",-0.008215494
"ME_M_2",-0.006758478
"ME_M_2",-0.006825281
"ME_M_2",-0.007517952
"ME_M_2",-0.007485359
"ME_M_2",-0.005035468
"ME_M_2",-0.003745023
"ME_M_2",-0.001291257
"ME_M_2",-0.0001235858
"ME_M_2",0.000715626
"ME_M_2",-0.0009181641
"ME_M_2",-0.002865999
"ME_M_2",-0.004465108
"ME_M_2",-0.004079145
"ME_M_2",-0.004015531
"ME_M_2",-0.003520329
"ME_M_2",-0.002725618
"ME_M_2",-0.002489134
"ME_M_2",-0.002611869
"ME_M_2",-0.002381727
"ME_M_2",0.004255446
"ME_M_2",0.003933333
"ME_M_2",0.00338613
"ME_M_2",0.002470228
"ME_M_2",0.0001323721
"ME_M_2",-0.001735747
"ME_M_2",-0.0032267
"ME_M_2",-0.00325939
"ME_M_2",-0.002137322
"ME_M_2",-0.0008977444
"ME_M_2",-0.0005383706
"ME_M_2",-0.001017361
"ME_M_2",-0.001201897
"ME_M_2",-0.001340236
"ME_M_2",-0.001534994
"ME_M_2",-0.002484225
"ME_M_2",-0.004919025
"ME_M_2",-0.006863085
"ME_M_2",-0.008985433
"ME_M_2",-0.00933836
"ME_M_2",-0.008112917
"ME_M_2",-0.00641788
"ME_M_2",-0.005501402
"ME_M_2",-0.005365948
"ME_M_2",-0.007712299
"ME_M_2",-0.008692764
"ME_M_2",-0.009346102
"ME_M_2",-0.0100333
"ME_M_2",-0.01061904
"ME_M_2",-0.01010405
"ME_M_2",-0.008585428
"ME_M_2",-0.005342396
"ME_M_2",-0.003986641
"ME_M_2",-0.003067722
"ME_M_2",-0.00260365
"ME_M_2",-0.002490348
"ME_M_2",-0.001270108
"ME_M_2",-0.0005619939
"ME_M_2",6.724801E-05
"ME_M_2",0.0004060262
"ME_M_2",0.0001094692
"ME_M_2",-3.752625E-05
"ME_M_2",0.0001749576
"ME_M_2",9.533786E-05
"ME_M_2",0.0004354755
"ME_M_2",0.0004691096
"ME_M_2",0.0004862065
"ME_M_2",0.0002096947
"ME_M_2",-5.936814E-05
"ME_M_2",-0.0002262878
"ME_M_2",-0.0003984428
"ME_M_2",-0.0004716591
"ME_M_2",-0.0009940332
"ME_M_2",-0.001193565
"ME_M_2",-0.00164212
"ME_M_2",-0.002254178
"ME_M_2",-0.002726262
"ME_M_2",-0.002906916
"ME_M_2",-0.00280955
"ME_M_2",-0.002802228
"ME_M_2",-0.002685095
"ME_M_2",-0.002588284
"ME_M_2",-0.002565485
"ME_M_2",-0.001964341
"ME_M_2",-0.0007452542
"ME_M_2",4.436646E-05
"ME_M_2",0.0008272115
"ME_M_2",0.00116495
"ME_M_2",0.0002480414
"ME_M_2",-0.0004600286
"ME_M_2",-0.0007956841
"ME_M_2",-0.001216598
"ME_M_2",-0.0004766711
"ME_M_2",-0.002857587
"ME_M_2",-0.002505193
"ME_M_2",-0.002401172
"ME_M_2",-0.00239684
"ME_M_2",-0.003084041
"ME_M_2",-0.003502439
"ME_M_2",-0.003423362
"ME_M_2",-0.002318953
"ME_M_2",-0.001789631
"ME_M_2",-0.001589679
"ME_M_2",-0.001699176
"ME_M_2",-0.002089665
"ME_M_2",-0.002591691
"ME_M_2",-0.002916084
"ME_M_2",-0.002310602
"ME_M_2",-0.0001643753
"ME_M_2",8.905772E-06
"ME_M_2",-0.002070683
"ME_M_2",-0.002769631
"ME_M_2",-0.004025949
"ME_M_2",-0.004696764
"ME_M_2",-0.005712186
"ME_M_2",-0.005536286
"ME_M_2",-0.002611261
"ME_M_2",-0.001167862
"ME_M_2",-0.001581989
"ME_M_2",-0.00237035
"ME_M_2",-0.004734793
"ME_M_2",-0.005692602
"ME_M_2",-0.005028568
"ME_M_2",-0.003725162
"ME_M_2",-0.001227757
"ME_M_2",-0.001053159
"ME_M_2",-0.003307554
"ME_M_2",-0.004279932
"ME_M_2",-0.006608389
"ME_M_2",-0.007159556
"ME_M_2",-0.006047214
"ME_M_2",-0.004698378
"ME_M_2",-0.004172965
"ME_M_2",-0.004057358
"ME_M_2",-0.00330872
"ME_M_2",-0.002957576
"ME_M_2",-0.002263331
"ME_M_2",-0.001200139
"ME_M_2",0.0002283138
"ME_M_2",0.001082677
"ME_M_2",0.001529405
"ME_M_2",0.001922986
"ME_M_2",0.004536406
"ME_M_2",0.006576247
"ME_M_2",0.00875945
"ME_M_2",0.008018125
"ME_M_2",0.005634707
"ME_M_2",0.00491025
"ME_M_2",0.004254903
"ME_M_2",0.004390797
"ME_M_2",0.005321981
"ME_M_2",0.005875519
"ME_M_2",0.005373376
"ME_M_2",0.004134139
"ME_M_2",0.001167634
"ME_M_2",-0.0009286766
"ME_M_2",-0.002976648
"ME_M_2",-0.00416036
"ME_M_2",-0.004947603
"ME_M_2",-0.005249635
"ME_M_2",-0.005928742
"ME_M_2",-0.006491954
"ME_M_2",-0.006610536
"ME_M_2",-0.006403468
"ME_M_2",-0.005443897
"ME_M_2",-0.003810605
"ME_M_2",-0.009178696
"ME_M_2",-0.007658645
"ME_M_2",-0.004348752
"ME_M_2",-0.002894421
"ME_M_2",-0.001958657
"ME_M_2",-0.001502278
"ME_M_2",-0.001914401
"ME_M_2",-0.002735127
"ME_M_2",-0.004074881
"ME_M_2",-0.006068611
"ME_M_2",-0.008413128
"ME_M_2",-0.009348687
"ME_M_2",-0.01055326
"ME_M_2",-0.01198426
"ME_M_2",-0.01235315
"ME_M_2",-0.01088175
"ME_M_2",-0.008555757
"ME_M_2",-0.005591833
"ME_M_2",-0.002705358
"ME_M_2",-0.0015266
"ME_M_2",-0.0006620086
"ME_M_2",0.0004050127
"ME_M_2",0.002287938
"ME_M_2",0.002716765
"ME_M_2",0.002565776
"ME_M_2",0.001797974
"ME_M_2",0.001834387
"ME_M_2",0.002445936
"ME_M_2",0.003435263
"ME_M_2",0.003991059
"ME_M_2",0.004461132
"ME_M_2",0.004548053
"ME_M_2",0.003694259
"ME_M_2",0.001670826
"ME_M_2",0.001080718
"ME_M_2",0.001893428
"ME_M_2",0.003171947
"ME_M_2",0.003360041
"ME_M_2",0.001106232
"ME_M_2",0.000603062
"ME_M_2",0.0007385502
"ME_M_2",0.00171314
"ME_M_2",0.002236845
"ME_M_2",0.001875853
"ME_M_2",0.001258069
"ME_M_2",0.001280157
"ME_M_2",0.0002441221
"ME_M_2",-0.0002613007
"ME_M_2",0.0001409194
"ME_M_2",0.002345159
"ME_M_2",0.004405192
"ME_M_2",0.003970506
"ME_M_2",0.00269362
"ME_M_2",0.001593858
"ME_M_2",0.001912592
"ME_M_2",0.002174862
"ME_M_2",0.002080388
"ME_M_2",0.001388352
"ME_M_2",0.0002805139
"ME_M_2",-0.0007447888
"ME_M_2",-0.001907319
"ME_M_2",-0.002863048
"ME_M_2",-0.004390298
"ME_M_2",-0.004716719
"ME_M_2",-0.004711663
"ME_M_2",-0.003945035
"ME_M_2",-0.003166403
"ME_M_2",-0.004099415
"ME_M_2",-0.005776731
"ME_M_2",-0.00783255
"ME_M_2",-0.006915351
"ME_M_2",-0.006190623
"ME_M_2",-0.005670504
"ME_M_2",-0.005931297
"ME_M_2",-6.93989E-05
"ME_M_2",0.0003099218
"ME_M_2",0.000916362
"ME_M_2",0.001845962
"ME_M_2",0.001825866
"ME_M_2",0.00181768
"ME_M_2",0.002108009
"ME_M_2",0.004015064
"ME_M_2",0.004942188
"ME_M_2",0.005624492
"ME_M_2",0.006505033
"ME_M_2",0.006741784
"ME_M_2",0.006839352
"ME_M_2",0.006774652
"ME_M_2",0.006323182
"ME_M_2",0.00404518
"ME_M_2",0.003117612
"ME_M_2",0.002952183
"ME_M_2",0.003682693
"ME_M_2",0.004003608
"ME_M_2",0.003467557
"ME_M_2",0.002287837
"ME_M_2",0.001424778
"ME_M_2",0.0004742924
"ME_M_2",4.101358E-05
"ME_M_2",-0.0008238276
"ME_M_2",-0.002341833
"ME_M_2",-0.004696415
"ME_M_2",-0.005955204
"ME_M_2",-0.00776323
"ME_M_2",-0.009938842
"ME_M_2",-0.01071363
"ME_M_2",-0.00993965
"ME_M_2",-0.009196132
"ME_M_2",-0.007646245
"ME_M_2",-0.004820733
"ME_M_2",-0.002961478
"ME_M_2",-0.001411569
"ME_M_2",-0.0007119512
"ME_M_2",-0.001369221
"ME_M_2",-0.001663363
"ME_M_2",-0.00209408
"ME_M_2",-0.002723086
"ME_M_2",-0.004064381
"ME_M_2",-0.004441612
"ME_M_2",-0.004821429
"ME_M_2",-0.004649074
"ME_M_2",-0.004049989
"ME_M_2",-0.003830721
"ME_M_2",-0.003492817
"ME_M_2",-0.003573013
"ME_M_2",-0.00363588
"ME_M_2",-0.003772835
"ME_M_2",-0.003955206
"ME_M_2",-0.004517825
"ME_M_2",-0.005682864
"ME_M_2",-0.006230612
"ME_M_2",-0.006204557
"ME_M_2",-0.005911551
"ME_M_2",-0.004629958
"ME_M_2",-0.004355209
"ME_M_2",-0.004163602
"ME_M_2",-0.004007136
"ME_M_2",-0.004199619
"ME_M_2",-0.004387066
"ME_M_2",-0.004676719
"ME_M_2",-0.00502223
"ME_M_2",-0.004472407
"ME_M_2",-0.003738657
"ME_M_2",-0.002583246
"ME_M_2",-0.001160036
"ME_M_2",-0.001075339
"ME_M_2",-0.001353253
"ME_M_2",0.01941425
"ME_M_2",0.0153519
"ME_M_2",0.01367042
"ME_M_2",0.01294126
"ME_M_2",0.01300533
"ME_M_2",0.01266587
"ME_M_2",0.01070287
"ME_M_2",0.00813907
"ME_M_2",0.004767451
"ME_M_2",0.00169574
"ME_M_2",-0.001396365
"ME_M_2",-0.00271493
"ME_M_2",-0.004990667
"ME_M_2",-0.007386044
"ME_M_2",-0.007150708
"ME_M_2",-0.006552706
"ME_M_2",-0.006499021
"ME_M_2",-0.006275291
"ME_M_2",-0.006401454
"ME_M_2",-0.005845393
"ME_M_2",-0.005396654
"ME_M_2",-0.005813653
"ME_M_2",-0.008271037
"ME_M_2",-0.009523021
"ME_M_2",-0.01038358
"ME_M_2",-0.01070791
"ME_M_2",-0.01070128
"ME_M_2",-0.008755648
"ME_M_2",-0.006859298
"ME_M_2",-0.006351662
"ME_M_2",-0.007869713
"ME_M_2",-0.008356512
"ME_M_2",-0.007988477
"ME_M_2",-0.00722376
"ME_M_2",-0.005676419
"ME_M_2",-0.006064296
"ME_M_2",-0.007602279
"ME_M_2",-0.01008127
"ME_M_2",-0.01068514
"ME_M_2",-0.01080336
"ME_M_2",-0.009866111
"ME_M_2",-0.008859923
"ME_M_2",-0.008059813
"ME_M_2",-0.008508299
"ME_M_2",-0.008541949
"ME_M_2",-0.008655356
"ME_M_2",-0.007228217
"ME_M_2",-0.005645453
"ME_M_2",-0.004143943
"ME_M_2",-0.003179667
"ME_M_2",-0.00289822
"ME_M_2",-0.003201121
"ME_M_2",-0.003148263
"ME_M_2",-0.002487698
"ME_M_2",-0.001834864
"ME_M_2",-0.001263586
"ME_M_2",-0.0001207753
"ME_M_2",0.0008296807
"ME_M_2",0.000978612
"ME_M_2",-0.000338106
"ME_M_2",-0.000909551
"ME_M_2",-0.001311024
"ME_M_2",-0.0006432532
"ME_M_2",0.001305672
"ME_M_2",0.002260327
"ME_M_2",0.001276499
"ME_M_2",-0.0006146638
"ME_M_2",-0.004227879
"ME_M_2",-0.004800357
"ME_M_2",-0.004558065
"ME_M_2",-0.002801574
"ME_M_2",-0.0006066191
"ME_M_2",0.001083261
"ME_M_3",-0.0001705058
"ME_M_3",0.0002050015
"ME_M_3",0.001057981
"ME_M_3",0.00159522
"ME_M_3",0.00170941
"ME_M_3",0.001650763
"ME_M_3",0.001302513
"ME_M_3",0.0005515917
"ME_M_3",-0.0007175716
"ME_M_3",-0.001469266
"ME_M_3",-0.001687767
"ME_M_3",-0.002102609
"ME_M_3",-0.002507323
"ME_M_3",-0.003216667
"ME_M_3",-0.003730059
"ME_M_3",-0.004523363
"ME_M_3",-0.004846913
"ME_M_3",-0.004768669
"ME_M_3",-0.004532127
"ME_M_3",-0.00505771
"ME_M_3",-0.005223793
"ME_M_3",-0.004904955
"ME_M_3",-0.003837818
"ME_M_3",-0.002056124
"ME_M_3",-0.001367367
"ME_M_3",-0.000950249
"ME_M_3",-0.00167963
"ME_M_3",-0.003189919
"ME_M_3",-0.003695715
"ME_M_3",-0.003460868
"ME_M_3",-0.003049254
"ME_M_3",-0.003011536
"ME_M_3",-0.003007398
"ME_M_3",-0.00305892
"ME_M_3",-0.002711014
"ME_M_3",-0.001795006
"ME_M_3",-0.0008265561
"ME_M_3",-0.0006729661
"ME_M_3",-0.0009322785
"ME_M_3",-0.001196324
"ME_M_3",-0.00120243
"ME_M_3",-0.0009258596
"ME_M_3",-0.0007595818
"ME_M_3",-0.0007577121
"ME_M_3",-0.0008487924
"ME_M_3",-0.0008154396
"ME_M_3",-0.0009395384
"ME_M_3",-0.001023686
"ME_M_3",-0.00042868
"ME_M_3",0.0001347262
"ME_M_3",0.0003279029
"ME_M_3",7.970596E-05
"ME_M_3",-0.0006499066
"ME_M_3",-0.002058512
"ME_M_3",-0.00288525
"ME_M_3",-0.003506947
"ME_M_3",-0.00348086
"ME_M_3",-0.003814429
"ME_M_3",-0.004257659
"ME_M_3",-0.004708702
"ME_M_3",-0.004586255
"ME_M_3",-0.003978964
"ME_M_3",-0.003608485
"ME_M_3",-0.002945869
"ME_M_3",-0.003073383
"ME_M_3",-0.003584813
"ME_M_3",-0.00372974
"ME_M_3",-0.003467668
"ME_M_3",-0.00303227
"ME_M_3",-0.002624126
"ME_M_3",-0.002775793
"ME_M_3",-0.002847405
"ME_M_3",-0.002958825
"ME_M_3",-0.002734694
"ME_M_3",-0.002322797
"ME_M_3",-0.001866483
"ME_M_3",-0.001279126
"ME_M_3",-0.001630506
"ME_M_3",-0.001890566
"ME_M_3",-0.00259795
"ME_M_3",-0.003119562
"ME_M_3",-0.003651142
"ME_M_3",-0.003801703
"ME_M_3",-0.003434055
"ME_M_3",-0.003265151
"ME_M_3",-0.002464011
"ME_M_3",-0.001949116
"ME_M_3",-0.001646764
"ME_M_3",-0.001866261
"ME_M_3",-0.001509308
"ME_M_3",-0.001132417
"ME_M_3",-0.0008482606
"ME_M_3",-0.0007517345
"ME_M_3",-0.0008284665
"ME_M_3",-0.0004831519
"ME_M_3",0.0003315947
"ME_M_3",0.000673455
"ME_M_3",0.001553803
"ME_M_3",0.002118623
"ME_M_3",0.002316086
"ME_M_3",0.00250579
"ME_M_3",0.0002421581
"ME_M_3",-0.0003024472
"ME_M_3",-0.001233526
"ME_M_3",-0.0009672301
"ME_M_3",0.0003575757
"ME_M_3",0.0004977874
"ME_M_3",-6.717886E-05
"ME_M_3",-0.0003881679
"ME_M_3",-0.001391871
"ME_M_3",-0.002005519
"ME_M_3",-0.002626212
"ME_M_3",-0.002614999
"ME_M_3",-0.003220109
"ME_M_3",-0.003580967
"ME_M_3",-0.003914344
"ME_M_3",-0.003947166
"ME_M_3",-0.003969939
"ME_M_3",-0.004207799
"ME_M_3",-0.005438384
"ME_M_3",-0.005846055
"ME_M_3",-0.005387527
"ME_M_3",-0.004205955
"ME_M_3",-0.00346
"ME_M_3",-0.00325506
"ME_M_3",-0.002939139
"ME_M_3",-0.002379651
"ME_M_3",-0.001558477
"ME_M_3",-0.001396509
"ME_M_3",-0.001918634
"ME_M_3",-0.001924452
"ME_M_3",-0.001943396
"ME_M_3",-0.001653831
"ME_M_3",-0.0006171145
"ME_M_3",-3.824342E-05
"ME_M_3",0.0001620019
"ME_M_3",0.0003941834
"ME_M_3",0.0008467418
"ME_M_3",0.0009644034
"ME_M_3",0.0006115604
"ME_M_3",0.00049679
"ME_M_3",6.078865E-05
"ME_M_3",5.000428E-05
"ME_M_3",-0.000357881
"ME_M_3",-0.0006427086
"ME_M_3",-0.0008178892
"ME_M_3",-0.001266106
"ME_M_3",-0.001362058
"ME_M_3",-0.001330841
"ME_M_3",-0.001250374
"ME_M_3",-0.001520947
"ME_M_3",-0.001734762
"ME_M_3",-0.00204332
"ME_M_3",-0.002187559
"ME_M_3",-0.002052235
"ME_M_3",-0.001808695
"ME_M_3",-0.00143124
"ME_M_3",-0.0008640033
"ME_M_3",-5.666958E-05
"ME_M_3",0.0001210652
"ME_M_3",0.0001343026
"ME_M_3",0.0005412415
"ME_M_3",0.0006055384
"ME_M_3",0.0005907378
"ME_M_3",0.001006665
"ME_M_3",0.00183834
"ME_M_3",0.004007475
"ME_M_3",0.005465775
"ME_M_3",0.006511151
"ME_M_3",0.007038604
"ME_M_3",0.004303041
"ME_M_3",0.002482235
"ME_M_3",0.001100816
"ME_M_3",0.001066648
"ME_M_3",0.002149686
"ME_M_3",0.002479292
"ME_M_3",0.002058836
"ME_M_3",0.0005974585
"ME_M_3",-0.0006219661
"ME_M_3",-0.0006172148
"ME_M_3",-0.0004799286
"ME_M_3",-0.0008072247
"ME_M_3",-0.002756821
"ME_M_3",-0.003834572
"ME_M_3",-0.005076885
"ME_M_3",-0.005934734
"ME_M_3",-0.007145626
"ME_M_3",-0.00745982
"ME_M_3",-0.007683212
"ME_M_3",-0.007265572
"ME_M_3",-0.005994476
"ME_M_3",-0.005661308
"ME_M_3",-0.005664964
"ME_M_3",-0.005632232
"ME_M_3",-0.004952106
"ME_M_3",-0.004364358
"ME_M_3",-0.003562549
"ME_M_3",-0.002860742
"ME_M_3",-0.002022348
"ME_M_3",-0.00238704
"ME_M_3",-0.002807026
"ME_M_3",-0.003126523
"ME_M_3",-0.001847797
"ME_M_3",-0.001124511
"ME_M_3",-0.001131761
"ME_M_3",-0.001231649
"ME_M_3",-0.001373494
"ME_M_3",-0.001106862
"ME_M_3",-0.001045903
"ME_M_3",-0.0009697649
"ME_M_3",-0.001432601
"ME_M_3",-0.002212724
"ME_M_3",-0.003500054
"ME_M_3",-0.003978245
"ME_M_3",-0.004602842
"ME_M_3",-0.00461892
"ME_M_3",-0.004408091
"ME_M_3",-0.00410257
"ME_M_3",-0.003415858
"ME_M_3",-0.001681743
"ME_M_3",-0.001833688
"ME_M_3",-0.001239954
"ME_M_3",-0.0006679326
"ME_M_3",-0.000375889
"ME_M_3",-0.0001206189
"ME_M_3",-0.0001117041
"ME_M_3",-7.874295E-05
"ME_M_3",-0.0002753185
"ME_M_3",-0.0005813699
"ME_M_3",-0.001128622
"ME_M_3",-0.001065733
"ME_M_3",-0.001172502
"ME_M_3",-0.001574678
"ME_M_3",-0.001791901
"ME_M_3",-0.001337976
"ME_M_3",-0.0006160829
"ME_M_3",-5.218698E-05
"ME_M_3",0.0009332233
"ME_M_3",0.001391853
"ME_M_3",0.00158895
"ME_M_3",0.0009968434
"ME_M_3",-0.001183637
"ME_M_3",-0.00191608
"ME_M_3",-0.002766643
"ME_M_3",-0.002536486
"ME_M_3",-0.00107532
"ME_M_3",-0.001109813
"ME_M_3",-0.001312043
"ME_M_3",-0.001805347
"ME_M_3",-0.0004623514
"ME_M_3",0.0006437362
"ME_M_3",0.002691737
"ME_M_3",0.003615115
"ME_M_3",0.00150998
"ME_M_3",0.0001910949
"ME_M_3",-0.0009875416
"ME_M_3",-0.001473348
"ME_M_3",-0.001699869
"ME_M_3",-0.00321113
"ME_M_3",-0.004680283
"ME_M_3",-0.005334453
"ME_M_3",-0.00473827
"ME_M_3",-0.00373352
"ME_M_3",-0.002645399
"ME_M_3",-0.001928239
"ME_M_3",-0.001238678
"ME_M_3",-0.001165127
"ME_M_3",-0.001431728
"ME_M_3",-0.001762989
"ME_M_3",-0.001674285
"ME_M_3",-0.001376939
"ME_M_3",-0.0008042895
"ME_M_3",-0.0003216769
"ME_M_3",6.095401E-05
"ME_M_3",0.0005284795
"ME_M_3",0.000750778
"ME_M_3",0.000670319
"ME_M_3",0.0005671321
"ME_M_3",0.0006126771
"ME_M_3",0.0002555868
"ME_M_3",-0.0006101921
"ME_M_3",-0.001384935
"ME_M_3",-0.001874872
"ME_M_3",-0.002255078
"ME_M_3",-0.002522534
"ME_M_3",-0.002651853
"ME_M_3",-0.002705622
"ME_M_3",-0.003010423
"ME_M_3",-0.003588215
"ME_M_3",-0.003853882
"ME_M_3",-0.003906913
"ME_M_3",-0.003805402
"ME_M_3",-0.0003064321
"ME_M_3",-0.0004030131
"ME_M_3",-0.0009282851
"ME_M_3",-0.001314144
"ME_M_3",-0.001388713
"ME_M_3",-0.001881999
"ME_M_3",-0.002119363
"ME_M_3",-0.002042293
"ME_M_3",-0.001918006
"ME_M_3",-0.001407328
"ME_M_3",-0.0006728151
"ME_M_3",0.0007757221
"ME_M_3",0.001348702
"ME_M_3",0.002072366
"ME_M_3",0.001995553
"ME_M_3",0.001905686
"ME_M_3",0.002167298
"ME_M_3",0.003013461
"ME_M_3",0.002619309
"ME_M_3",0.002321785
"ME_M_3",0.002914832
"ME_M_3",0.003651499
"ME_M_3",0.003301139
"ME_M_3",0.001693237
"ME_M_3",-0.0008770968
"ME_M_3",-0.00185411
"ME_M_3",-0.002017768
"ME_M_3",-0.002179867
"ME_M_3",-0.003373868
"ME_M_3",-0.004248894
"ME_M_3",-0.004346428
"ME_M_3",-0.00426739
"ME_M_3",-0.003990135
"ME_M_3",-0.004144335
"ME_M_3",-0.004381112
"ME_M_3",-0.005110387
"ME_M_3",-0.005877356
"ME_M_3",-0.005347088
"ME_M_3",-0.004666403
"ME_M_3",-0.003690737
"ME_M_3",-0.001993107
"ME_M_3",-0.0003811241
"ME_M_3",-7.735423E-05
"ME_M_3",-0.0005561645
"ME_M_3",-0.001560318
"ME_M_3",-0.002415766
"ME_M_3",-0.00249726
"ME_M_3",-0.002535812
"ME_M_3",-0.00232411
"ME_M_3",-0.002457277
"ME_M_3",-0.00223707
"ME_M_3",-0.001965051
"ME_M_3",-0.00208139
"ME_M_3",-0.002330802
"ME_M_3",-0.002525357
"ME_M_3",-0.002591026
"ME_M_3",-0.001820816
"ME_M_3",-0.00136942
"ME_M_3",-0.0009492714
"ME_M_3",-0.001086794
"ME_M_3",-0.0005767632
"ME_M_3",0.0001475948
"ME_M_3",0.0006427434
"ME_M_3",0.0004258031
"ME_M_3",8.03821E-05
"ME_M_3",-0.0003320237
"ME_M_3",-0.0004140686
"ME_M_3",-0.000148047
"ME_M_3",-0.000214919
"ME_M_3",-0.0004198926
"ME_M_3",-0.0004587374
"ME_M_3",-0.0006371734
"ME_M_3",-0.0007724951
"ME_M_3",-0.001038989
"ME_M_3",-0.001024651
"ME_M_3",-0.0009300198
"ME_M_3",-0.0009760053
"ME_M_3",-0.001604912
"ME_M_3",-0.002223335
"ME_M_3",-0.00232708
"ME_M_3",-0.002064016
"ME_M_3",-0.001284607
"ME_M_3",-0.0007893534
"ME_M_3",-6.928612E-05
"ME_M_3",0.0001438795
"ME_M_3",0.0008761678
"ME_M_3",0.00233748
"ME_M_3",0.004684524
"ME_M_3",0.00565978
"ME_M_3",0.006365279
"ME_M_3",0.006229219
"ME_M_3",0.006304082
"ME_M_3",0.006921735
"ME_M_3",0.008649722
"ME_M_3",0.009972351
"ME_M_3",0.00969729
"ME_M_3",0.008807065
"ME_M_3",0.006254387
"ME_M_3",0.003578891
"ME_M_3",0.001174787
"ME_M_3",0.000122076
"ME_M_3",-0.002047587
"ME_M_3",-0.003875965
"ME_M_3",-0.005657427
"ME_M_3",-0.006443951
"ME_M_3",-0.007013476
"ME_M_3",-0.006670398
"ME_M_3",-0.006356635
"ME_M_3",-0.006362092
"ME_M_3",-0.006154006
"ME_M_3",-0.005158382
"ME_M_3",-0.004995434
"ME_M_3",-0.005219754
"ME_M_3",-0.005077247
"ME_M_3",-0.004660303
"ME_M_3",-0.003349276
"ME_M_3",-0.002539261
"ME_M_3",-0.00147406
"ME_M_3",-0.001705804
"ME_M_3",-0.002032975
"ME_M_3",-0.001694101
"ME_M_3",-0.0002934193
"ME_M_3",-2.632196E-05
"ME_M_3",-0.0003501539
"ME_M_3",-0.0001885638
"ME_M_3",0.0002017188
"ME_M_3",0.0003480081
"ME_M_3",-1.28235E-05
"ME_M_3",-0.0002473986
"ME_M_3",-0.001314562
"ME_M_3",-0.002154003
"ME_M_3",-0.003219693
"ME_M_3",-0.003547138
"ME_M_3",-0.003972368
"ME_M_3",-0.004604968
"ME_M_3",-0.005299823
"ME_M_3",-0.00509443
"ME_M_3",-0.004053348
"ME_M_3",-0.003177153
"ME_M_3",-0.002608456
"ME_M_3",-0.002812906
"ME_M_3",-0.00291829
"ME_M_3",-0.003076544
"ME_M_3",-0.002694229
"ME_M_3",-0.00235125
"ME_M_3",-0.001678046
"ME_M_3",-0.0007525127
"ME_M_3",-0.0001468229
"ME_M_3",0.000183672
"ME_M_3",0.0002711646
"ME_M_3",0.0003134289
"ME_M_3",0.000284036
"ME_M_3",0.0004893083
"ME_M_3",0.000844934
"ME_M_3",0.00191663
"ME_M_3",0.00307769
"ME_M_3",0.003459298
"ME_M_3",0.00414004
"ME_M_3",0.004553578
"ME_M_3",0.005198815
"ME_M_3",0.005492996
"ME_M_3",0.005589742
"ME_M_3",0.005201374
"ME_M_3",0.004851509
"ME_M_3",0.004914232
"ME_M_3",0.005153199
"ME_M_3",0.005555309
"ME_M_3",0.005588027
"ME_M_3",0.005448535
"ME_M_3",0.005422464
"ME_M_3",0.005675694
"ME_M_3",0.004654171
"ME_M_3",0.003211376
"ME_M_3",0.00130468
"ME_M_3",-0.001339585
"ME_M_3",-0.003439082
"ME_M_3",-0.00403167
"ME_M_3",-0.004522135
"ME_M_3",-0.005421665
"ME_M_3",-0.005860439
"ME_M_3",-0.005343767
"ME_M_3",-0.004757543
"ME_M_3",-0.003775818
"ME_M_3",-0.003410393
"ME_M_3",-0.003972064
"ME_M_3",-0.004249529
"ME_M_3",-0.00419053
"ME_M_3",-0.001481525
"ME_M_3",-0.0001655426
"ME_M_3",0.0009440865
"ME_M_3",0.001048535
"ME_M_3",-0.001920755
"ME_M_3",-0.002877182
"ME_M_3",-0.003224792
"ME_M_3",-0.003358875
"ME_M_3",-0.004062977
"ME_M_3",-0.00449736
"ME_M_3",-0.004408889
"ME_M_3",-0.004193639
"ME_M_3",-0.003608844
"ME_M_3",-0.004138146
"ME_M_3",-0.005472076
"ME_M_3",-0.006197331
"ME_M_3",-0.004997593
"ME_M_3",-0.003640632
"ME_M_3",-0.0003253813
"ME_M_3",0.005243909
"ME_M_3",0.01192733
"ME_M_3",0.01376115
"ME_M_3",0.0149664
"ME_M_3",0.01515125
"ME_M_3",0.01437738
"ME_M_3",0.01373058
"ME_M_3",0.01221621
"ME_M_3",0.009621434
"ME_M_3",0.005632073
"ME_M_3",0.00420372
"ME_M_3",0.002747208
"ME_M_3",0.000738495
"ME_M_3",-0.001844702
"ME_M_3",-0.0006730208
"ME_M_3",-0.0001562057
"ME_M_3",-0.0001883404
"ME_M_3",-0.0001509166
"ME_M_3",-4.898195E-05
"ME_M_3",-0.000106051
"ME_M_3",-0.000233781
"ME_M_3",-0.0005965972
"ME_M_3",-0.001153332
"ME_M_3",-0.001263713
"ME_M_3",-0.001552801
"ME_M_3",-0.001888819
"ME_M_3",-0.002466985
"ME_M_3",-0.002771718
"ME_M_3",-0.003148355
"ME_M_3",-0.003279399
"ME_M_3",-0.003514564
"ME_M_3",-0.003393966
"ME_M_3",-0.003770448
"ME_M_3",-0.00358519
"ME_M_3",-0.002957348
"ME_M_3",-0.002784277
"ME_M_3",-0.00220033
"ME_M_3",-0.001625575
"ME_M_3",-0.001020037
"ME_M_3",-0.0005931768
"ME_M_3",0.0004282427
"ME_M_3",0.001373092
"ME_M_3",0.00309642
"ME_M_3",0.0042691
"ME_M_3",0.006597402
"ME_M_3",0.007818233
"ME_M_3",0.009307092
"ME_M_3",0.01045696
"ME_M_3",0.01309307
"ME_M_3",0.01494778
"ME_M_3",0.01547777
"ME_M_3",0.01549435
"ME_M_3",0.01553026
"ME_M_3",0.01545262
"ME_M_3",0.01393159
"ME_M_3",0.0130957
"ME_M_3",0.01138743
"ME_M_3",0.01066434
"ME_M_3",0.009855711
"ME_M_3",0.008895063
"ME_M_3",0.007608975
"ME_M_3",0.007568849
"ME_M_3",0.007768097
"ME_M_3",0.007382566
"ME_M_3",0.004626407
"ME_M_3",0.002588465
"ME_M_3",-0.0005588467
"ME_M_3",-0.0021626
"ME_M_3",-0.004908564
"ME_M_3",-0.006898329
"ME_M_3",-0.007602545
"ME_M_3",-0.007748459
"ME_M_3",-0.007900814
"ME_M_3",-0.007931624
"ME_M_3",-0.008538727
"ME_M_3",-0.009233257
"ME_M_3",-0.009267365
"ME_M_3",-0.008026714
"ME_M_3",-0.006506398
"ME_M_3",-0.006387568
"ME_M_3",-0.006321821
"ME_M_3",-0.006190127
"ME_M_3",-0.006247885
"ME_M_3",-0.006200338
"ME_M_3",-0.006448781
"ME_M_3",-0.006383886
"ME_M_3",-0.006305043
"ME_M_3",-0.005966573
"ME_M_3",-0.0006151024
"ME_M_3",-0.0008236926
"ME_M_3",-0.0001654341
"ME_M_3",0.0003094011
"ME_M_3",-0.0002940841
"ME_M_3",-0.001180918
"ME_M_3",-0.001994248
"ME_M_3",-0.002198052
"ME_M_3",-0.00221876
"ME_M_3",-0.002375094
"ME_M_3",-0.002553818
"ME_M_3",-0.00223058
"ME_M_3",-0.001488549
"ME_M_3",-0.001276449
"ME_M_3",-0.0008094853
"ME_M_3",-0.0008427073
"ME_M_3",-0.0007156613
"ME_M_3",-0.0001961804
"ME_M_3",-0.0005588185
"ME_M_3",-0.002387979
"ME_M_3",-0.003309969
"ME_M_3",-0.003200366
"ME_M_3",-0.0004571229
"ME_M_3",0.0004556818
"ME_M_3",0.0009452318
"ME_M_3",0.00122618
"ME_M_3",0.001437491
"ME_M_3",0.001384436
"ME_M_3",0.001227934
"ME_M_3",0.0006799217
"ME_M_3",-0.0008137439
"ME_M_3",-0.001882869
"ME_M_3",-0.002900467
"ME_M_3",-0.003789255
"ME_M_3",-0.004162472
"ME_M_3",-0.004089613
"ME_M_3",-0.003923941
"ME_M_3",-0.003264758
"ME_M_3",-0.002051293
"ME_M_3",-0.001670476
"ME_M_3",-0.00159656
"ME_M_3",-0.001951613
"ME_M_3",-0.003925606
"ME_M_3",-0.004449907
"ME_M_3",-0.004406095
"ME_M_3",-0.003695923
"ME_M_3",-0.002928492
"ME_M_3",-0.003804438
"ME_M_3",-0.004421722
"ME_M_3",-0.00454667
"ME_M_3",-0.003007099
"ME_M_3",-0.002872843
"ME_M_3",-0.002867054
"ME_M_3",-0.00336207
"ME_M_3",-0.003034488
"ME_M_3",-0.002749966
"ME_M_3",-0.002395907
"ME_M_3",-0.00187504
"ME_M_3",-0.002035199
"ME_M_3",-0.0020422
"ME_M_3",-0.002339584
"ME_M_3",-0.00283864
"ME_M_3",-0.003467734
"ME_M_3",-0.003143568
"ME_M_3",-0.003214499
"ME_M_3",-0.003084248
"ME_M_3",-0.003641446
"ME_M_3",-0.003780412
"ME_M_3",-0.00375076
"ME_M_3",-0.003918816
"ME_M_3",-0.003689295
"ME_M_3",-0.003564544
"ME_M_3",-0.003438305
"ME_M_3",-0.001543411
"ME_M_3",-0.001199567
"ME_M_3",-0.00106415
"ME_M_3",-0.001023442
"ME_M_3",-0.001413307
"ME_M_3",-0.001829417
"ME_M_3",-0.00198185
"ME_M_3",-0.001803353
"ME_M_3",-0.001049287
"ME_M_3",-0.0008566907
"ME_M_3",-0.001029424
"ME_M_3",-0.001367194
"ME_M_3",-0.001461915
"ME_M_3",-0.0009539843
"ME_M_3",-0.0009890607
"ME_M_3",-0.000665314
"ME_M_3",-0.0006551965
"ME_M_3",-0.0001300095
"ME_M_3",-2.810499E-05
"ME_M_3",0.0004287201
"ME_M_3",0.0006264145
"ME_M_3",0.0004690292
"ME_M_3",0.0003550336
"ME_M_3",0.0006279711
"ME_M_3",0.001025479
"ME_M_3",0.001177664
"ME_M_3",0.002118507
"ME_M_3",0.002418996
"ME_M_3",0.002485157
"ME_M_3",0.002062879
"ME_M_3",0.001609716
"ME_M_3",0.001318646
"ME_M_3",0.001192265
"ME_M_3",0.0004934189
"ME_M_3",-0.0005809558
"ME_M_3",-0.001895435
"ME_M_3",-0.001777831
"ME_M_3",0.0003700553
"ME_M_3",0.001734798
"ME_M_3",0.001486166
"ME_M_3",-0.0002725543
"ME_M_3",-0.00356695
"ME_M_3",-0.00532911
"ME_M_3",-0.006445035
"ME_M_3",-0.007416419
"ME_M_3",-0.007807893
"ME_M_3",-0.007711613
"ME_M_3",-0.006479689
"ME_M_3",-0.005720872
"ME_M_3",-0.004682703
"ME_M_3",-0.004002822
"ME_M_3",-0.003525453
"ME_M_3",-0.003848471
"ME_M_3",-0.003652103
"ME_M_3",-0.003079555
"ME_M_3",-0.002191099
"ME_M_3",-0.001382463
"ME_M_3",-0.0008389968
"ME_M_3",-0.0004041054
"ME_M_3",2.615305E-05
"ME_M_3",0.0001469443
"ME_M_3",-0.0001226711
"ME_M_3",-0.001382814
"ME_M_3",-0.003484481
"ME_M_3",-0.004476116
"ME_M_3",-0.005611548
"ME_M_3",-0.006082773
"ME_M_3",-0.006102661
"ME_M_3",-0.005719508
"ME_M_3",-0.005131849
"ME_M_3",-0.004551516
"ME_M_3",-0.004606614
"ME_M_3",-0.0003928841
"ME_M_3",-0.0004316359
"ME_M_3",-6.353214E-05
"ME_M_3",4.482223E-06
"ME_M_3",0.0004399247
"ME_M_3",0.0004689267
"ME_M_3",0.001065653
"ME_M_3",0.001485833
"ME_M_3",0.00152787
"ME_M_3",0.001338554
"ME_M_3",0.0006282695
"ME_M_3",-0.0001787143
"ME_M_3",-0.001137187
"ME_M_3",-0.001402
"ME_M_3",-0.001589302
"ME_M_3",-0.0006860283
"ME_M_3",0.001120084
"ME_M_3",0.002935068
"ME_M_3",0.005874753
"ME_M_3",0.007041942
"ME_M_3",0.008129975
"ME_M_3",0.008270479
"ME_M_3",0.008184987
"ME_M_3",0.00817485
"ME_M_3",0.008515344
"ME_M_3",0.008677998
"ME_M_3",0.006182228
"ME_M_3",0.004992427
"ME_M_3",0.005108527
"ME_M_3",0.005996753
"ME_M_3",0.006346475
"ME_M_3",0.005732302
"ME_M_3",0.004484397
"ME_M_3",0.003989059
"ME_M_3",0.00217676
"ME_M_3",0.0003241219
"ME_M_3",-0.002042329
"ME_M_3",-0.002699122
"ME_M_3",-0.00380917
"ME_M_3",-0.004503323
"ME_M_3",-0.005729112
"ME_M_3",-0.006690861
"ME_M_3",-0.007881523
"ME_M_3",-0.00776156
"ME_M_3",-0.007875397
"ME_M_3",-0.007779431
"ME_M_3",-0.00743436
"ME_M_3",-0.005988639
"ME_M_3",-0.003999221
"ME_M_3",-0.003548711
"ME_M_3",-0.00355811
"ME_M_3",-0.004421772
"ME_M_3",-0.004310417
"ME_M_3",-0.004519874
"ME_M_3",-0.004108087
"ME_M_3",-0.003618793
"ME_M_3",-0.003032181
"ME_M_3",-0.002710383
"ME_M_3",-0.001641229
"ME_M_3",-0.001180497
"ME_M_3",-0.0009822164
"ME_M_3",-0.0007297976
"ME_M_3",-0.0008460527
"ME_M_3",-0.0008997322
"ME_M_3",-0.0007233442
"ME_M_3",-0.0008809428
"ME_M_3",-0.0006303022
"ME_M_3",-0.0007647206
"ME_M_3",-0.0007703702
"ME_M_3",-0.0009429538
"ME_M_3",-0.001244245
"ME_M_3",-0.001755918
"ME_M_3",-0.002324841
"ME_M_3",-0.001215667
"ME_M_3",-0.001598217
"ME_M_3",-0.001653788
"ME_M_3",-0.001739761
"ME_M_3",-0.002073677
"ME_M_3",-0.002850483
"ME_M_3",-0.00292396
"ME_M_3",-0.003031267
"ME_M_3",-0.003348798
"ME_M_3",-0.003961996
"ME_M_3",-0.004180818
"ME_M_3",-0.004051345
"ME_M_3",-0.003593497
"ME_M_3",-0.002774532
"ME_M_3",-0.002261751
"ME_M_3",-0.001535135
"ME_M_3",-0.0008744694
"ME_M_3",-0.0002871867
"ME_M_3",-0.000115265
"ME_M_3",-0.0002790639
"ME_M_3",-8.248247E-05
"ME_M_3",0.001453713
"ME_M_3",0.00185126
"ME_M_3",0.001406672
"ME_M_3",-0.0001967305
"ME_M_3",-0.001384141
"ME_M_3",-0.001107412
"ME_M_3",-0.001123981
"ME_M_3",-0.001229208
"ME_M_3",-0.002030105
"ME_M_3",-0.002536081
"ME_M_3",-0.003252707
"ME_M_3",-0.004118877
"ME_M_3",-0.004705609
"ME_M_3",-0.004691829
"ME_M_3",-0.005085781
"ME_M_3",-0.005713589
"ME_M_3",-0.006204994
"ME_M_3",-0.005852043
"ME_M_3",-0.004738519
"ME_M_3",-0.003419028
"ME_M_3",-0.00179389
"ME_M_3",-0.001855484
"ME_M_3",-0.002022695
"ME_M_3",-0.00189737
"ME_M_3",-0.002657447
"ME_M_3",-0.002959017
"ME_M_3",-0.003022871
"ME_M_3",-0.002870123
"ME_M_3",-0.003907538
"ME_M_3",-0.003942601
"ME_M_3",-0.003515276
"ME_M_3",-0.002028219
"ME_M_3",-0.001304427
"ME_M_3",-0.001607534
"ME_M_3",-0.002105281
"ME_M_3",-0.00245482
"ME_M_3",-0.001855747
"ME_M_3",-0.001956446
"ME_M_3",-0.002003867
"ME_M_3",-0.002273164
"ME_M_3",-0.001780407
"ME_M_3",-0.001277896
"ME_M_3",-0.001215353
"ME_M_3",-0.0009446963
"ME_M_3",-0.001022416
"ME_M_3",-0.0009850543
"ME_M_3",-0.0009115333
"ME_M_3",-0.000776277
"ME_M_3",-0.001138683
"ME_M_3",-0.001249913
"ME_M_3",-0.001472987
"ME_M_3",-0.001651311
"ME_M_4",0.003146318
"ME_M_4",0.002407595
"ME_M_4",0.002010336
"ME_M_4",0.001612044
"ME_M_4",0.0009608078
"ME_M_4",0.0002298364
"ME_M_4",-0.0001401902
"ME_M_4",-0.000431756
"ME_M_4",-0.001012624
"ME_M_4",-0.002076044
"ME_M_4",-0.002809594
"ME_M_4",-0.003499213
"ME_M_4",-0.00420492
"ME_M_4",-0.004591058
"ME_M_4",-0.00448131
"ME_M_4",-0.003930337
"ME_M_4",-0.003751666
"ME_M_4",-0.00391733
"ME_M_4",-0.003891494
"ME_M_4",-0.004217522
"ME_M_4",-0.004766305
"ME_M_4",-0.00510433
"ME_M_4",-0.005311233
"ME_M_4",-0.005762786
"ME_M_4",-0.006232105
"ME_M_4",-0.006886365
"ME_M_4",-0.007195268
"ME_M_4",-0.006755445
"ME_M_4",-0.005097696
"ME_M_4",-0.003448026
"ME_M_4",-0.00203683
"ME_M_4",-0.0006337858
"ME_M_4",0.0005718135
"ME_M_4",0.001618646
"ME_M_4",0.001609066
"ME_M_4",0.00152694
"ME_M_4",0.001090382
"ME_M_4",3.108289E-05
"ME_M_4",-0.00107527
"ME_M_4",-0.00283308
"ME_M_4",-0.003669374
"ME_M_4",-0.002786156
"ME_M_4",-0.00202467
"ME_M_4",-0.001904721
"ME_M_4",-0.002011904
"ME_M_4",-0.002093774
"ME_M_4",-0.002385993
"ME_M_4",-0.002244053
"ME_M_4",-0.002062766
"ME_M_4",-0.001905957
"ME_M_4",-0.002299132
"ME_M_4",-0.003082786
"ME_M_4",-0.003728756
"ME_M_4",-0.003481549
"ME_M_4",-0.002712047
"ME_M_4",-0.002194335
"ME_M_4",-0.002028277
"ME_M_4",-0.001666309
"ME_M_4",-0.001545274
"ME_M_4",-0.00116305
"ME_M_4",-0.0009874152
"ME_M_4",-0.0008091462
"ME_M_4",-0.0008302942
"ME_M_4",-0.001173329
"ME_M_4",-0.00114134
"ME_M_4",-0.0004219355
"ME_M_4",1.67432E-05
"ME_M_4",0.0005978462
"ME_M_4",0.0008532885
"ME_M_4",0.001609518
"ME_M_4",0.001685499
"ME_M_4",0.001756628
"ME_M_4",-0.002400124
"ME_M_4",-0.002413626
"ME_M_4",-0.001715689
"ME_M_4",-0.001276585
"ME_M_4",-0.0008060287
"ME_M_4",2.854765E-05
"ME_M_4",0.0007776904
"ME_M_4",0.0007619964
"ME_M_4",0.0005847671
"ME_M_4",4.976776E-06
"ME_M_4",-0.0009134313
"ME_M_4",-0.001239639
"ME_M_4",-0.00169912
"ME_M_4",-0.002683779
"ME_M_4",-0.002885172
"ME_M_4",-0.002605424
"ME_M_4",-0.002239933
"ME_M_4",-0.002155207
"ME_M_4",-0.004910083
"ME_M_4",-0.006313851
"ME_M_4",-0.007189672
"ME_M_4",-0.007015419
"ME_M_4",-0.006713558
"ME_M_4",-0.007184772
"ME_M_4",-0.007281655
"ME_M_4",-0.00777552
"ME_M_4",-0.008590694
"ME_M_4",-0.00912304
"ME_M_4",-0.009714296
"ME_M_4",-0.009793952
"ME_M_4",-0.006138642
"ME_M_4",-0.00437698
"ME_M_4",-0.0029583
"ME_M_4",-0.002199975
"ME_M_4",-0.002952816
"ME_M_4",-0.003341681
"ME_M_4",-0.003680035
"ME_M_4",-0.00378732
"ME_M_4",-0.004108488
"ME_M_4",-0.004142297
"ME_M_4",-0.004247682
"ME_M_4",-0.003883316
"ME_M_4",-0.00287155
"ME_M_4",-0.002664147
"ME_M_4",-0.002436848
"ME_M_4",-0.002666212
"ME_M_4",-0.002642658
"ME_M_4",-0.002731543
"ME_M_4",-0.00312116
"ME_M_4",-0.003407849
"ME_M_4",-0.004885258
"ME_M_4",-0.004931496
"ME_M_4",-0.004504282
"ME_M_4",-0.003890224
"ME_M_4",-0.003865999
"ME_M_4",-0.004054525
"ME_M_4",-0.003905366
"ME_M_4",-0.003651113
"ME_M_4",-0.002606899
"ME_M_4",-0.002232185
"ME_M_4",-0.001686562
"ME_M_4",-0.001317982
"ME_M_4",-0.0004399531
"ME_M_4",-9.560457E-05
"ME_M_4",0.0004950243
"ME_M_4",0.00106409
"ME_M_4",0.001601673
"ME_M_4",0.001631954
"ME_M_4",0.001493555
"ME_M_4",0.001437118
"ME_M_4",0.001011363
"ME_M_4",0.0008523857
"ME_M_4",0.0007014074
"ME_M_4",-0.002180786
"ME_M_4",-0.00275917
"ME_M_4",-0.002990611
"ME_M_4",-0.003478792
"ME_M_4",-0.003627332
"ME_M_4",-0.003648424
"ME_M_4",-0.00343049
"ME_M_4",-0.003327869
"ME_M_4",-0.00337824
"ME_M_4",-0.002852235
"ME_M_4",-0.002104826
"ME_M_4",-0.001833716
"ME_M_4",-0.001872091
"ME_M_4",-0.002003499
"ME_M_4",-0.002119109
"ME_M_4",-0.002632219
"ME_M_4",-0.003569203
"ME_M_4",-0.00541609
"ME_M_4",-0.008967441
"ME_M_4",-0.01405022
"ME_M_4",-0.01470342
"ME_M_4",-0.01431052
"ME_M_4",-0.01204072
"ME_M_4",-0.00619744
"ME_M_4",-0.004250076
"ME_M_4",-0.003307148
"ME_M_4",-0.003264323
"ME_M_4",-0.00266914
"ME_M_4",-0.001793185
"ME_M_4",-0.0004567486
"ME_M_4",0.0008141011
"ME_M_4",0.0009091395
"ME_M_4",-0.0001389704
"ME_M_4",-0.0009698568
"ME_M_4",-0.001989889
"ME_M_4",-0.0005092542
"ME_M_4",0.0002300699
"ME_M_4",0.0004984859
"ME_M_4",0.0002892344
"ME_M_4",-0.0003034104
"ME_M_4",-0.0004373522
"ME_M_4",-0.0005777932
"ME_M_4",-0.0009018052
"ME_M_4",-0.002199765
"ME_M_4",-0.002934633
"ME_M_4",-0.003461614
"ME_M_4",-0.003839967
"ME_M_4",-0.004284584
"ME_M_4",-0.004573885
"ME_M_4",-0.004810079
"ME_M_4",-0.004774305
"ME_M_4",-0.003602691
"ME_M_4",-0.003340455
"ME_M_4",-0.00332548
"ME_M_4",-0.003354514
"ME_M_4",-0.003350922
"ME_M_4",-0.003720166
"ME_M_4",-0.003739601
"ME_M_4",-0.003784471
"ME_M_4",-0.002213295
"ME_M_4",-0.001620213
"ME_M_4",-0.001062704
"ME_M_4",-0.0007057829
"ME_M_4",0.0003378
"ME_M_4",0.0008666876
"ME_M_4",0.0007337788
"ME_M_4",0.0003884025
"ME_M_4",0.0006549365
"ME_M_4",0.00129675
"ME_M_4",0.001497971
"ME_M_4",0.001267902
"ME_M_4",0.0007546793
"ME_M_4",0.0003673872
"ME_M_4",-0.004820772
"ME_M_4",-0.005062168
"ME_M_4",-0.005477657
"ME_M_4",-0.005452574
"ME_M_4",-0.005364442
"ME_M_4",-0.00539064
"ME_M_4",-0.00570173
"ME_M_4",-0.005499936
"ME_M_4",-0.004940799
"ME_M_4",-0.004022884
"ME_M_4",-0.002190993
"ME_M_4",-0.001042385
"ME_M_4",0.0001920787
"ME_M_4",0.0002179641
"ME_M_4",-0.0006751129
"ME_M_4",-0.0005016651
"ME_M_4",-5.654164E-05
"ME_M_4",0.0001752048
"ME_M_4",-0.001134492
"ME_M_4",-0.001713107
"ME_M_4",-0.002596114
"ME_M_4",-0.003735938
"ME_M_4",-0.003766472
"ME_M_4",-0.003091011
"ME_M_4",-0.002604301
"ME_M_4",-0.001937786
"ME_M_4",-0.002282656
"ME_M_4",-0.002446955
"ME_M_4",-0.0025538
"ME_M_4",-0.002494046
"ME_M_4",-0.00261882
"ME_M_4",-0.002605159
"ME_M_4",-0.002652412
"ME_M_4",-0.001795564
"ME_M_4",-0.001423135
"ME_M_4",-0.001636518
"ME_M_4",-0.001669638
"ME_M_4",-0.001589207
"ME_M_4",-0.001112989
"ME_M_4",-0.0003713034
"ME_M_4",-0.0001803217
"ME_M_4",-0.0004264277
"ME_M_4",-2.58885E-05
"ME_M_4",0.0001709643
"ME_M_4",0.0006340972
"ME_M_4",0.000156812
"ME_M_4",-0.0004876356
"ME_M_4",-0.001021587
"ME_M_4",-0.001194345
"ME_M_4",-0.002086221
"ME_M_4",-0.002430597
"ME_M_4",-0.002701293
"ME_M_4",-0.002817681
"ME_M_4",-0.002461126
"ME_M_4",-0.002085592
"ME_M_4",-0.002060628
"ME_M_4",-0.001959381
"ME_M_4",-0.001872611
"ME_M_4",-0.001124254
"ME_M_4",-0.0008731377
"ME_M_4",-0.0003820066
"ME_M_4",1.195015E-05
"ME_M_4",0.000559697
"ME_M_4",0.0006919942
"ME_M_4",0.0006381916
"ME_M_4",0.0006419969
"ME_M_4",-2.906227E-05
"ME_M_4",-0.0004958816
"ME_M_4",-0.001049624
"ME_M_4",-0.001931768
"ME_M_4",-0.00263394
"ME_M_4",-0.002835904
"ME_M_4",-0.002707152
"ME_M_4",-0.001420083
"ME_M_4",-0.001691899
"ME_M_4",-0.001694512
"ME_M_4",-0.001605861
"ME_M_4",-0.00186172
"ME_M_4",-0.002095947
"ME_M_4",-0.002090681
"ME_M_4",-0.002058809
"ME_M_4",-0.001935515
"ME_M_4",-0.00155988
"ME_M_4",-0.00167828
"ME_M_4",-0.00174188
"ME_M_4",-0.001590877
"ME_M_4",-0.001278255
"ME_M_4",-0.0007286907
"ME_M_4",-0.0007035791
"ME_M_4",-0.0008293121
"ME_M_4",-0.0008078579
"ME_M_4",-0.000957194
"ME_M_4",-0.00156241
"ME_M_4",-0.001871455
"ME_M_4",-0.002281826
"ME_M_4",-0.002663268
"ME_M_4",-0.002944011
"ME_M_4",-0.003566429
"ME_M_4",-0.003875712
"ME_M_4",-0.004205501
"ME_M_4",-0.004313444
"ME_M_4",-0.004336099
"ME_M_4",-0.003892128
"ME_M_4",-0.003241089
"ME_M_4",-0.004115956
"ME_M_4",-0.004345185
"ME_M_4",-0.004130773
"ME_M_4",-0.003836646
"ME_M_4",-0.003190856
"ME_M_4",-0.003180573
"ME_M_4",-0.003156122
"ME_M_4",-0.003794385
"ME_M_4",-0.004266754
"ME_M_4",-0.004440487
"ME_M_4",-0.005303023
"ME_M_4",-0.004877093
"ME_M_4",-0.003921836
"ME_M_4",-0.002885575
"ME_M_4",-0.001967417
"ME_M_4",-0.0003709836
"ME_M_4",0.0006184527
"ME_M_4",0.001774526
"ME_M_4",0.002205753
"ME_M_4",0.00162413
"ME_M_4",0.0009832988
"ME_M_4",0.0006620611
"ME_M_4",0.0006886368
"ME_M_4",0.0005468539
"ME_M_4",0.0004919222
"ME_M_4",0.0007116466
"ME_M_4",0.001097199
"ME_M_4",0.001327685
"ME_M_4",0.001539329
"ME_M_4",0.001747826
"ME_M_4",0.001958755
"ME_M_4",0.001814794
"ME_M_4",0.00201595
"ME_M_4",0.002105258
"ME_M_4",0.002322785
"ME_M_4",0.002350042
"ME_M_4",0.002561611
"ME_M_4",0.002733937
"ME_M_4",0.003248797
"ME_M_4",0.00333649
"ME_M_4",0.003179587
"ME_M_4",0.0004311375
"ME_M_4",0.0001854798
"ME_M_4",7.717492E-05
"ME_M_4",-0.0001850361
"ME_M_4",-0.0003518893
"ME_M_4",-0.0005492384
"ME_M_4",-0.0008897881
"ME_M_4",-0.0008838391
"ME_M_4",-0.0008743184
"ME_M_4",-0.0007606794
"ME_M_4",-0.0006880133
"ME_M_4",-0.0005355596
"ME_M_4",-0.0006509591
"ME_M_4",-0.0002193989
"ME_M_4",5.755915E-05
"ME_M_4",0.0001895464
"ME_M_4",0.0001554937
"ME_M_4",0.0002632478
"ME_M_4",0.0001723934
"ME_M_4",-5.768432E-05
"ME_M_4",-0.0004693855
"ME_M_4",-0.0008855921
"ME_M_4",-0.0007681519
"ME_M_4",-0.001058214
"ME_M_4",-0.001357567
"ME_M_4",-0.002013446
"ME_M_4",-0.002303597
"ME_M_4",-0.002462437
"ME_M_4",-0.002088124
"ME_M_4",-0.002138914
"ME_M_4",-0.002057866
"ME_M_4",-0.001655566
"ME_M_4",-0.001767201
"ME_M_4",-0.003334107
"ME_M_4",-0.005165378
"ME_M_4",-0.008721857
"ME_M_4",-0.009902287
"ME_M_4",-0.006890746
"ME_M_4",-0.004636101
"ME_M_4",-0.003156879
"ME_M_4",-0.004645037
"ME_M_4",-0.005731669
"ME_M_4",-0.004998676
"ME_M_4",-0.002460323
"ME_M_4",-0.0001805482
"ME_M_4",0.001753937
"ME_M_4",0.002661025
"ME_M_4",0.00395974
"ME_M_4",0.004078193
"ME_M_4",0.002977492
"ME_M_4",0.002334769
"ME_M_4",0.001779512
"ME_M_4",0.002176526
"ME_M_4",0.002550971
"ME_M_4",0.002620685
"ME_M_4",0.002134301
"ME_M_4",0.002294023
"ME_M_4",0.002964334
"ME_M_4",0.003154607
"ME_M_4",0.003508562
"ME_M_4",0.003748546
"ME_M_4",0.004125273
"ME_M_4",0.004309605
"ME_M_4",0.004309398
"ME_M_4",0.003748311
"ME_M_4",0.002868575
"ME_M_4",0.002112267
"ME_M_4",0.0007011269
"ME_M_4",-3.592559E-05
"ME_M_4",-0.00102853
"ME_M_4",-0.001268103
"ME_M_4",-0.001687918
"ME_M_4",-0.002556494
"ME_M_4",-0.003067805
"ME_M_4",-0.002662921
"ME_M_4",-0.002251305
"ME_M_4",-0.001603613
"ME_M_4",-0.002179262
"ME_M_4",-0.003133069
"ME_M_4",-0.004898906
"ME_M_4",-0.005493911
"ME_M_4",-0.005588332
"ME_M_4",-0.004967181
"ME_M_4",-0.004264958
"ME_M_4",-0.002248501
"ME_M_4",-0.0006175056
"ME_M_4",-1.520687E-05
"ME_M_4",-0.0004380437
"ME_M_4",-0.0007215784
"ME_M_4",-8.915085E-05
"ME_M_4",-7.212523E-05
"ME_M_4",-0.0008726356
"ME_M_4",-0.000912728
"ME_M_4",-0.00111749
"ME_M_4",-0.001676126
"ME_M_4",-0.001986861
"ME_M_4",-0.002831126
"ME_M_4",-0.002827388
"ME_M_4",-0.002387057
"ME_M_4",-0.002127074
"ME_M_4",-0.002751451
"ME_M_4",-0.003763146
"ME_M_4",-0.004881438
"ME_M_4",-0.004667313
"ME_M_4",-0.004101388
"ME_M_4",-0.003356781
"ME_M_4",-0.002897372
"ME_M_4",-0.00263989
"ME_M_4",-0.002711827
"ME_M_4",-0.002939432
"ME_M_4",-0.002890036
"ME_M_4",-0.001371048
"ME_M_4",-0.0008163408
"ME_M_4",0.0002005405
"ME_M_4",0.001077092
"ME_M_4",0.001524607
"ME_M_4",0.002075989
"ME_M_4",0.002074907
"ME_M_4",0.001722364
"ME_M_4",0.001202846
"ME_M_4",0.001108076
"ME_M_4",0.0006430853
"ME_M_4",0.0004591524
"ME_M_4",-0.0005912448
"ME_M_4",-0.00121116
"ME_M_4",-0.00164088
"ME_M_4",-0.001676605
"ME_M_4",-0.001928557
"ME_M_4",-0.001700206
"ME_M_4",-0.00113621
"ME_M_4",-0.000110239
"ME_M_4",0.0004326441
"ME_M_4",0.0007362758
"ME_M_4",0.0009151745
"ME_M_4",0.00101399
"ME_M_4",0.0007208862
"ME_M_4",0.0004955627
"ME_M_4",0.000539587
"ME_M_4",0.0003759705
"ME_M_4",0.0004988057
"ME_M_4",0.0007430004
"ME_M_4",0.0007986001
"ME_M_4",0.001329986
"ME_M_4",0.001396235
"ME_M_4",0.001466044
"ME_M_4",0.001720011
"ME_M_4",-0.002371158
"ME_M_4",-0.002486183
"ME_M_4",-0.002125838
"ME_M_4",-0.001486153
"ME_M_4",-0.001362131
"ME_M_4",-0.001061174
"ME_M_4",-0.0001969906
"ME_M_4",0.0005006074
"ME_M_4",0.0003560464
"ME_M_4",0.0005289629
"ME_M_4",0.0003446528
"ME_M_4",0.000398858
"ME_M_4",0.0001725999
"ME_M_4",-0.00015521
"ME_M_4",-0.0003229422
"ME_M_4",-0.0006912528
"ME_M_4",-0.001204167
"ME_M_4",-0.001382879
"ME_M_4",-0.001767189
"ME_M_4",-0.001630169
"ME_M_4",-0.001254288
"ME_M_4",-0.001051745
"ME_M_4",-0.000746202
"ME_M_4",-0.0003335449
"ME_M_4",-3.193722E-05
"ME_M_4",0.0001770719
"ME_M_4",0.0006821277
"ME_M_4",-8.754666E-05
"ME_M_4",-0.002413689
"ME_M_4",-0.003687783
"ME_M_4",-0.004018879
"ME_M_4",-0.002476765
"ME_M_4",-0.001562187
"ME_M_4",-0.002036518
"ME_M_4",-0.002732629
"ME_M_4",-0.003566617
"ME_M_4",-0.003762158
"ME_M_4",-0.003926243
"ME_M_4",-0.004781671
"ME_M_4",-0.005097811
"ME_M_4",-0.004458279
"ME_M_4",-0.002361217
"ME_M_4",0.0005943072
"ME_M_4",0.003244141
"ME_M_4",0.003091362
"ME_M_4",0.002602749
"ME_M_4",0.002258082
"ME_M_4",0.002777461
"ME_M_4",0.003734175
"ME_M_4",0.004342651
"ME_M_4",0.004064498
"ME_M_4",0.003396472
"ME_M_4",0.003230459
"ME_M_4",0.003281769
"ME_M_4",0.003116424
"ME_M_4",0.00305317
"ME_M_4",0.002320259
"ME_M_4",0.001946795
"ME_M_4",0.001193358
"ME_M_4",0.0002280049
"ME_M_4",-0.0003116663
"ME_M_4",-0.0008635836
"ME_M_4",-0.001167462
"ME_M_4",-0.001776952
"ME_M_4",-0.002222923
"ME_M_4",-0.002373938
"ME_M_4",-0.001989248
"ME_M_4",-0.000937088
"ME_M_4",-0.0006213376
"ME_M_4",-0.0003857932
"ME_M_4",-0.0003781951
"ME_M_4",-0.001184733
"ME_M_4",-0.001195239
"ME_M_4",0.001382664
"ME_M_4",0.001289613
"ME_M_4",0.0009903617
"ME_M_4",0.001068353
"ME_M_4",0.001482456
"ME_M_4",0.001305999
"ME_M_4",0.00159804
"ME_M_4",0.002112576
"ME_M_4",0.001742458
"ME_M_4",-1.407065E-05
"ME_M_4",-0.0009939938
"ME_M_4",-0.002753989
"ME_M_4",-0.004204644
"ME_M_4",-0.004466172
"ME_M_4",-0.003791711
"ME_M_4",-0.002256752
"ME_M_4",-0.001844474
"ME_M_4",-0.001551613
"ME_M_4",-0.001083534
"ME_M_4",-0.0002040462
"ME_M_4",0.001080436
"ME_M_4",0.002347587
"ME_M_4",0.003426729
"ME_M_4",0.003746009
"ME_M_4",0.003852373
"ME_M_4",0.003308978
"ME_M_4",0.003146122
"ME_M_4",0.002961417
"ME_M_4",0.003052602
"ME_M_4",0.002897199
"ME_M_4",0.002750602
"ME_M_4",0.002203572
"ME_M_4",0.001989567
"ME_M_4",0.001254444
"ME_M_4",0.0003487078
"ME_M_4",-0.0008899785
"ME_M_4",-0.001245473
"ME_M_4",-0.001121857
"ME_M_4",-0.0009117816
"ME_M_4",-0.001086147
"ME_M_4",-0.001426289
"ME_M_4",-0.001443444
"ME_M_4",-0.001504131
"ME_M_4",-0.00169421
"ME_M_4",-0.001886683
"ME_M_4",-0.001892637
"ME_M_4",-0.002196838
"ME_M_4",-0.002410106
"ME_M_4",-0.002760332
"ME_M_4",-0.002935773
"ME_M_4",-0.00274259
"ME_M_4",-0.002986819
"ME_M_4",-0.003108535
"ME_M_4",-0.003432978
"ME_M_4",-0.003249317
"ME_M_4",-0.003385973
"ME_M_4",-0.003074969
"ME_M_4",-0.003040558
"ME_M_4",-0.00260038
"ME_M_4",-0.0001270763
"ME_M_4",0.001826243
"ME_M_4",0.005387968
"ME_M_4",0.006419232
"ME_M_4",0.007741801
"ME_M_4",0.007653827
"ME_M_4",0.006807745
"ME_M_4",0.005548464
"ME_M_4",0.003349777
"ME_M_4",0.002435391
"ME_M_4",0.001731695
"ME_M_4",0.001298332
"ME_M_4",0.0004376961
"ME_M_4",-0.000431334
"ME_M_4",-0.001425051
"ME_M_4",-0.00234274
"ME_M_4",-0.002623235
"ME_M_4",-0.003137454
"ME_M_4",-0.002661104
"ME_M_4",-0.001670207
"ME_M_4",-0.001145672
"ME_M_4",-0.0009765083
"ME_M_4",0.0002499874
"ME_M_4",0.004096457
"ME_M_4",0.004498559
"ME_M_4",0.004126075
"ME_M_4",0.003343449
"ME_M_4",0.003960165
"ME_M_4",0.004356901
"ME_M_4",0.00409299
"ME_M_4",0.003598537
"ME_M_4",0.002956484
"ME_M_4",0.00272474
"ME_M_4",0.003570478
"ME_M_4",0.005817404
"ME_M_4",0.01132196
"ME_M_4",0.01341076
"ME_M_4",0.01573061
"ME_M_4",0.01765529
"ME_M_4",0.01893048
"ME_M_4",0.0192912
"ME_M_4",0.02015527
"ME_M_4",0.02013218
"ME_M_4",0.01826273
"ME_M_4",0.01670908
"ME_M_4",0.01435563
"ME_M_4",0.01154307
"ME_M_4",0.008024382
"ME_M_4",0.006718777
"ME_M_4",0.00509865
"ME_M_4",0.003134629
"ME_M_4",0.0006294792
"ME_M_4",-2.030889E-05
"ME_M_4",-0.001307326
"ME_M_4",-0.002933369
"ME_M_4",-0.004434578
"ME_M_4",-0.00508846
"ME_M_4",-0.005702098
"ME_M_4",-0.005974756
"ME_M_4",-0.006494059
"ME_M_4",-0.006438782
"ME_M_4",-0.006165579
"ME_M_4",-0.005507232
"ME_M_4",-0.00526076
"ME_M_4",-0.005566898
"ME_M_4",-0.005596364
"ME_M_4",-0.005004917
"ME_M_4",-0.003018736
"ME_M_4",-0.001669394
"ME_M_4",-0.0001293944
"ME_M_4",-0.0001023256
"ME_M_4",-0.000778276
"ME_M_4",-0.0007959328
"ME_M_4",-0.0002790653
"ME_M_4",-0.0005235669
"ME_M_4",-0.0008551548
"ME_M_4",-0.000849264
"ME_M_4",-0.0009502191
"ME_M_4",-0.001794133
"ME_M_4",-0.002889776
"ME_M_4",-0.003355341
"ME_M_4",-0.004138299
"ME_M_4",-0.004909893
"ME_M_4",-0.005294196
"ME_M_4",-0.005275005
"ME_M_4",-0.004880779
"ME_M_4",-0.00458197
"ME_M_4",-0.004081472
"ME_M_4",-0.001398218
"ME_M_4",-0.001950491
"ME_M_4",-0.00227043
"ME_M_4",-0.002490726
"ME_M_4",-0.002598996
"ME_M_4",-0.002890839
"ME_M_4",-0.002882197
"ME_M_4",-0.002889638
"ME_M_4",-0.002741003
"ME_M_4",-0.002809005
"ME_M_4",-0.00273671
"ME_M_4",-0.002755896
"ME_M_4",-0.002521486
"ME_M_4",-0.002903518
"ME_M_4",-0.00386033
"ME_M_4",-0.004207477
"ME_M_4",-0.004245682
"ME_M_4",-0.004279982
"ME_M_4",-0.003180303
"ME_M_4",-0.002441366
"ME_M_4",-0.001831779
"ME_M_4",-0.001136131
"ME_M_4",-0.0007061636
"ME_M_4",-0.0005051802
"ME_M_4",-0.0004604138
"ME_M_4",-0.0006060628
"ME_M_4",-0.002235886
"ME_M_4",-0.002460807
"ME_M_4",-0.002515455
"ME_M_4",-0.002297983
"ME_M_4",-0.003709673
"ME_M_4",-0.004398399
"ME_M_4",-0.005034055
"ME_M_4",-0.005435899
"ME_M_4",-0.005799037
"ME_M_4",-0.0064713
"ME_M_4",-0.007211776
"ME_M_4",-0.006918496
"ME_M_4",-0.001623277
"ME_M_4",-0.000153015
"ME_M_4",0.0004058623
"ME_M_4",4.988921E-05
"ME_M_4",-0.001489307
"ME_M_4",-0.001131869
"ME_M_4",-0.0003217917
"ME_M_4",0.0007758948
"ME_M_4",0.0007191833
"ME_M_4",0.0006436018
"ME_M_4",0.0008928151
"ME_M_4",0.001640032
"ME_M_4",0.003293271
"ME_M_4",0.003623118
"ME_M_4",0.003634167
"ME_M_4",0.003806761
"ME_M_4",0.003451824
"ME_M_4",0.003149645
"ME_M_4",0.002805737
"ME_M_4",0.002813961
"ME_M_4",0.003260459
"ME_M_4",0.003112561
"ME_M_4",0.002932876
"ME_M_4",0.002971594
"ME_M_4",0.003189629
"ME_M_4",0.003249297
"ME_M_4",0.003080517
"ME_M_4",0.002638436
"ME_M_4",0.001770912
"ME_M_4",0.001313778
"ME_M_4",0.0008880043
"ME_M_4",0.0003518801
"ME_M_4",0.0006068119
"ME_M_4",0.0007387024
"ME_M_4",0.0008022561
"ME_M_4",-0.001983544
"ME_M_4",-0.002208538
"ME_M_4",-0.002585821
"ME_M_4",-0.002737135
"ME_M_4",-0.003034293
"ME_M_4",-0.00320075
"ME_M_4",-0.003247963
"ME_M_4",-0.002737477
"ME_M_4",-0.00241018
"ME_M_4",-0.002010053
"ME_M_4",-0.001359541
"ME_M_4",-0.0008874573
"ME_M_4",-0.0008621596
"ME_M_4",-0.0008878828
"ME_M_4",-0.00116062
"ME_M_4",-0.001589032
"ME_M_4",-0.001683963
"ME_M_4",-0.001624107
"ME_M_4",-0.001615301
"ME_M_4",-0.001256461
"ME_M_4",-0.001216913
"ME_M_4",-0.001353761
"ME_M_4",-0.001693044
"ME_M_4",-0.002610285
"ME_M_4",-0.003089284
"ME_M_4",-0.003435636
"ME_M_4",-0.004169439
"ME_M_4",-0.004951679
"ME_M_4",-0.005166176
"ME_M_4",-0.00560161
"ME_M_4",-0.005904559
"ME_M_4",-0.00637592
"ME_M_4",-0.006499639
"ME_M_4",-0.006584374
"ME_M_4",-0.006493452
"ME_M_4",-0.007137768
"ME_M_4",-0.007549001
"ME_M_4",-0.008144976
"ME_M_4",-0.008488998
"ME_M_4",-0.008875321
"ME_M_4",-0.009266355
"ME_M_4",-0.009346153
"ME_M_4",-0.009491311
"ME_M_4",-0.00941056
"ME_M_4",-0.009280682
"ME_M_4",-0.008667978
"ME_M_4",-0.007689154
"ME_M_4",-0.005663163
"ME_M_4",-0.00500208
"ME_M_4",-0.004560288
"ME_M_4",-0.005079023
"ME_M_4",-0.004802825
"ME_M_4",-0.004486904
"ME_M_4",-0.003960256
"ME_M_4",-0.002795915
"ME_M_4",0.001076387
"ME_M_4",0.002578006
"ME_M_4",0.003614927
"ME_M_4",0.003277345
"ME_M_4",0.002800141
"ME_M_4",0.002815903
"ME_M_4",0.003146167
"ME_M_4",0.003051398
"ME_M_4",0.001878003
"ME_M_4",0.001194927
"ME_M_4",-0.0002740534
"ME_M_4",-0.001596854
"ME_M_4",-0.003257997
"ME_M_4",-0.003531773
"ME_M_4",-0.003534566
"ME_M_4",-0.002833944
"ME_M_4",-0.00173189
"ME_M_4",-0.001514129
"ME_M_5",-0.001508569
"ME_M_5",-0.001479659
"ME_M_5",-0.001033597
"ME_M_5",-0.0004762298
"ME_M_5",-0.0006115833
"ME_M_5",-0.001463971
"ME_M_5",-0.00225922
"ME_M_5",-0.003144453
"ME_M_5",-0.003012473
"ME_M_5",-0.002443416
"ME_M_5",-0.00175317
"ME_M_5",-0.001281853
"ME_M_5",-0.0002473022
"ME_M_5",0.0002820607
"ME_M_5",9.453879E-05
"ME_M_5",-0.0001929166
"ME_M_5",-0.001038484
"ME_M_5",-0.001604882
"ME_M_5",-0.005556633
"ME_M_5",-0.007734687
"ME_M_5",-0.006642484
"ME_M_5",-0.001543144
"ME_M_5",0.004796723
"ME_M_5",0.005938834
"ME_M_5",0.004460659
"ME_M_5",0.004913418
"ME_M_5",0.007014233
"ME_M_5",0.00683511
"ME_M_5",0.004771981
"ME_M_5",0.003335107
"ME_M_5",0.002879987
"ME_M_5",0.00283949
"ME_M_5",0.0002710801
"ME_M_5",-0.002615214
"ME_M_5",-0.004449332
"ME_M_5",-0.004653805
"ME_M_5",-0.004514969
"ME_M_5",-0.004979896
"ME_M_5",-0.004645784
"ME_M_5",-0.003682881
"ME_M_5",-0.001752082
"ME_M_5",-0.001196577
"ME_M_5",-0.0006891309
"ME_M_5",-0.0004417579
"ME_M_5",0.000110184
"ME_M_5",0.0005585705
"ME_M_5",0.0006340648
"ME_M_5",0.0002611289
"ME_M_5",-0.0009822684
"ME_M_5",-0.002301785
"ME_M_5",-0.003895917
"ME_M_5",-0.004908881
"ME_M_5",-0.006667458
"ME_M_5",-0.007830955
"ME_M_5",-0.008177813
"ME_M_5",-0.007627471
"ME_M_5",-0.006334174
"ME_M_5",-0.005093706
"ME_M_5",-0.003821871
"ME_M_5",-0.003012164
"ME_M_5",-0.001484088
"ME_M_5",-0.0002331689
"ME_M_5",0.0003687276
"ME_M_5",0.0003527983
"ME_M_5",0.0004069969
"ME_M_5",0.0009388074
"ME_M_5",0.001121651
"ME_M_5",0.001448171
"ME_M_5",0.001174254
"ME_M_5",0.0007387798
"ME_M_5",0.0001603421
"ME_M_5",-0.0001219371
"ME_M_5",-0.000235809
"ME_M_5",-0.0006258275
"ME_M_5",-0.0006548287
"ME_M_5",-0.000675554
"ME_M_5",-0.0006911898
"ME_M_5",-0.001157792
"ME_M_5",-0.001246243
"ME_M_5",-0.001677393
"ME_M_5",-0.002438833
"ME_M_5",-0.003099593
"ME_M_5",-0.003336008
"ME_M_5",-0.003156628
"ME_M_5",-0.003174935
"ME_M_5",-0.002175987
"ME_M_5",-0.001489736
"ME_M_5",0.0001960364
"ME_M_5",-0.0001085941
"ME_M_5",-0.0007212613
"ME_M_5",-0.0001592794
"ME_M_5",0.001101838
"ME_M_5",0.001999271
"ME_M_5",0.002597641
"ME_M_5",0.002699809
"ME_M_5",0.002908545
"ME_M_5",0.0029984
"ME_M_5",0.001578049
"ME_M_5",0.000388623
"ME_M_5",-0.0004629932
"ME_M_5",7.060233E-05
"ME_M_5",0.00142725
"ME_M_5",0.003058791
"ME_M_5",0.004357621
"ME_M_5",0.004394514
"ME_M_5",0.002590021
"ME_M_5",0.001294334
"ME_M_5",-0.0009803963
"ME_M_5",-0.001780205
"ME_M_5",-0.001977363
"ME_M_5",-0.002087676
"ME_M_5",-0.001563151
"ME_M_5",-0.0003530757
"ME_M_5",0.0007878491
"ME_M_5",0.001574427
"ME_M_5",0.001961959
"ME_M_5",0.002612868
"ME_M_5",0.003120552
"ME_M_5",0.003584665
"ME_M_5",0.003588823
"ME_M_5",0.003455266
"ME_M_5",0.003312269
"ME_M_5",0.002895963
"ME_M_5",0.001984054
"ME_M_5",0.0006579453
"ME_M_5",-0.0008165575
"ME_M_5",-0.002394642
"ME_M_5",-0.004262293
"ME_M_5",-0.004900135
"ME_M_5",-0.005075119
"ME_M_5",-0.005019067
"ME_M_5",-0.005161466
"ME_M_5",-0.004771539
"ME_M_5",-0.004391919
"ME_M_5",-0.003978082
"ME_M_5",-0.002350252
"ME_M_5",-0.001597587
"ME_M_5",-0.001104329
"ME_M_5",-0.0006704247
"ME_M_5",-8.567784E-05
"ME_M_5",0.0005121097
"ME_M_5",0.0005028314
"ME_M_5",0.0004159238
"ME_M_5",0.0002852735
"ME_M_5",0.0002840827
"ME_M_5",0.000164303
"ME_M_5",-0.0006990064
"ME_M_5",-0.0004771068
"ME_M_5",-0.0005306175
"ME_M_5",-0.0002742489
"ME_M_5",-0.0001609721
"ME_M_5",0.0001778595
"ME_M_5",0.0008745692
"ME_M_5",0.0006390613
"ME_M_5",-0.001164168
"ME_M_5",-0.002638007
"ME_M_5",-0.003692067
"ME_M_5",-0.003871323
"ME_M_5",-0.004281962
"ME_M_5",-0.003911088
"ME_M_5",-0.003019161
"ME_M_5",-0.002676884
"ME_M_5",-0.002275826
"ME_M_5",-0.001660269
"ME_M_5",-0.001657588
"ME_M_5",-0.001720715
"ME_M_5",-0.00191768
"ME_M_5",-0.001685462
"ME_M_5",-0.001728877
"ME_M_5",-0.001675096
"ME_M_5",-0.001472451
"ME_M_5",-0.002673369
"ME_M_5",-0.003459549
"ME_M_5",-0.003149789
"ME_M_5",-0.002536653
"ME_M_5",-0.001475485
"ME_M_5",-0.00144652
"ME_M_5",-0.001168392
"ME_M_5",0.0003634641
"ME_M_5",0.002139994
"ME_M_5",0.001548609
"ME_M_5",0.00166565
"ME_M_5",0.001494326
"ME_M_5",0.001065794
"ME_M_5",0.0006041896
"ME_M_5",0.0007812033
"ME_M_5",0.0007192761
"ME_M_5",0.0003635837
"ME_M_5",-4.019972E-05
"ME_M_5",-0.0003899339
"ME_M_5",-0.0007256467
"ME_M_5",-0.001095451
"ME_M_5",-0.002196026
"ME_M_5",-0.002506744
"ME_M_5",-0.002880548
"ME_M_5",-0.003235611
"ME_M_5",-0.003368224
"ME_M_5",-0.003419861
"ME_M_5",-0.003260433
"ME_M_5",-0.002852946
"ME_M_5",-0.002255346
"ME_M_5",-0.001676864
"ME_M_5",-0.001131252
"ME_M_5",-0.0005571104
"ME_M_5",0.0002853213
"ME_M_5",0.0006576962
"ME_M_5",0.0008316516
"ME_M_5",0.001693307
"ME_M_5",0.002208878
"ME_M_5",0.002297716
"ME_M_5",0.002166233
"ME_M_5",0.001643167
"ME_M_5",0.000967485
"ME_M_5",0.0001453722
"ME_M_5",-0.0003336624
"ME_M_5",-0.0006497991
"ME_M_5",-0.001015812
"ME_M_5",-0.001075159
"ME_M_5",-0.0008996271
"ME_M_5",-0.0001282222
"ME_M_5",4.79864E-06
"ME_M_5",0.0006719345
"ME_M_5",0.001980273
"ME_M_5",0.002380139
"ME_M_5",0.002211428
"ME_M_5",0.002223611
"ME_M_5",0.002352648
"ME_M_5",0.002858941
"ME_M_5",0.003218662
"ME_M_5",0.003584955
"ME_M_5",0.00530924
"ME_M_5",0.006750113
"ME_M_5",0.007699414
"ME_M_5",0.009717987
"ME_M_5",0.01134061
"ME_M_5",0.01103626
"ME_M_5",0.008887161
"ME_M_5",0.005018409
"ME_M_5",0.006229533
"ME_M_5",0.0101492
"ME_M_5",0.009039942
"ME_M_5",0.00264742
"ME_M_5",-0.001789008
"ME_M_5",-0.001584866
"ME_M_5",-0.001191773
"ME_M_5",-0.0008447517
"ME_M_5",-0.001918184
"ME_M_5",-0.002771782
"ME_M_5",-0.002810089
"ME_M_5",-0.001505832
"ME_M_5",0.0004659641
"ME_M_5",0.001127407
"ME_M_5",0.001145271
"ME_M_5",0.0008908558
"ME_M_5",0.001286782
"ME_M_5",0.001906618
"ME_M_5",0.001994227
"ME_M_5",0.001905941
"ME_M_5",0.00142887
"ME_M_5",0.001076346
"ME_M_5",0.0002206699
"ME_M_5",-0.0009286474
"ME_M_5",-0.001561681
"ME_M_5",-0.002171198
"ME_M_5",-0.003915885
"ME_M_5",-0.004824722
"ME_M_5",-0.005130652
"ME_M_5",-0.005543026
"ME_M_5",-0.006477917
"ME_M_5",-0.006979405
"ME_M_5",-0.006508961
"ME_M_5",-0.006133691
"ME_M_5",-0.006116384
"ME_M_5",-0.005188125
"ME_M_5",-0.004614273
"ME_M_5",-0.004090578
"ME_M_5",-0.004068433
"ME_M_5",-0.004342683
"ME_M_5",-0.003468736
"ME_M_5",-0.002875571
"ME_M_5",-0.00214055
"ME_M_5",-0.001709457
"ME_M_5",-0.0009655286
"ME_M_5",-0.0006449089
"ME_M_5",-0.0007607001
"ME_M_5",-0.0005283839
"ME_M_5",-0.0005518325
"ME_M_5",-0.00127928
"ME_M_5",-0.002314354
"ME_M_5",-0.00297414
"ME_M_5",-0.004167787
"ME_M_5",-0.004544372
"ME_M_5",0.0006131331
"ME_M_5",0.000847326
"ME_M_5",0.0006780379
"ME_M_5",0.0001170706
"ME_M_5",0.0001132563
"ME_M_5",0.0004673892
"ME_M_5",0.0003192355
"ME_M_5",6.987515E-05
"ME_M_5",0.0005304102
"ME_M_5",-0.0003478981
"ME_M_5",-0.00140459
"ME_M_5",-0.00182293
"ME_M_5",0.0003640042
"ME_M_5",0.004638437
"ME_M_5",0.005656302
"ME_M_5",0.006264172
"ME_M_5",0.005125971
"ME_M_5",0.003708939
"ME_M_5",0.003403786
"ME_M_5",0.003533908
"ME_M_5",0.003510176
"ME_M_5",0.002994948
"ME_M_5",0.002449201
"ME_M_5",0.002586571
"ME_M_5",0.003453556
"ME_M_5",0.004356973
"ME_M_5",0.004463112
"ME_M_5",0.004533187
"ME_M_5",0.004704838
"ME_M_5",0.005382597
"ME_M_5",0.005324129
"ME_M_5",0.005206339
"ME_M_5",0.004796281
"ME_M_5",0.003263238
"ME_M_5",0.002091304
"ME_M_5",0.0004828524
"ME_M_5",-0.0006961466
"ME_M_5",-0.002089721
"ME_M_5",-0.002984038
"ME_M_5",-0.003390198
"ME_M_5",-0.00400595
"ME_M_5",-0.004103868
"ME_M_5",-0.004097674
"ME_M_5",-0.004223797
"ME_M_5",-0.004518837
"ME_M_5",-0.004780747
"ME_M_5",-0.004813054
"ME_M_5",-0.004713158
"ME_M_5",-0.005040246
"ME_M_5",-0.005331243
"ME_M_5",-0.005407467
"ME_M_5",-0.005004433
"ME_M_5",-0.004376694
"ME_M_5",-0.003689498
"ME_M_5",-0.003448186
"ME_M_5",-0.003185642
"ME_M_5",-0.002886629
"ME_M_5",-0.003209853
"ME_M_5",-0.003515576
"ME_M_5",-0.004131435
"ME_M_5",-0.004484247
"ME_M_5",-0.00465104
"ME_M_5",-0.004622494
"ME_M_5",-0.004481027
"ME_M_5",-0.004737896
"ME_M_5",-0.005159938
"ME_M_5",-0.005478904
"ME_M_5",-0.005783574
"ME_M_5",-0.005703205
"ME_M_5",-0.004837786
"ME_M_5",-0.004435785
"ME_M_5",-0.003747584
"ME_M_5",-0.002911039
"ME_M_5",-0.003075775
"ME_M_5",-0.003124679
"ME_M_5",-0.00321521
"ME_M_5",-0.003227107
"ME_M_5",-0.003319439
"ME_M_5",-0.003205641
"ME_M_5",-0.002972777
"ME_M_5",-0.002470985
"ME_M_5",-0.001849049
"ME_M_5",-0.00155096
"ME_M_5",-0.001491262
"ME_M_5",-0.001680371
"ME_M_5",-0.001360751
"ME_M_5",-0.0006214743
"ME_M_5",-0.0004135785
"ME_M_5",-0.0004615426
"ME_M_5",-6.975565E-05
"ME_M_5",0.0007027937
"ME_M_5",0.0009440888
"ME_M_5",0.0005487488
"ME_M_5",-0.0009993612
"ME_M_5",-0.0007810746
"ME_M_5",0.0006298083
"ME_M_5",0.001231387
"ME_M_5",0.001571361
"ME_M_5",0.001547764
"ME_M_5",0.001408979
"ME_M_5",0.0007096543
"ME_M_5",-0.0006135723
"ME_M_5",-0.00273299
"ME_M_5",-0.003891204
"ME_M_5",-0.004077659
"ME_M_5",-0.004619017
"ME_M_5",-0.006271406
"ME_M_5",-0.006188187
"ME_M_5",-0.005761588
"ME_M_5",-0.00441817
"ME_M_5",-0.002881968
"ME_M_5",-0.001063469
"ME_M_5",-0.0005065082
"ME_M_5",0.0002505637
"ME_M_5",0.001215341
"ME_M_5",0.001717571
"ME_M_5",0.0009304684
"ME_M_5",-0.0002507985
"ME_M_5",-0.001113769
"ME_M_5",-0.001704913
"ME_M_5",-0.002276578
"ME_M_5",-0.003225835
"ME_M_5",-0.003363701
"ME_M_5",-0.003632072
"ME_M_5",-0.003167331
"ME_M_5",-0.002532399
"ME_M_5",-0.002063359
"ME_M_5",-0.001587164
"ME_M_5",-0.001613232
"ME_M_5",-0.001416201
"ME_M_5",-0.0007287192
"ME_M_5",-0.0009632858
"ME_M_5",-0.00120895
"ME_M_5",-0.001638508
"ME_M_5",-0.002005761
"ME_M_5",-0.002462287
"ME_M_5",-0.002615847
"ME_M_5",-0.002396065
"ME_M_5",-0.002307652
"ME_M_5",-0.002450027
"ME_M_5",-0.002382868
"ME_M_5",-0.002074115
"ME_M_5",-0.001385276
"ME_M_5",-0.001168847
"ME_M_5",-0.0007965597
"ME_M_5",0.002591354
"ME_M_5",0.003692538
"ME_M_5",0.003469353
"ME_M_5",0.002353496
"ME_M_5",0.001029402
"ME_M_5",-0.0002276422
"ME_M_5",-0.0007704878
"ME_M_5",0.0004479047
"ME_M_5",0.001015718
"ME_M_5",-5.827519E-06
"ME_M_5",-0.0006324116
"ME_M_5",-0.001270817
"ME_M_5",-0.001688244
"ME_M_5",0.0007449498
"ME_M_5",0.0003792045
"ME_M_5",-0.000715189
"ME_M_5",-0.0001373246
"ME_M_5",0.00119445
"ME_M_5",0.001258801
"ME_M_5",0.001364874
"ME_M_5",0.001365591
"ME_M_5",0.000934664
"ME_M_5",0.0006330758
"ME_M_5",7.961527E-05
"ME_M_5",-0.0005968828
"ME_M_5",-0.0005422772
"ME_M_5",-0.0003556397
"ME_M_5",-0.00130323
"ME_M_5",-0.001499512
"ME_M_5",-0.001111313
"ME_M_5",-0.001499037
"ME_M_5",-0.001765202
"ME_M_5",-0.002035878
"ME_M_5",-0.002461697
"ME_M_5",-0.003153519
"ME_M_5",-0.003333516
"ME_M_5",-0.003185966
"ME_M_5",-0.00271268
"ME_M_5",-0.002745507
"ME_M_5",-0.003211781
"ME_M_5",-0.003507576
"ME_M_5",-0.003117591
"ME_M_5",-0.003055482
"ME_M_5",-0.003356259
"ME_M_5",-0.003984682
"ME_M_5",-0.004269937
"ME_M_5",-0.004520377
"ME_M_5",-0.004441859
"ME_M_5",-0.004318492
"ME_M_5",-0.00413445
"ME_M_5",-0.003649502
"ME_M_5",-0.001788987
"ME_M_5",-0.000961145
"ME_M_5",-0.00151739
"ME_M_5",-0.001023651
"ME_M_5",0.0005092495
"ME_M_5",0.000668232
"ME_M_5",0.000681058
"ME_M_5",0.0004170961
"ME_M_5",-0.0007995425
"ME_M_5",-0.001260688
"ME_M_5",-0.001119957
"ME_M_5",-0.001480727
"ME_M_5",-0.001828275
"ME_M_5",-0.001761984
"ME_M_5",-0.002091966
"ME_M_5",-0.001437357
"ME_M_5",0.0006489732
"ME_M_5",0.002271252
"ME_M_5",0.003728757
"ME_M_5",0.003889603
"ME_M_5",0.00449041
"ME_M_5",0.00477565
"ME_M_5",-0.001904056
"ME_M_5",-0.001608396
"ME_M_5",-0.001183272
"ME_M_5",-0.0009039524
"ME_M_5",-0.0005461312
"ME_M_5",0.0001956027
"ME_M_5",0.001300084
"ME_M_5",0.001529011
"ME_M_5",0.002163005
"ME_M_5",0.001740583
"ME_M_5",0.001988998
"ME_M_5",0.002619908
"ME_M_5",0.002932123
"ME_M_5",0.002407014
"ME_M_5",0.0003455176
"ME_M_5",-0.00108177
"ME_M_5",-0.001848054
"ME_M_5",-0.001418163
"ME_M_5",-0.0006139058
"ME_M_5",-0.001110239
"ME_M_5",-0.002003675
"ME_M_5",-0.003393782
"ME_M_5",-0.002986892
"ME_M_5",-0.0003965599
"ME_M_5",0.001396746
"ME_M_5",0.00246441
"ME_M_5",0.003325891
"ME_M_5",0.003677562
"ME_M_5",0.003943388
"ME_M_5",0.00359095
"ME_M_5",0.00230206
"ME_M_5",0.001943483
"ME_M_5",0.001829674
"ME_M_5",0.0008856722
"ME_M_5",0.0001704001
"ME_M_5",0.000432302
"ME_M_5",0.0008033128
"ME_M_5",0.001539858
"ME_M_5",0.0008705519
"ME_M_5",0.0009806226
"ME_M_5",0.001350116
"ME_M_5",0.001841568
"ME_M_5",0.0009662458
"ME_M_5",0.001100213
"ME_M_5",0.001487686
"ME_M_5",0.001559743
"ME_M_5",0.001296342
"ME_M_5",0.001569242
"ME_M_5",0.001780149
"ME_M_5",0.002090072
"ME_M_5",0.001545902
"ME_M_5",0.0009783125
"ME_M_5",0.0001612252
"ME_M_5",-0.000608063
"ME_M_5",-0.001428339
"ME_M_5",-0.001853014
"ME_M_5",-0.002598799
"ME_M_5",-0.002907687
"ME_M_5",-0.003091747
"ME_M_5",-0.003331987
"ME_M_5",-0.003275104
"ME_M_5",-0.003443793
"ME_M_5",-0.002816932
"ME_M_5",-0.002406335
"ME_M_5",-0.002274409
"ME_M_5",-0.00242298
"ME_M_5",-0.001918206
"ME_M_5",-0.001868904
"ME_M_5",-0.001772932
"ME_M_5",-0.001509071
"ME_M_5",-0.001639127
"ME_M_5",-0.001795419
"ME_M_5",-0.001989596
"ME_M_5",-0.002332787
"ME_M_5",-0.002380828
"ME_M_5",-0.002546758
"ME_M_5",-0.002481081
"ME_M_5",-0.001641296
"ME_M_5",-0.0004341512
"ME_M_5",-0.000465276
"ME_M_5",-0.0002795325
"ME_M_5",5.674129E-05
"ME_M_5",0.000606172
"ME_M_5",0.0006357128
"ME_M_5",0.001007428
"ME_M_5",0.001946014
"ME_M_5",0.002726664
"ME_M_5",0.002497006
"ME_M_5",0.001901801
"ME_M_5",0.0006317871
"ME_M_5",-0.001920195
"ME_M_5",-0.002868065
"ME_M_5",-0.003516319
"ME_M_5",-0.003997976
"ME_M_5",-0.003655544
"ME_M_5",-0.001000436
"ME_M_5",9.599811E-06
"ME_M_5",0.0005209194
"ME_M_5",0.001473208
"ME_M_5",0.002118692
"ME_M_5",0.001892698
"ME_M_5",0.001190117
"ME_M_5",-2.236816E-05
"ME_M_5",-0.0002382965
"ME_M_5",0.0001654223
"ME_M_5",0.0006353373
"ME_M_5",0.001353258
"ME_M_5",0.001548397
"ME_M_5",0.0007270369
"ME_M_5",0.0003021625
"ME_M_5",0.0009797976
"ME_M_5",0.001593877
"ME_M_5",0.0004716287
"ME_M_5",-0.0002843099
"ME_M_5",6.916735E-05
"ME_M_5",0.0004587676
"ME_M_5",0.0002777671
"ME_M_5",-0.000227055
"ME_M_5",-0.001103938
"ME_M_5",-0.0008630548
"ME_M_5",-0.000450847
"ME_M_5",-0.0002190764
"ME_M_5",0.0003245906
"ME_M_5",0.0006522347
"ME_M_5",0.0007970881
"ME_M_5",0.00093174
"ME_M_5",0.0007792335
"ME_M_5",0.0004862644
"ME_M_5",0.0003789844
"ME_M_5",0.0001763231
"ME_M_5",-0.0003763492
"ME_M_5",-0.0003663785
"ME_M_5",4.69127E-05
"ME_M_5",9.47006E-05
"ME_M_5",-0.0002896929
"ME_M_5",-0.0006426969
"ME_M_5",-0.0007753713
"ME_M_5",-0.0008185618
"ME_M_5",-0.000807154
"ME_M_5",-0.0005116136
"ME_M_5",-0.0006785225
"ME_M_5",-0.0009043965
"ME_M_5",-0.001107004
"ME_M_5",-0.001145782
"ME_M_5",-0.0009219421
"ME_M_5",-0.0005152732
"ME_M_5",-0.003467193
"ME_M_5",-0.004008537
"ME_M_5",-0.004224051
"ME_M_5",-0.004402665
"ME_M_5",-0.004648682
"ME_M_5",-0.004536417
"ME_M_5",-0.003969358
"ME_M_5",-0.003410641
"ME_M_5",-0.002907871
"ME_M_5",-0.002201741
"ME_M_5",-0.0008756645
"ME_M_5",-0.0001658239
"ME_M_5",0.000790379
"ME_M_5",0.001283216
"ME_M_5",0.001669013
"ME_M_5",0.001703486
"ME_M_5",0.001921653
"ME_M_5",0.002565252
"ME_M_5",0.00293162
"ME_M_5",0.00277386
"ME_M_5",0.002523979
"ME_M_5",0.003068007
"ME_M_5",5.659836E-05
"ME_M_5",-0.002741362
"ME_M_5",-0.004545645
"ME_M_5",-0.002132639
"ME_M_5",0.0006538092
"ME_M_5",0.0001324155
"ME_M_5",-0.003794102
"ME_M_5",-0.004988738
"ME_M_5",-0.003419803
"ME_M_5",-0.001756231
"ME_M_5",7.632052E-05
"ME_M_5",0.000700111
"ME_M_5",0.002510956
"ME_M_5",0.003310082
"ME_M_5",0.003583806
"ME_M_5",0.004145323
"ME_M_5",0.00494823
"ME_M_5",0.004957453
"ME_M_5",0.004241579
"ME_M_5",0.003192178
"ME_M_5",0.002433457
"ME_M_5",0.002919503
"ME_M_5",0.004275072
"ME_M_5",0.004846895
"ME_M_5",0.005312128
"ME_M_5",0.005230988
"ME_M_5",0.004183502
"ME_M_5",0.002809302
"ME_M_5",0.002782452
"ME_M_5",0.003535231
"ME_M_5",0.004919891
"ME_M_5",0.004468562
"ME_M_5",0.003271111
"ME_M_5",0.003384769
"ME_M_5",0.003316313
"ME_M_5",0.002163207
"ME_M_5",-0.000904722
"ME_M_5",-0.002313843
"ME_M_5",-0.002900654
"ME_M_5",-0.002372924
"ME_M_5",-0.003003374
"ME_M_5",-0.003691346
"ME_M_5",-0.004255333
"ME_M_5",-0.003497172
"ME_M_5",-0.002531199
"ME_M_5",-0.002390253
"ME_M_5",-0.00253421
"ME_M_5",-0.002839522
"ME_M_5",-0.002579952
"ME_M_5",-0.001744723
"ME_M_5",-0.0004333926
"ME_M_5",-0.0005240863
"ME_M_5",-0.0004156536
"ME_M_5",-0.0006254481
"ME_M_5",-0.0006363058
"ME_M_5",-0.0003720681
"ME_M_5",-5.739913E-05
"ME_M_5",-0.000416013
"ME_M_5",-0.000910567
"ME_M_5",-0.001523492
"ME_M_5",-0.001648007
"ME_M_5",-0.00167091
"ME_M_5",-0.001578229
"ME_M_5",-0.001128656
"ME_M_5",-0.0001695434
"ME_M_5",0.0002911605
"ME_M_5",0.0007472883
"ME_M_5",0.001340817
"ME_M_5",0.001593578
"ME_M_5",0.0008974026
"ME_M_5",0.0004852971
"ME_M_5",0.000196808
"ME_M_5",-0.0001857918
"ME_M_5",-0.0003419238
"ME_M_5",-0.0004693702
"ME_M_5",6.032822E-05
"ME_M_5",0.001768228
"ME_M_5",0.003492842
"ME_M_5",0.003959036
"ME_M_5",0.003880691
"ME_M_5",0.003617594
"ME_M_5",0.002828336
"ME_M_5",0.002166319
"ME_M_5",0.00165349
"ME_M_5",0.0009060436
"ME_M_5",0.00135293
"ME_M_5",0.001428984
"ME_M_5",0.001307883
"ME_M_5",0.0008863264
"ME_M_5",0.0006409886
"ME_M_5",0.001037183
"ME_M_5",0.001442325
"ME_M_5",0.0009724761
"ME_M_5",0.0006269589
"ME_M_5",0.001272959
"ME_M_5",0.00227536
"ME_M_5",0.002830192
"ME_M_5",0.002453745
"ME_M_5",0.002638121
"ME_M_5",0.003612532
"ME_M_5",0.003970152
"ME_M_5",0.00329496
"ME_M_5",0.002459104
"ME_M_5",0.001524881
"ME_M_5",0.0001642483
"ME_M_5",-3.921945E-05
"ME_M_5",-0.0001606048
"ME_M_5",-0.0004698882
"ME_M_5",-0.0009998942
"ME_M_5",-0.001238501
"ME_M_5",-0.001535103
"ME_M_5",-0.001706996
"ME_M_5",-0.00197883
"ME_M_5",-0.001666146
"ME_M_5",-0.001783952
"ME_M_5",-0.001982659
"ME_M_5",-0.002877144
"ME_M_5",-0.003276185
"ME_M_5",-0.003040666
"ME_M_5",-0.003065417
"ME_M_5",-0.00250009
"ME_M_5",-0.002574052
"ME_M_5",-0.002667102
"ME_M_5",-0.002690178
"ME_M_5",-0.0001933583
"ME_M_5",-0.0001824596
"ME_M_5",-0.000202909
"ME_M_5",-0.0002497638
"ME_M_5",0.0002103138
"ME_M_5",0.0005647631
"ME_M_5",0.001103786
"ME_M_5",0.001204475
"ME_M_5",0.00227823
"ME_M_5",0.00287969
"ME_M_5",0.002486025
"ME_M_5",0.0001373795
"ME_M_5",-0.003134564
"ME_M_5",-0.003489591
"ME_M_5",-0.002638059
"ME_M_5",-0.0002670878
"ME_M_5",0.00137081
"ME_M_5",0.001933871
"ME_M_5",0.002431894
"ME_M_5",0.002670815
"ME_M_5",0.002198243
"ME_M_5",0.001975833
"ME_M_5",0.001437459
"ME_M_5",0.0002060559
"ME_M_5",-0.00071191
"ME_M_5",-0.0009786873
"ME_M_5",-0.0005843394
"ME_M_5",1.891877E-05
"ME_M_5",0.001216791
"ME_M_5",0.001145136
"ME_M_5",0.0004215743
"ME_M_5",0.0005972404
"ME_M_5",0.001223823
"ME_M_5",0.0009829809
"ME_M_5",0.000382171
"ME_M_5",-0.001023111
"ME_M_5",-0.0001520639
"ME_M_5",0.0004939341
"ME_M_5",0.0007768797
"ME_M_5",0.0002072181
"ME_M_5",-0.0003196616
"ME_M_5",0.0001477082
"ME_M_5",0.0005473492
"ME_M_5",0.0004692156
"ME_M_5",0.0003246996
"ME_M_5",0.0006283326
"ME_M_5",0.000937727
"ME_M_5",0.002012522
"ME_M_5",0.002210594
"ME_M_5",0.001725036
"ME_M_5",0.00108958
"ME_M_5",0.0004264377
"ME_M_5",-0.001469857
"ME_M_5",-0.002305674
"ME_M_5",-0.003215283
"ME_M_5",-0.004621836
"ME_M_5",-0.005051737
"ME_M_5",-0.005004217
"ME_M_5",-0.004926595
"ME_M_5",-0.004022751
"ME_M_5",-0.002131674
"ME_M_5",-0.001774343
"ME_M_5",-0.001874868
"ME_M_5",-0.001512795
"ME_M_5",-0.0009940616
"ME_M_5",-0.0004899297
"ME_M_5",-0.0006728099
"ME_M_5",-0.0009285512
"ME_M_5",-0.001304336
"ME_M_5",-0.001433102
"ME_M_5",-0.001836158
"ME_M_5",-0.002410297
"AS_F_1",0.004689341
"AS_F_1",0.003078601
"AS_F_1",0.002309346
"AS_F_1",0.001408532
"AS_F_1",0.001083016
"AS_F_1",0.0006730746
"AS_F_1",0.0009156749
"AS_F_1",0.001636352
"AS_F_1",0.002962577
"AS_F_1",0.003572585
"AS_F_1",0.003800604
"AS_F_1",0.003968521
"AS_F_1",0.003623532
"AS_F_1",0.003095714
"AS_F_1",0.003084718
"AS_F_1",0.003422312
"AS_F_1",0.004561038
"AS_F_1",0.007458785
"AS_F_1",0.008161169
"AS_F_1",0.008564841
"AS_F_1",0.008261561
"AS_F_1",0.005400052
"AS_F_1",0.004170677
"AS_F_1",0.002994942
"AS_F_1",0.002965678
"AS_F_1",0.003457283
"AS_F_1",0.003020153
"AS_F_1",0.001833155
"AS_F_1",-0.0003049339
"AS_F_1",-0.00395097
"AS_F_1",-0.007074425
"AS_F_1",-0.009325811
"AS_F_1",-0.01066806
"AS_F_1",-0.01111302
"AS_F_1",-0.01107424
"AS_F_1",-0.01050784
"AS_F_1",-0.009920079
"AS_F_1",-0.007741448
"AS_F_1",-0.006568172
"AS_F_1",-0.005653541
"AS_F_1",-0.004674074
"AS_F_1",-0.00348846
"AS_F_1",-0.002066617
"AS_F_1",-0.0005379515
"AS_F_1",0.0001264684
"AS_F_1",-0.0002634488
"AS_F_1",-0.001656799
"AS_F_1",-0.002994138
"AS_F_1",-0.003800024
"AS_F_1",-0.004114858
"AS_F_1",-0.004429944
"AS_F_1",-0.004976594
"AS_F_1",-0.00559774
"AS_F_1",-0.004953455
"AS_F_1",-0.004193396
"AS_F_1",-0.002704621
"AS_F_1",-0.0008675382
"AS_F_1",0.0008225964
"AS_F_1",0.001539916
"AS_F_1",0.001593867
"AS_F_1",0.0009625857
"AS_F_1",-1.153059E-05
"AS_F_1",-0.0004408699
"AS_F_1",-0.0008983255
"AS_F_1",-0.001997404
"AS_F_1",-0.003241004
"AS_F_1",-0.003737255
"AS_F_1",-0.004215043
"AS_F_1",-0.005100719
"AS_F_1",-0.006028276
"AS_F_1",-0.00627216
"AS_F_1",-0.006305248
"AS_F_1",-0.006460567
"AS_F_1",-0.005034811
"AS_F_1",-0.005362978
"AS_F_1",-0.005218742
"AS_F_1",-0.004666418
"AS_F_1",-0.004529745
"AS_F_1",-0.004128891
"AS_F_1",-0.004109339
"AS_F_1",-0.004062008
"AS_F_1",-0.004041578
"AS_F_1",-0.003619784
"AS_F_1",-0.003145305
"AS_F_1",-0.001971766
"AS_F_1",-0.0002310987
"AS_F_1",0.003695752
"AS_F_1",0.005778763
"AS_F_1",0.008628445
"AS_F_1",0.01088624
"AS_F_1",0.01381989
"AS_F_1",0.0162812
"AS_F_1",0.01805599
"AS_F_1",0.01886095
"AS_F_1",0.01671745
"AS_F_1",0.01455167
"AS_F_1",0.01158743
"AS_F_1",0.008256433
"AS_F_1",0.003849949
"AS_F_1",0.001891861
"AS_F_1",-0.0003955374
"AS_F_1",-0.002935818
"AS_F_1",-0.006057543
"AS_F_1",-0.0072293
"AS_F_1",-0.008853961
"AS_F_1",-0.01042077
"AS_F_1",-0.01191582
"AS_F_1",-0.01152744
"AS_F_1",-0.009992193
"AS_F_1",-0.006016907
"AS_F_1",0.0009995438
"AS_F_1",0.002988759
"AS_F_1",0.004599805
"AS_F_1",0.005847707
"AS_F_1",0.006623485
"AS_F_1",0.006754712
"AS_F_1",0.006924032
"AS_F_1",0.006750534
"AS_F_1",0.004826436
"AS_F_1",0.003778666
"AS_F_1",0.002008251
"AS_F_1",0.0001490062
"AS_F_1",-0.002378581
"AS_F_1",-0.003277167
"AS_F_1",-0.00400321
"AS_F_1",-0.004778936
"AS_F_1",-0.005328881
"AS_F_1",-0.005755152
"AS_F_1",-0.006153234
"AS_F_1",-0.006871488
"AS_F_1",-0.006862294
"AS_F_1",-0.00646656
"AS_F_1",-0.005707742
"AS_F_1",-0.004630083
"AS_F_1",-0.003390911
"AS_F_1",-0.003246199
"AS_F_1",-0.003094462
"AS_F_1",-0.002806088
"AS_F_1",-0.002081166
"AS_F_1",-0.001748363
"AS_F_1",-0.001305988
"AS_F_1",-0.001446236
"AS_F_1",-0.002325498
"AS_F_1",-0.002492123
"AS_F_1",-0.002676229
"AS_F_1",-0.002845755
"AS_F_1",-0.005568693
"AS_F_1",-0.00518302
"AS_F_1",-0.004407724
"AS_F_1",-0.003303174
"AS_F_1",-0.002444119
"AS_F_1",-0.002830758
"AS_F_1",-0.003374626
"AS_F_1",-0.003561734
"AS_F_1",-0.002605852
"AS_F_1",-0.001614981
"AS_F_1",-0.00120763
"AS_F_1",-0.001119846
"AS_F_1",-0.002187548
"AS_F_1",-0.002641726
"AS_F_1",-0.003470324
"AS_F_1",-0.003330798
"AS_F_1",-0.001360559
"AS_F_1",-0.0008570811
"AS_F_1",-0.001332277
"AS_F_1",-0.004463137
"AS_F_1",-0.007929748
"AS_F_1",-0.008992596
"AS_F_1",-0.007653203
"AS_F_1",-0.005211997
"AS_F_1",-0.003228714
"AS_F_1",-0.003449896
"AS_F_1",-0.00480439
"AS_F_1",-0.006307901
"AS_F_1",-0.007016186
"AS_F_1",-0.006260733
"AS_F_1",-0.005113325
"AS_F_1",-0.00402219
"AS_F_1",-0.002624314
"AS_F_1",-0.002136702
"AS_F_1",-0.001476793
"AS_F_1",-0.0007018324
"AS_F_1",9.889214E-05
"AS_F_1",0.0003722776
"AS_F_1",0.000179389
"AS_F_1",-0.0004312569
"AS_F_1",-0.002269414
"AS_F_1",-0.003585914
"AS_F_1",-0.004383461
"AS_F_1",-0.00517142
"AS_F_1",-0.004536239
"AS_F_1",-0.003534604
"AS_F_1",-0.002741333
"AS_F_1",-0.001697019
"AS_F_1",-1.703447E-05
"AS_F_1",0.0007562179
"AS_F_1",0.002199576
"AS_F_1",0.003134532
"AS_F_1",0.003341844
"AS_F_1",0.002869428
"AS_F_1",0.002021493
"AS_F_1",0.0009625562
"AS_F_1",0.0002073183
"AS_F_1",-0.0002371491
"AS_F_1",-0.0004729119
"AS_F_1",-0.001098043
"AS_F_1",-0.001860878
"AS_F_1",-0.002073181
"AS_F_1",-0.001866281
"AS_F_1",-0.001196435
"AS_F_1",0.0002035152
"AS_F_1",0.0006885557
"AS_F_1",0.001077813
"AS_F_1",0.001594007
"AS_F_1",0.001656001
"AS_F_1",0.00153604
"AS_F_1",0.001398002
"AS_F_1",0.00123394
"AS_F_1",0.001165479
"AS_F_1",-0.004310985
"AS_F_1",-0.005511721
"AS_F_1",-0.005845803
"AS_F_1",-0.006037622
"AS_F_1",-0.006183843
"AS_F_1",-0.006699646
"AS_F_1",-0.006761322
"AS_F_1",-0.0068462
"AS_F_1",-0.006234583
"AS_F_1",-0.005277392
"AS_F_1",-0.004479218
"AS_F_1",-0.003319808
"AS_F_1",-0.001897357
"AS_F_1",-0.0005551132
"AS_F_1",-0.0004439582
"AS_F_1",-0.000804833
"AS_F_1",-0.000896101
"AS_F_1",-0.001094326
"AS_F_1",-0.0008047075
"AS_F_1",-0.0002681543
"AS_F_1",-9.195181E-05
"AS_F_1",-0.001463114
"AS_F_1",-0.002900548
"AS_F_1",-0.003147224
"AS_F_1",-0.002525173
"AS_F_1",-0.000936104
"AS_F_1",0.0001032637
"AS_F_1",-0.00103501
"AS_F_1",-0.001086977
"AS_F_1",-0.002283193
"AS_F_1",-0.0007615584
"AS_F_1",0.001177755
"AS_F_1",0.001277095
"AS_F_1",0.0002121789
"AS_F_1",0.0002461449
"AS_F_1",0.0004971174
"AS_F_1",0.0009757511
"AS_F_1",0.001170655
"AS_F_1",0.001000265
"AS_F_1",0.0007913286
"AS_F_1",0.0006130671
"AS_F_1",1.621118E-05
"AS_F_1",0.0001451268
"AS_F_1",-0.0002749327
"AS_F_1",-0.0007290833
"AS_F_1",-0.001220588
"AS_F_1",-0.001173783
"AS_F_1",-0.001148836
"AS_F_1",-0.001383398
"AS_F_1",-0.001916113
"AS_F_1",-0.002212473
"AS_F_1",-0.002503523
"AS_F_1",-0.003058032
"AS_F_1",-0.003209072
"AS_F_1",-0.003167521
"AS_F_1",-0.002939778
"AS_F_1",-0.002610506
"AS_F_1",-0.002080939
"AS_F_1",-0.001912743
"AS_F_1",-0.001515751
"AS_F_1",-0.0009244653
"AS_F_1",-0.000551064
"AS_F_1",-0.0003630134
"AS_F_1",-0.0001202828
"AS_F_1",-0.0003253166
"AS_F_1",-0.0008751405
"AS_F_1",-0.0009712592
"AS_F_1",-0.001075144
"AS_F_1",-0.001017396
"AS_F_1",-0.001020655
"AS_F_1",-0.001281793
"AS_F_1",-0.001719588
"AS_F_1",-0.001686604
"AS_F_1",0.001488881
"AS_F_1",0.001476778
"AS_F_1",0.001042826
"AS_F_1",0.0002695908
"AS_F_1",0.0001700787
"AS_F_1",-0.0001593337
"AS_F_1",-0.0005274643
"AS_F_1",-0.000991671
"AS_F_1",-0.001293369
"AS_F_1",-0.0006638326
"AS_F_1",-0.0006279946
"AS_F_1",0.000428247
"AS_F_1",0.0008666639
"AS_F_1",0.001449696
"AS_F_1",0.001782516
"AS_F_1",0.001843296
"AS_F_1",0.001496122
"AS_F_1",0.001323422
"AS_F_1",0.001371194
"AS_F_1",0.001930144
"AS_F_1",0.002141695
"AS_F_1",0.002212002
"AS_F_1",0.001971733
"AS_F_1",3.824593E-05
"AS_F_1",-0.0009386998
"AS_F_1",-0.001762033
"AS_F_1",-0.0008858994
"AS_F_1",0.002677203
"AS_F_1",0.003444722
"AS_F_1",0.003185775
"AS_F_1",0.001598569
"AS_F_1",0.000646227
"AS_F_1",0.0003953613
"AS_F_1",-0.000185891
"AS_F_1",-0.001184228
"AS_F_1",-0.002669074
"AS_F_1",-0.003909292
"AS_F_1",-0.005245971
"AS_F_1",-0.005687696
"AS_F_1",-0.005999198
"AS_F_1",-0.006129824
"AS_F_1",-0.005963728
"AS_F_1",-0.005803816
"AS_F_1",-0.005495459
"AS_F_1",-0.005016159
"AS_F_1",-0.004527689
"AS_F_1",-0.003999584
"AS_F_1",-0.003347259
"AS_F_1",-0.002698297
"AS_F_1",-0.002423639
"AS_F_1",-0.002187291
"AS_F_1",-0.002277939
"AS_F_1",-0.002359805
"AS_F_1",-0.002016414
"AS_F_1",-0.001903851
"AS_F_1",-0.001986427
"AS_F_1",-0.001993985
"AS_F_1",-0.002182476
"AS_F_1",-0.002537882
"AS_F_1",-0.003260803
"AS_F_1",-0.003508464
"AS_F_1",-0.003829102
"AS_F_1",-0.004463579
"AS_F_1",-0.005412011
"AS_F_1",-0.005401282
"AS_F_1",-0.005581613
"AS_F_1",-0.005524184
"AS_F_1",-0.004920737
"AS_F_1",-0.004382995
"AS_F_1",-0.003103297
"AS_F_1",-0.002488227
"AS_F_1",-0.0007677407
"AS_F_1",0.0002306468
"AS_F_1",-0.001667333
"AS_F_1",-0.001343972
"AS_F_1",-0.00125541
"AS_F_1",-0.001486038
"AS_F_1",-0.001901736
"AS_F_1",-0.001577544
"AS_F_1",-0.001425607
"AS_F_1",-0.001337171
"AS_F_1",-0.001426382
"AS_F_1",-0.0007161545
"AS_F_1",-0.0001841029
"AS_F_1",-0.0001043013
"AS_F_1",-0.0005643485
"AS_F_1",-0.000850161
"AS_F_1",-0.001182799
"AS_F_1",-0.001154792
"AS_F_1",0.0004585306
"AS_F_1",0.001702204
"AS_F_1",0.002342968
"AS_F_1",0.001091668
"AS_F_1",-0.001191954
"AS_F_1",-0.003852589
"AS_F_1",-0.005345116
"AS_F_1",-0.004939991
"AS_F_1",-0.003673862
"AS_F_1",-0.003608337
"AS_F_1",-0.004147999
"AS_F_1",-0.004282155
"AS_F_1",-0.002870613
"AS_F_1",-0.0007943893
"AS_F_1",0.0005562114
"AS_F_1",0.0003652836
"AS_F_1",-0.0001562845
"AS_F_1",6.281479E-06
"AS_F_1",0.0007863874
"AS_F_1",0.002133728
"AS_F_1",0.002002617
"AS_F_1",0.001689568
"AS_F_1",0.001015457
"AS_F_1",0.0005406353
"AS_F_1",-0.0003180325
"AS_F_1",-0.0006387763
"AS_F_1",-0.001310976
"AS_F_1",-0.002191018
"AS_F_1",-0.002574009
"AS_F_1",-0.002694443
"AS_F_1",-0.002551053
"AS_F_1",-0.002285839
"AS_F_1",-0.001299202
"AS_F_1",-0.00103903
"AS_F_1",-0.0008503872
"AS_F_1",-0.000149756
"AS_F_1",0.000489787
"AS_F_1",0.001048418
"AS_F_1",0.001596535
"AS_F_1",0.002070251
"AS_F_1",0.002242136
"AS_F_1",0.002149808
"AS_F_1",0.001622007
"AS_F_1",0.0003950786
"AS_F_1",0.0001131532
"AS_F_1",-0.0001877279
"AS_F_1",-0.000360246
"AS_F_1",-0.0003130833
"AS_F_1",-0.0006313458
"AS_F_1",-0.0007110248
"AS_F_1",-0.0008475877
"AS_F_1",-0.000981756
"AS_F_1",-0.0008285528
"AS_F_1",-0.0003688016
"AS_F_1",9.181175E-05
"AS_F_1",0.0007929888
"AS_F_1",0.001181528
"AS_F_1",0.0005279959
"AS_F_1",-5.926182E-05
"AS_F_1",-0.0005716999
"AS_F_1",-0.001191713
"AS_F_1",-0.001394869
"AS_F_1",-0.001605127
"AS_F_1",-0.0008881061
"AS_F_1",-9.281328E-05
"AS_F_1",-0.0006325635
"AS_F_1",-0.001108252
"AS_F_1",-0.0005911906
"AS_F_1",0.0004904337
"AS_F_1",0.001065814
"AS_F_1",0.001328944
"AS_F_1",0.001779207
"AS_F_1",0.002475762
"AS_F_1",0.003316663
"AS_F_1",0.004242768
"AS_F_1",0.004596588
"AS_F_1",0.004910339
"AS_F_1",0.004795449
"AS_F_1",0.004481948
"AS_F_1",0.00416596
"AS_F_1",0.00342213
"AS_F_1",0.002488061
"AS_F_1",0.001444451
"AS_F_1",9.062642E-05
"AS_F_1",-0.0009444877
"AS_F_1",-0.0008744216
"AS_F_1",-0.0002726041
"AS_F_1",0.0003504447
"AS_F_1",0.0005201898
"AS_F_1",0.0004969654
"AS_F_1",0.0004842783
"AS_F_1",0.0003547391
"AS_F_1",-7.072684E-05
"AS_F_1",-0.0005076802
"AS_F_1",-0.000533752
"AS_F_1",0.0007075917
"AS_F_1",0.001950911
"AS_F_1",0.001864501
"AS_F_1",0.0004397541
"AS_F_1",-0.0002256465
"AS_F_1",-0.000599892
"AS_F_1",-0.0005724024
"AS_F_1",-0.0002553895
"AS_F_1",-0.0003432182
"AS_F_1",-0.001846419
"AS_F_1",-0.003550936
"AS_F_1",-0.004231524
"AS_F_1",-0.004382524
"AS_F_1",-0.006867174
"AS_F_1",-0.009362646
"AS_F_1",-0.01033426
"AS_F_1",-0.01011727
"AS_F_1",-0.008996295
"AS_F_1",-0.007642902
"AS_F_1",-0.005665421
"AS_F_1",-0.004199976
"AS_F_1",-0.002237099
"AS_F_1",-0.00055517
"AS_F_1",0.0006763382
"AS_F_1",0.001091605
"AS_F_1",0.001404181
"AS_F_1",0.001414367
"AS_F_1",0.001293878
"AS_F_1",0.0008784757
"AS_F_1",0.0001846482
"AS_F_1",-0.000633479
"AS_F_1",-0.001628009
"AS_F_1",-0.002138321
"AS_F_1",-0.003521146
"AS_F_1",-0.004827913
"AS_F_1",-0.0004407918
"AS_F_1",-0.0004821105
"AS_F_1",-0.00061012
"AS_F_1",-0.0006732353
"AS_F_1",-0.0009454063
"AS_F_1",-0.0009916398
"AS_F_1",-0.001188007
"AS_F_1",-0.001207993
"AS_F_1",-0.00115023
"AS_F_1",-0.0009583209
"AS_F_1",-0.0007063146
"AS_F_1",-0.0003485755
"AS_F_1",0.001036061
"AS_F_1",0.001996391
"AS_F_1",0.002941673
"AS_F_1",0.003320207
"AS_F_1",0.002894011
"AS_F_1",0.002537744
"AS_F_1",0.002347488
"AS_F_1",0.002196132
"AS_F_1",0.002649683
"AS_F_1",0.003071815
"AS_F_1",0.003961394
"AS_F_1",0.003996956
"AS_F_1",0.003642059
"AS_F_1",0.003251379
"AS_F_1",0.002854245
"AS_F_1",0.0022441
"AS_F_1",0.0006277788
"AS_F_1",-0.0002048414
"AS_F_1",-0.001466379
"AS_F_1",-0.002747997
"AS_F_1",-0.00468726
"AS_F_1",-0.005012925
"AS_F_1",-0.005035738
"AS_F_1",-0.005042942
"AS_F_1",-0.004731179
"AS_F_1",-0.004000035
"AS_F_1",-0.003294515
"AS_F_1",-0.00308796
"AS_F_1",-0.002583173
"AS_F_1",-0.002066336
"AS_F_1",-0.00107352
"AS_F_1",0.0005669301
"AS_F_1",0.004369995
"AS_F_1",0.005036726
"AS_F_1",0.004972401
"AS_F_1",0.004234473
"AS_F_1",0.001744933
"AS_F_1",0.0008215904
"AS_F_1",0.0002748759
"AS_F_1",-0.0001080523
"AS_F_1",-0.0004343459
"AS_F_1",-0.0009747001
"AS_F_1",-0.00165936
"AS_F_1",-0.002529225
"AS_F_1",-0.003295244
"AS_F_1",-0.003539584
"AS_F_1",-0.003447555
"AS_F_1",-0.003490186
"AS_F_1",-0.00339795
"AS_F_1",-0.003346732
"AS_F_1",-0.002645644
"AS_F_1",-0.001879838
"AS_F_1",-0.0003404864
"AS_F_1",-0.0001305131
"AS_F_1",0.0002040491
"AS_F_1",0.0002173203
"AS_F_1",3.120757E-05
"AS_F_1",1.378113E-05
"AS_F_1",-0.000164766
"AS_F_1",-0.0003652349
"AS_F_1",-0.001279612
"AS_F_1",0.002708951
"AS_F_1",0.004830057
"AS_F_1",0.005576896
"AS_F_1",0.006028666
"AS_F_1",0.006373085
"AS_F_1",0.006375146
"AS_F_1",0.005969157
"AS_F_1",0.005451791
"AS_F_1",0.004350518
"AS_F_1",0.003100443
"AS_F_1",0.002103929
"AS_F_1",0.001311893
"AS_F_1",0.000638945
"AS_F_1",-0.0004685559
"AS_F_1",-0.0006817366
"AS_F_1",-0.0009796962
"AS_F_1",-0.001117267
"AS_F_1",0.0009591363
"AS_F_1",0.002734976
"AS_F_1",0.004570362
"AS_F_1",0.005454967
"AS_F_1",0.003310788
"AS_F_1",0.0019903
"AS_F_1",0.0007950661
"AS_F_1",-0.0002706061
"AS_F_1",-0.0009854953
"AS_F_1",-0.0013646
"AS_F_1",-0.001527584
"AS_F_1",-0.002100433
"AS_F_1",-0.004043681
"AS_F_1",-0.004394663
"AS_F_1",-0.004414647
"AS_F_1",-0.003943832
"AS_F_1",-0.004020709
"AS_F_1",-0.003814891
"AS_F_1",-0.003838459
"AS_F_1",-0.003746868
"AS_F_1",-0.004066226
"AS_F_1",-0.004305095
"AS_F_1",-0.004822271
"AS_F_1",-0.00533346
"AS_F_1",-0.00545829
"AS_F_1",-0.005651553
"AS_F_1",-0.006105141
"AS_F_1",-0.006219841
"AS_F_1",-0.00588909
"AS_F_1",-0.005340583
"AS_F_1",-0.004919709
"AS_F_1",-0.004036281
"AS_F_1",-0.003338535
"AS_F_1",-0.00307288
"AS_F_1",-0.002620732
"AS_F_1",-0.00217075
"AS_F_1",-0.001551678
"AS_F_1",-0.001411099
"AS_F_1",-0.0008655024
"AS_F_1",-0.0002033812
"AS_F_1",-0.0002701228
"AS_F_1",-0.0002253009
"AS_F_1",-0.0003908372
"AS_F_1",-0.0004965151
"AS_F_1",-0.001400587
"AS_F_1",-0.001472664
"AS_F_1",-0.001626171
"AS_F_1",-0.001781758
"AS_F_1",-0.002196346
"AS_F_1",-0.002382914
"AS_F_1",-0.002098699
"AS_F_1",-0.00189015
"AS_F_1",-0.001337693
"AS_F_1",-0.0009002602
"AS_F_1",-0.0004947229
"AS_F_1",0.0004696865
"AS_F_1",-0.002442796
"AS_F_1",-0.00287624
"AS_F_1",-0.003798673
"AS_F_1",-0.004384886
"AS_F_1",-0.004957818
"AS_F_1",-0.004914065
"AS_F_1",-0.003892538
"AS_F_1",-0.003160777
"AS_F_1",-0.002673177
"AS_F_1",-0.002566539
"AS_F_1",-0.001491517
"AS_F_1",-0.0009424111
"AS_F_1",6.702275E-05
"AS_F_1",0.001550904
"AS_F_1",0.004453295
"AS_F_1",0.006197175
"AS_F_1",0.00812435
"AS_F_1",0.009600357
"AS_F_1",0.01054115
"AS_F_1",0.01054163
"AS_F_1",0.01043721
"AS_F_1",0.009924381
"AS_F_1",0.009037746
"AS_F_1",0.008085944
"AS_F_1",0.006592219
"AS_F_1",0.005094371
"AS_F_1",0.002601633
"AS_F_1",0.0003393342
"AS_F_1",-0.00114133
"AS_F_1",-0.001342458
"AS_F_1",-0.001523145
"AS_F_1",-0.002646188
"AS_F_1",-0.004738788
"AS_F_1",-0.006181855
"AS_F_1",-0.006600711
"AS_F_1",-0.005499629
"AS_F_1",-0.003090513
"AS_F_1",-0.00224547
"AS_F_1",-0.001846598
"AS_F_1",-0.001807392
"AS_F_1",-0.00156696
"AS_F_1",-0.001075538
"AS_F_1",0.0004448105
"AS_F_1",0.001230594
"AS_F_1",0.0001513239
"AS_F_1",-0.001793954
"AS_F_1",-0.002990279
"AS_F_1",-0.001995714
"AS_F_1",-0.001326669
"AS_F_1",-0.001510608
"AS_F_1",-0.002515161
"AS_F_1",-0.002660609
"AS_F_1",-0.001719542
"AS_F_1",-0.0007129561
"AS_F_1",0.0009779393
"AS_F_1",0.00176945
"AS_F_1",0.002072057
"AS_F_1",0.001987067
"AS_F_1",0.001735987
"AS_F_1",0.002228565
"AS_F_1",0.00263326
"AS_F_1",0.003270242
"AS_F_1",0.003039999
"AS_F_1",0.002200737
"AS_F_1",0.0008236701
"AS_F_1",-0.001498587
"AS_F_1",-0.004169104
"AS_F_1",-0.005373911
"AS_F_1",-0.007282414
"AS_F_1",-0.007921211
"AS_F_1",-0.009068764
"AS_F_1",-0.009074342
"AS_F_1",-0.008818634
"AS_F_1",-0.007717952
"AS_F_1",-0.00139913
"AS_F_1",-0.0001620045
"AS_F_1",0.0003844071
"AS_F_1",0.0005987019
"AS_F_1",0.001145339
"AS_F_1",0.002093669
"AS_F_1",0.002395872
"AS_F_1",0.002215318
"AS_F_1",0.0010282
"AS_F_1",-0.001676774
"AS_F_1",-0.002559374
"AS_F_1",-0.002817734
"AS_F_1",-0.002212489
"AS_F_1",-0.0006634553
"AS_F_1",-9.019097E-05
"AS_F_1",0.0003157539
"AS_F_1",0.0003611642
"AS_F_1",-0.000241542
"AS_F_1",-0.0001104631
"AS_F_1",0.0001640597
"AS_F_1",0.0003889037
"AS_F_1",-0.0004018638
"AS_F_1",-0.0006705628
"AS_F_1",-0.001125392
"AS_F_1",-0.001155606
"AS_F_1",-0.001118179
"AS_F_1",-0.001413388
"AS_F_1",-0.001661429
"AS_F_1",-0.002287698
"AS_F_1",-0.003091141
"AS_F_1",-0.003340941
"AS_F_1",-0.003267979
"AS_F_1",-0.002774377
"AS_F_1",-0.001554523
"AS_F_1",-0.001291528
"AS_F_1",-0.0007764783
"AS_F_1",0.001371055
"AS_F_1",0.004462786
"AS_F_1",0.004485597
"AS_F_1",0.003770113
"AS_F_1",0.00262358
"AS_F_1",0.0004479359
"AS_F_1",-0.0001666405
"AS_F_1",-0.001316873
"AS_F_1",-0.001866246
"AS_F_1",-0.001943296
"AS_F_1",-0.002155988
"AS_F_1",-0.002496016
"AS_F_1",-0.002905317
"AS_F_1",-0.002877283
"AS_F_1",-0.00269387
"AS_F_1",-0.002385205
"AS_F_1",-0.001807961
"AS_F_1",-0.001175291
"AS_F_1",-0.0006966321
"AS_F_1",-0.0004931153
"AS_F_1",-0.0001605115
"AS_F_1",0.0005277024
"AS_F_1",0.0008863977
"AS_F_1",0.001119913
"AS_F_1",0.001452621
"AS_F_1",0.001490709
"AS_F_1",0.001495813
"AS_F_1",0.001356218
"AS_F_1",0.0006295043
"AS_F_1",-0.0008247503
"AS_F_1",-0.001472318
"AS_F_1",-0.001858471
"AS_F_1",-0.001558905
"AS_F_1",-0.0005026656
"AS_F_1",-0.0003756678
"AS_F_1",-0.0001693367
"AS_F_1",-0.0004962115
"AS_F_1",0.003423786
"AS_F_1",0.005211548
"AS_F_1",0.005650244
"AS_F_1",0.005990321
"AS_F_1",0.00585134
"AS_F_1",0.004962212
"AS_F_1",0.004634874
"AS_F_1",0.004188312
"AS_F_1",0.003860435
"AS_F_1",0.002396191
"AS_F_1",0.001536236
"AS_F_1",0.0005154196
"AS_F_1",-0.0007291427
"AS_F_1",-0.001820731
"AS_F_1",-0.002410784
"AS_F_1",-0.002942308
"AS_F_1",-0.003343351
"AS_F_1",-0.003687112
"AS_F_1",-0.003771886
"AS_F_1",-0.003640531
"AS_F_1",-0.003470609
"AS_F_1",-0.00337096
"AS_F_1",-0.002994816
"AS_F_1",-0.001835422
"AS_F_1",-0.0001731443
"AS_F_1",0.003911483
"AS_F_1",0.004493441
"AS_F_1",0.003619049
"AS_F_1",0.001448465
"AS_F_1",-0.001708358
"AS_F_1",-0.00415457
"AS_F_1",-0.004481504
"AS_F_1",-0.004151922
"AS_F_1",-0.00406508
"AS_F_1",-0.004393983
"AS_F_1",-0.004677755
"AS_F_1",-0.004421799
"AS_F_1",-0.002521246
"AS_F_1",-0.001402988
"AS_F_1",-0.0008871491
"AS_F_1",-0.001043799
"AS_F_1",-0.001065025
"AS_F_1",-0.0006801119
"AS_F_1",-0.0002822503
"AS_F_1",-1.024804E-06
"AS_F_1",-0.0001650027
"AS_F_1",-0.0004381583
"AS_F_1",5.747247E-05
"AS_F_1",0.0008826115
"AS_F_1",0.001920881
"AS_F_1",0.001887932
"AS_F_1",0.001427328
"AS_F_1",0.0004761514
"AS_F_1",-0.0005572739
"AS_F_1",-0.001288571
"AS_F_1",-0.001325909
"AS_F_1",-0.001202812
"AS_F_1",-0.001551985
"AS_F_1",-0.00155649
"AS_F_1",-0.001714324
"AS_F_1",-0.001378625
"AS_F_1",-0.0006776299
"AS_F_1",-0.0005567244
"AS_F_1",-0.0004086014
"AS_F_1",-0.0001950787
"AS_F_1",0.001077623
"AS_F_1",0.001517019
"AS_F_1",0.001883715
"AS_F_1",0.001583944
"AS_F_1",0.001145484
"AS_F_1",0.0007217474
"AS_F_1",0.0006862559
"AS_F_1",0.0003534146
"AS_F_2",-0.001402896
"AS_F_2",-0.001391467
"AS_F_2",-0.00131044
"AS_F_2",-0.001492494
"AS_F_2",-0.001785457
"AS_F_2",-0.002217471
"AS_F_2",-0.00207484
"AS_F_2",-0.001756971
"AS_F_2",-0.001589262
"AS_F_2",-0.001539347
"AS_F_2",-0.001564543
"AS_F_2",-0.001603101
"AS_F_2",-0.001363411
"AS_F_2",-0.0009255916
"AS_F_2",-0.001081917
"AS_F_2",-0.001621789
"AS_F_2",-0.002394727
"AS_F_2",-0.002915828
"AS_F_2",-0.004170868
"AS_F_2",-0.004700508
"AS_F_2",-0.004252506
"AS_F_2",-0.003262497
"AS_F_2",-0.001027895
"AS_F_2",0.0006010728
"AS_F_2",0.001088648
"AS_F_2",0.0009934973
"AS_F_2",0.0009999659
"AS_F_2",0.001684269
"AS_F_2",0.001971515
"AS_F_2",0.001292408
"AS_F_2",-0.0001401821
"AS_F_2",-0.0005580669
"AS_F_2",-0.0006422601
"AS_F_2",-0.0006515501
"AS_F_2",-0.001249941
"AS_F_2",-0.001535533
"AS_F_2",-0.001517253
"AS_F_2",-0.001527769
"AS_F_2",-0.001795481
"AS_F_2",-0.0008554125
"AS_F_2",0.000569599
"AS_F_2",0.001541505
"AS_F_2",0.002705923
"AS_F_2",0.002812547
"AS_F_2",0.002520807
"AS_F_2",0.002635942
"AS_F_2",0.003620116
"AS_F_2",0.004423641
"AS_F_2",0.005624763
"AS_F_2",0.006225569
"AS_F_2",0.005700401
"AS_F_2",0.004812179
"AS_F_2",0.003965692
"AS_F_2",0.003995268
"AS_F_2",0.003775858
"AS_F_2",0.003894454
"AS_F_2",0.003364322
"AS_F_2",0.002987382
"AS_F_2",0.002630865
"AS_F_2",0.002798327
"AS_F_2",0.002695832
"AS_F_2",0.002148477
"AS_F_2",0.001130095
"AS_F_2",7.322256E-05
"AS_F_2",-0.001320621
"AS_F_2",-0.001689916
"AS_F_2",-0.001437346
"AS_F_2",-0.001138643
"AS_F_2",-0.0007229872
"AS_F_2",-0.0003183868
"AS_F_2",0.0001403837
"AS_F_2",0.0004613902
"AS_F_2",0.0006729349
"AS_F_2",-0.001871212
"AS_F_2",-0.002382944
"AS_F_2",-0.002226809
"AS_F_2",-0.002087786
"AS_F_2",-0.001611657
"AS_F_2",-0.001655619
"AS_F_2",-0.002059471
"AS_F_2",-0.003184086
"AS_F_2",-0.003919647
"AS_F_2",-0.003733258
"AS_F_2",-0.003482436
"AS_F_2",-0.002905352
"AS_F_2",-0.002693167
"AS_F_2",-0.001850595
"AS_F_2",-0.001758334
"AS_F_2",-0.001622591
"AS_F_2",-0.001557881
"AS_F_2",-0.001536806
"AS_F_2",-0.001588088
"AS_F_2",-0.001677205
"AS_F_2",-0.001732355
"AS_F_2",-0.00175809
"AS_F_2",-0.003604352
"AS_F_2",-0.004367614
"AS_F_2",-0.004549126
"AS_F_2",-0.001384778
"AS_F_2",-0.0005257992
"AS_F_2",-8.838164E-05
"AS_F_2",-0.0002442421
"AS_F_2",-0.001216586
"AS_F_2",-0.001708378
"AS_F_2",-0.002112035
"AS_F_2",-0.003574733
"AS_F_2",-0.004350201
"AS_F_2",-0.003227025
"AS_F_2",-0.00175099
"AS_F_2",-0.0006028695
"AS_F_2",0.001298651
"AS_F_2",0.003962458
"AS_F_2",0.005702455
"AS_F_2",0.005663452
"AS_F_2",0.003942971
"AS_F_2",0.002409625
"AS_F_2",0.001820977
"AS_F_2",0.002059753
"AS_F_2",0.002171098
"AS_F_2",0.002618969
"AS_F_2",0.003203659
"AS_F_2",0.003110961
"AS_F_2",0.002208085
"AS_F_2",0.002120847
"AS_F_2",0.002495859
"AS_F_2",0.002729673
"AS_F_2",0.001966517
"AS_F_2",0.0005672764
"AS_F_2",0.000210104
"AS_F_2",-5.001831E-05
"AS_F_2",-9.744335E-05
"AS_F_2",-0.0002614659
"AS_F_2",-0.0005583432
"AS_F_2",-0.0006798002
"AS_F_2",-0.001837219
"AS_F_2",-0.002602589
"AS_F_2",-0.003344773
"AS_F_2",-0.003457482
"AS_F_2",-0.003104907
"AS_F_2",-0.002630762
"AS_F_2",-0.002515013
"AS_F_2",-0.002736331
"AS_F_2",-0.003228069
"AS_F_2",-0.003058145
"AS_F_2",-0.002044542
"AS_F_2",-0.0008322081
"AS_F_2",0.002630657
"AS_F_2",0.002798012
"AS_F_2",0.002894723
"AS_F_2",0.002572588
"AS_F_2",0.001854021
"AS_F_2",0.001373276
"AS_F_2",0.001408931
"AS_F_2",0.001287645
"AS_F_2",0.0009489261
"AS_F_2",0.0002091328
"AS_F_2",-0.0004970965
"AS_F_2",-0.001343127
"AS_F_2",-0.002773563
"AS_F_2",-0.003903905
"AS_F_2",-0.004577228
"AS_F_2",-0.004830403
"AS_F_2",-0.005291411
"AS_F_2",-0.00563556
"AS_F_2",-0.005512513
"AS_F_2",-0.005302452
"AS_F_2",-0.004614762
"AS_F_2",-0.003675898
"AS_F_2",-0.001681909
"AS_F_2",-0.001009417
"AS_F_2",-0.0007533752
"AS_F_2",-0.001036085
"AS_F_2",-0.0003916896
"AS_F_2",9.550969E-05
"AS_F_2",0.0005196147
"AS_F_2",-8.643488E-05
"AS_F_2",-0.0008239466
"AS_F_2",-0.0008145848
"AS_F_2",-0.0001367435
"AS_F_2",0.0006255086
"AS_F_2",0.001309866
"AS_F_2",0.001121759
"AS_F_2",-0.0003362434
"AS_F_2",-0.002001727
"AS_F_2",-0.002066367
"AS_F_2",-0.0009150124
"AS_F_2",0.001290546
"AS_F_2",0.002212409
"AS_F_2",0.001164422
"AS_F_2",0.0006240684
"AS_F_2",3.172236E-05
"AS_F_2",0.0009118686
"AS_F_2",0.00133982
"AS_F_2",0.001258216
"AS_F_2",0.0003668022
"AS_F_2",-0.0004476373
"AS_F_2",-6.822863E-05
"AS_F_2",0.0003669817
"AS_F_2",0.0006936813
"AS_F_2",0.0005395097
"AS_F_2",-0.0001357324
"AS_F_2",-0.0007815724
"AS_F_2",-0.001918289
"AS_F_2",-0.002149448
"AS_F_2",-0.001954688
"AS_F_2",-0.00179708
"AS_F_2",-0.001954831
"AS_F_2",-0.002121198
"AS_F_2",-0.002219624
"AS_F_2",-0.002446421
"AS_F_2",-0.002014933
"AS_F_2",-0.001707332
"AS_F_2",-0.001741115
"AS_F_2",-0.001797759
"AS_F_2",-0.00224344
"AS_F_2",-0.00225017
"AS_F_2",-0.001649022
"AS_F_2",-0.001660326
"AS_F_2",-0.001153392
"AS_F_2",0.00205903
"AS_F_2",0.002799522
"AS_F_2",0.002774714
"AS_F_2",0.002666329
"AS_F_2",0.002010599
"AS_F_2",0.001418739
"AS_F_2",0.0008971022
"AS_F_2",0.000625434
"AS_F_2",0.000808749
"AS_F_2",0.0007656765
"AS_F_2",0.0002757702
"AS_F_2",0.0001798127
"AS_F_2",0.001147489
"AS_F_2",0.001512618
"AS_F_2",0.001538506
"AS_F_2",0.001325944
"AS_F_2",0.002114497
"AS_F_2",0.00278324
"AS_F_2",0.002629558
"AS_F_2",0.002311068
"AS_F_2",0.001689809
"AS_F_2",0.001543
"AS_F_2",0.001418025
"AS_F_2",0.001470518
"AS_F_2",0.0009686076
"AS_F_2",0.0007705386
"AS_F_2",0.0007495895
"AS_F_2",0.0009680944
"AS_F_2",0.00158428
"AS_F_2",0.00195286
"AS_F_2",0.002413347
"AS_F_2",0.002367586
"AS_F_2",0.00215694
"AS_F_2",0.001931392
"AS_F_2",0.001680317
"AS_F_2",0.001861149
"AS_F_2",0.00360739
"AS_F_2",0.003919588
"AS_F_2",0.003851235
"AS_F_2",0.003283185
"AS_F_2",0.003392007
"AS_F_2",0.004219797
"AS_F_2",0.005707265
"AS_F_2",0.007260836
"AS_F_2",0.008057592
"AS_F_2",0.008126928
"AS_F_2",0.009049884
"AS_F_2",0.008627892
"AS_F_2",0.005415129
"AS_F_2",0.003744797
"AS_F_2",0.002038268
"AS_F_2",0.001225027
"AS_F_2",0.000857054
"AS_F_2",0.0005225437
"AS_F_2",-0.0004220422
"AS_F_2",-0.001558275
"AS_F_2",-0.002722042
"AS_F_2",-0.002674175
"AS_F_2",-0.001710373
"AS_F_2",-0.000645801
"AS_F_2",-0.0004693039
"AS_F_2",-0.0004475627
"AS_F_2",1.624192E-05
"AS_F_2",0.0005415835
"AS_F_2",0.001272441
"AS_F_2",0.001791357
"AS_F_2",0.001996303
"AS_F_2",0.00234755
"AS_F_2",0.002656559
"AS_F_2",0.003023444
"AS_F_2",0.003502653
"AS_F_2",0.00365993
"AS_F_2",0.003827818
"AS_F_2",-0.001849277
"AS_F_2",-0.002150506
"AS_F_2",-0.00148526
"AS_F_2",-0.001013296
"AS_F_2",-0.0007799735
"AS_F_2",-0.000694255
"AS_F_2",-0.0007906271
"AS_F_2",-0.0006762595
"AS_F_2",-0.0005620993
"AS_F_2",-0.0004883772
"AS_F_2",-0.0009656761
"AS_F_2",-0.001464306
"AS_F_2",-0.001971276
"AS_F_2",-0.00204592
"AS_F_2",-0.0007543501
"AS_F_2",-6.568804E-05
"AS_F_2",0.0004072126
"AS_F_2",0.0002528939
"AS_F_2",-0.001026189
"AS_F_2",-0.001826678
"AS_F_2",-0.002500728
"AS_F_2",-0.003981397
"AS_F_2",-0.005660901
"AS_F_2",-0.005450265
"AS_F_2",-0.002021167
"AS_F_2",-0.0004632754
"AS_F_2",0.001580351
"AS_F_2",0.0008923805
"AS_F_2",-0.0007312674
"AS_F_2",-0.001986896
"AS_F_2",-0.002375326
"AS_F_2",-0.002057846
"AS_F_2",-0.001753522
"AS_F_2",-0.001982753
"AS_F_2",-0.004425159
"AS_F_2",-0.004513308
"AS_F_2",-0.003448276
"AS_F_2",-0.001158361
"AS_F_2",0.002009853
"AS_F_2",0.002625672
"AS_F_2",0.002421839
"AS_F_2",0.001013193
"AS_F_2",-0.0001833256
"AS_F_2",0.0002642911
"AS_F_2",0.001312393
"AS_F_2",0.002905419
"AS_F_2",0.005847925
"AS_F_2",0.006459876
"AS_F_2",0.006472666
"AS_F_2",0.005201252
"AS_F_2",0.001990696
"AS_F_2",-0.0003169624
"AS_F_2",-0.001160696
"AS_F_2",-0.0003417275
"AS_F_2",0.001186195
"AS_F_2",0.0007607988
"AS_F_2",0.0004741981
"AS_F_2",0.0008958782
"AS_F_2",0.001748069
"AS_F_2",0.00140945
"AS_F_2",0.0006781963
"AS_F_2",-0.0003216293
"AS_F_2",-0.001664216
"AS_F_2",-0.00213779
"AS_F_2",-0.00274842
"AS_F_2",-0.00342613
"AS_F_2",-0.004325205
"AS_F_2",-0.004034373
"AS_F_2",-0.003422833
"AS_F_2",-0.002729371
"AS_F_2",-0.002867252
"AS_F_2",-0.00303857
"AS_F_2",-0.002892475
"AS_F_2",0.003625871
"AS_F_2",0.004852167
"AS_F_2",0.004968107
"AS_F_2",0.003119911
"AS_F_2",0.00149061
"AS_F_2",0.0007284352
"AS_F_2",2.311752E-05
"AS_F_2",-0.0004912624
"AS_F_2",-0.0009546098
"AS_F_2",-0.001918517
"AS_F_2",-0.003028587
"AS_F_2",-0.004547719
"AS_F_2",-0.003723843
"AS_F_2",-0.001866421
"AS_F_2",0.0001521969
"AS_F_2",0.001430073
"AS_F_2",-0.0005638476
"AS_F_2",-0.001770079
"AS_F_2",-0.002308227
"AS_F_2",-0.00164193
"AS_F_2",0.001520152
"AS_F_2",0.001955977
"AS_F_2",0.00197847
"AS_F_2",0.0008759606
"AS_F_2",-0.000639681
"AS_F_2",-0.0007196212
"AS_F_2",3.591063E-06
"AS_F_2",0.002165082
"AS_F_2",0.00212091
"AS_F_2",0.001518027
"AS_F_2",0.001253086
"AS_F_2",0.001703049
"AS_F_2",0.003170623
"AS_F_2",0.003802687
"AS_F_2",0.003677958
"AS_F_2",0.002945061
"AS_F_2",0.002046247
"AS_F_2",0.001638169
"AS_F_2",0.001169548
"AS_F_2",0.001061314
"AS_F_2",0.001786551
"AS_F_2",0.00235722
"AS_F_2",0.002862276
"AS_F_2",0.003535836
"AS_F_2",0.003160619
"AS_F_2",0.002675436
"AS_F_2",0.002436591
"AS_F_2",0.001849081
"AS_F_2",0.0007206257
"AS_F_2",0.0005530401
"AS_F_2",0.0006867585
"AS_F_2",0.001739599
"AS_F_2",0.001983316
"AS_F_2",0.001728744
"AS_F_2",0.001266632
"AS_F_2",0.0008482722
"AS_F_2",0.0004828548
"AS_F_2",-0.0002226763
"AS_F_2",-0.0004333947
"AS_F_2",-0.0005736374
"AS_F_2",-0.0009066477
"AS_F_2",-0.0009403702
"AS_F_2",-0.000792839
"AS_F_2",-0.0007776277
"AS_F_2",-0.0003549856
"AS_F_2",-0.000365413
"AS_F_2",-0.000190576
"AS_F_2",-0.0004404333
"AS_F_2",-0.0008802869
"AS_F_2",-0.001268829
"AS_F_2",-0.001761424
"AS_F_2",-0.002417975
"AS_F_2",-0.002452689
"AS_F_2",-0.002300212
"AS_F_2",-0.001045355
"AS_F_2",-0.0007767816
"AS_F_2",-0.0007641881
"AS_F_2",-0.000593512
"AS_F_2",-0.0004521522
"AS_F_2",0.0005303959
"AS_F_2",0.001727474
"AS_F_2",0.002969214
"AS_F_2",0.003520542
"AS_F_2",0.004139401
"AS_F_2",0.004240511
"AS_F_2",0.003832855
"AS_F_2",0.003275419
"AS_F_2",0.001567074
"AS_F_2",0.0005660779
"AS_F_2",-0.0001569808
"AS_F_2",-0.0005326976
"AS_F_2",-0.0006340349
"AS_F_2",-0.0005812966
"AS_F_2",-0.0008548654
"AS_F_2",-0.001033845
"AS_F_2",-0.001635052
"AS_F_2",-0.002079988
"AS_F_2",-0.00238482
"AS_F_2",-0.002459009
"AS_F_2",-0.001724263
"AS_F_2",-0.0008253226
"AS_F_2",0.0004333511
"AS_F_2",0.001057463
"AS_F_2",0.001808368
"AS_F_2",0.001664566
"AS_F_2",0.00136024
"AS_F_2",0.0008416527
"AS_F_2",-0.001266371
"AS_F_2",-0.003550252
"AS_F_2",-0.004939509
"AS_F_2",-0.004479425
"AS_F_2",-0.002203567
"AS_F_2",-0.001125396
"AS_F_2",-0.0008502026
"AS_F_2",-0.0007152564
"AS_F_2",-0.0003214128
"AS_F_2",7.655926E-05
"AS_F_2",0.0009162668
"AS_F_2",0.001199517
"AS_F_2",0.001035741
"AS_F_2",0.0003619537
"AS_F_2",-9.10089E-05
"AS_F_2",-6.611942E-05
"AS_F_2",8.657761E-05
"AS_F_2",4.216726E-05
"AS_F_2",-0.000525974
"AS_F_2",-0.001100046
"AS_F_2",-0.00202488
"AS_F_2",-0.002568746
"AS_F_2",-0.002965762
"AS_F_2",-0.003291893
"AS_F_2",-0.002825283
"AS_F_2",-0.002652285
"AS_F_2",-0.003272252
"AS_F_2",-0.003960993
"AS_F_2",-0.003434762
"AS_F_2",-0.002450993
"AS_F_2",-0.001494724
"AS_F_2",-0.001210033
"AS_F_2",-0.001484456
"AS_F_2",-0.001349169
"AS_F_2",-0.00136472
"AS_F_2",-0.001585615
"AS_F_2",-0.00152435
"AS_F_2",-0.001251924
"AS_F_2",-0.0007942872
"AS_F_2",-0.0003897594
"AS_F_2",0.002361547
"AS_F_2",0.002391004
"AS_F_2",0.002288867
"AS_F_2",0.001929588
"AS_F_2",0.001899117
"AS_F_2",0.001772095
"AS_F_2",0.00143652
"AS_F_2",0.001084791
"AS_F_2",0.0009041252
"AS_F_2",0.0005804654
"AS_F_2",0.0004159219
"AS_F_2",0.0001338974
"AS_F_2",-0.0001313374
"AS_F_2",-0.0003020067
"AS_F_2",-0.0003987436
"AS_F_2",-0.0001357764
"AS_F_2",-4.974482E-05
"AS_F_2",7.069316E-05
"AS_F_2",8.030067E-05
"AS_F_2",0.000129482
"AS_F_2",0.0003059748
"AS_F_2",0.0001443665
"AS_F_2",0.0004269009
"AS_F_2",0.0007091169
"AS_F_2",0.0008500107
"AS_F_2",0.001225134
"AS_F_2",0.002179842
"AS_F_2",0.002701767
"AS_F_2",0.002329414
"AS_F_2",0.001625686
"AS_F_2",0.001216578
"AS_F_2",0.0010981
"AS_F_2",0.001412648
"AS_F_2",0.0008893923
"AS_F_2",0.0009469669
"AS_F_2",0.003181059
"AS_F_2",0.003867487
"AS_F_2",0.00384527
"AS_F_2",0.003595903
"AS_F_2",0.00256143
"AS_F_2",0.002077802
"AS_F_2",0.0008988448
"AS_F_2",-3.886863E-05
"AS_F_2",0.0002059145
"AS_F_2",0.0006344384
"AS_F_2",0.002497243
"AS_F_2",0.003977528
"AS_F_2",0.005628686
"AS_F_2",0.005611805
"AS_F_2",0.003747823
"AS_F_2",0.002521457
"AS_F_2",0.001361981
"AS_F_2",0.001913464
"AS_F_2",0.002838055
"AS_F_2",0.003655671
"AS_F_2",0.003661867
"AS_F_2",0.003800362
"AS_F_2",0.003926661
"AS_F_2",0.003689672
"AS_F_2",0.003184571
"AS_F_2",0.002455407
"AS_F_2",0.001050275
"AS_F_2",-3.794004E-05
"AS_F_2",-0.001321499
"AS_F_2",-0.00192939
"AS_F_2",-0.00188171
"AS_F_2",-0.001764823
"AS_F_2",-0.001529585
"AS_F_2",-0.001524245
"AS_F_2",-0.001472968
"AS_F_2",-0.001709545
"AS_F_2",-0.002050155
"AS_F_2",-0.001753068
"AS_F_2",-0.001175271
"AS_F_2",-0.000934409
"AS_F_2",0.00199088
"AS_F_2",0.002091367
"AS_F_2",0.001864364
"AS_F_2",0.001545606
"AS_F_2",0.001404419
"AS_F_2",0.001197651
"AS_F_2",0.0004783404
"AS_F_2",-0.0004919783
"AS_F_2",-0.002258908
"AS_F_2",-0.002880057
"AS_F_2",-0.002945211
"AS_F_2",-0.001982645
"AS_F_2",-0.001677194
"AS_F_2",-0.002046968
"AS_F_2",-0.002218662
"AS_F_2",-0.001871162
"AS_F_2",-0.001310893
"AS_F_2",-0.001132991
"AS_F_2",-0.001031732
"AS_F_2",-0.0005535384
"AS_F_2",-0.0001686096
"AS_F_2",0.0003887491
"AS_F_2",0.0005934967
"AS_F_2",0.001030427
"AS_F_2",0.001177091
"AS_F_2",0.001112265
"AS_F_2",0.001163625
"AS_F_2",0.001996132
"AS_F_2",0.002514818
"AS_F_2",0.002744026
"AS_F_2",0.002322917
"AS_F_2",0.001704631
"AS_F_2",0.001764459
"AS_F_2",0.002309908
"AS_F_2",0.002447388
"AS_F_2",0.002102328
"AS_F_2",0.001532157
"AS_F_2",0.001459909
"AS_F_2",0.002041941
"AS_F_2",0.002784865
"AS_F_2",0.003143953
"AS_F_2",0.00328768
"AS_F_2",0.00272897
"AS_F_2",0.001095274
"AS_F_2",5.778985E-05
"AS_F_2",1.643263E-05
"AS_F_2",-3.728142E-05
"AS_F_2",-0.0001503141
"AS_F_2",-0.001172711
"AS_F_2",-0.001355608
"AS_F_2",-0.0009162084
"AS_F_2",0.001873311
"AS_F_2",0.003490617
"AS_F_2",0.004310813
"AS_F_2",0.004359295
"AS_F_2",0.003391765
"AS_F_2",0.002409976
"AS_F_2",0.002765388
"AS_F_2",0.003532637
"AS_F_2",0.004166885
"AS_F_2",0.004658314
"AS_F_2",0.004292077
"AS_F_2",0.003544417
"AS_F_2",0.002033373
"AS_F_2",0.0001971785
"AS_F_2",-0.000664138
"AS_F_2",-0.001132331
"AS_F_2",-0.001659053
"AS_F_2",-0.002343654
"AS_F_2",-0.002966597
"AS_F_2",-0.00331584
"AS_F_2",-0.003959472
"AS_F_2",-0.004078265
"AS_F_2",0.0005476568
"AS_F_2",0.003009337
"AS_F_2",0.003885971
"AS_F_2",0.005364366
"AS_F_2",0.00564373
"AS_F_2",0.005150987
"AS_F_2",0.004541473
"AS_F_2",0.003882867
"AS_F_2",0.00307824
"AS_F_2",0.002375169
"AS_F_2",0.002029186
"AS_F_2",0.001930139
"AS_F_2",0.002883889
"AS_F_2",0.003827123
"AS_F_2",0.004650649
"AS_F_2",0.004487183
"AS_F_2",0.003654171
"AS_F_2",0.003131416
"AS_F_2",0.003140762
"AS_F_2",0.003184231
"AS_F_2",0.002626845
"AS_F_2",0.001332591
"AS_F_2",0.0003312739
"AS_F_2",-0.001853753
"AS_F_2",-0.002900915
"AS_F_2",-0.003950414
"AS_F_2",-0.005074178
"AS_F_2",-0.00558601
"AS_F_2",-0.004955851
"AS_F_2",-0.004334135
"AS_F_2",-0.004398968
"AS_F_2",-0.004161751
"AS_F_2",-0.003666161
"AS_F_2",-0.002244719
"AS_F_2",-0.00101327
"AS_F_2",-0.001270754
"AS_F_2",-0.00212305
"AS_F_2",-0.002003412
"AS_F_2",-0.001439974
"AS_F_2",0.0001640416
"AS_F_2",0.0006007791
"AS_F_2",-0.0001694112
"AS_F_2",-0.0008220282
"AS_F_2",-0.0004541677
"AS_F_2",0.0003903472
"AS_F_2",0.0007804299
"AS_F_2",-5.5991E-05
"AS_F_2",-0.0004891934
"AS_F_2",-0.0002623315
"AS_F_2",-0.0004812444
"AS_F_2",-0.001698303
"AS_F_2",-0.00297261
"AS_F_2",-0.003050726
"AS_F_2",-0.003123794
"AS_F_2",-0.00328045
"AS_F_2",-0.003081592
"AS_F_2",-0.002193269
"AS_F_2",-0.0004451852
"AS_F_2",0.0009767117
"AS_F_2",0.002175197
"AS_F_2",0.002040435
"AS_F_2",0.001708837
"AS_F_2",0.000725411
"AS_F_2",-0.0008622487
"AS_F_2",-0.001195177
"AS_F_2",-0.001840969
"AS_F_2",-0.002789657
"AS_F_2",-0.003988845
"AS_F_2",-0.004271806
"AS_F_2",-0.003985841
"AS_F_2",-0.003722105
"AS_F_2",-0.003498674
"AS_F_2",-0.003734873
"AS_F_2",0.001382657
"AS_F_2",0.001770241
"AS_F_2",0.001856148
"AS_F_2",0.00185629
"AS_F_2",0.001634775
"AS_F_2",0.001132986
"AS_F_2",0.0007698109
"AS_F_2",-7.63213E-06
"AS_F_2",-0.0005951929
"AS_F_2",-0.001252917
"AS_F_2",-0.001937169
"AS_F_2",-0.001787539
"AS_F_2",-0.001601715
"AS_F_2",-0.0007611475
"AS_F_2",0.0002882105
"AS_F_2",0.001508782
"AS_F_2",0.001919448
"AS_F_2",0.001934025
"AS_F_2",0.001336316
"AS_F_2",0.0009533124
"AS_F_2",0.001093619
"AS_F_2",0.001710345
"AS_F_2",0.002479388
"AS_F_2",0.002912165
"AS_F_2",0.002928881
"AS_F_2",0.002097392
"AS_F_2",0.001244642
"AS_F_2",-0.002245327
"AS_F_2",-0.002779766
"AS_F_2",-0.001024144
"AS_F_2",0.001395182
"AS_F_2",0.002295481
"AS_F_2",0.001788805
"AS_F_2",0.0001016753
"AS_F_2",-0.001332416
"AS_F_2",-0.002763101
"AS_F_2",-0.004053421
"AS_F_2",-0.004564433
"AS_F_2",-0.004381662
"AS_F_2",-0.003110381
"AS_F_2",-0.0007954292
"AS_F_2",0.001328111
"AS_F_2",0.001290148
"AS_F_2",-0.0002344593
"AS_F_2",-0.0006169134
"AS_F_2",-0.0002647024
"AS_F_2",0.0007836611
"AS_F_2",0.001733104
"AS_F_2",0.001711583
"AS_F_2",0.001538956
"AS_F_2",0.001674287
"AS_F_2",0.001242267
"AS_F_2",0.0008294058
"AS_F_2",-0.0006483987
"AS_F_2",-0.001794034
"AS_F_2",-0.002777239
"AS_F_2",-0.003424723
"AS_F_2",-0.004007577
"AS_F_2",-0.004292359
"AS_F_2",-0.004287275
"AS_F_2",-0.004019408
"AS_F_2",-0.003848179
"AS_F_2",-0.003066199
"AS_F_2",-0.002379725
"AS_F_2",-0.001283053
"AS_F_2",6.04908E-05
"AS_F_2",0.0003745137
"AS_F_2",0.0005746776
"AS_F_2",0.0006259253
"AS_F_2",0.0005384823
"AS_F_2",1.429848E-05
"AS_F_2",-0.0009800763
"AS_F_2",-0.001951351
"AS_F_2",-0.00383414
"AS_F_2",-0.003432957
"AS_F_2",-0.002808149
"AS_F_2",-0.001401861
"AS_F_2",-0.001084347
"AS_F_2",-0.0005216796
"AS_F_2",-0.0002710946
"AS_F_2",-0.000390815
"AS_F_2",-0.0004709672
"AS_F_2",-0.0004707429
"AS_F_2",-0.0002744435
"AS_F_2",8.616906E-05
"AS_F_2",6.388994E-05
"AS_F_2",-0.0001091026
"AS_F_2",-0.000291856
"AS_F_2",-0.000467684
"AS_F_2",-0.001334166
"AS_F_2",-0.001946948
"AS_F_2",-0.00283854
"AS_F_2",-0.004157432
"AS_F_2",-0.004379408
"AS_F_2",-0.004009505
"AS_F_2",-0.003631558
"AS_F_2",-0.003087287
"AS_F_2",-0.00269225
"AS_F_2",-0.002266951
"AS_F_2",-0.001726686
"AS_F_2",-0.000964247
"AS_F_2",-0.0007523551
"AS_F_2",-0.0001889128
"AS_F_2",2.016283E-05
"AS_F_2",0.0003520062
"AS_F_2",0.0006567996
"AS_F_2",0.0005575363
"AS_F_2",0.0001910449
"AS_F_2",-0.001339683
"AS_F_2",-0.00199382
"AS_F_2",-0.002972447
"AS_F_2",-0.003142188
"AS_F_2",-0.003101752
"AS_F_2",-0.002677561
"AS_F_2",-0.001964711
"AS_F_2",-0.001468091
"AS_F_2",-0.001403639
"AS_F_2",-0.001457481
"AS_F_2",-0.00163269
"AS_F_2",-0.001696144
"AS_F_2",-0.001515196
"AS_F_2",-0.001172821
"AS_F_2",-0.0005393636
"AS_F_2",-5.359834E-05
"AS_F_2",4.468372E-05
"AS_F_2",-0.0006993664
"AS_F_2",-0.001215351
"AS_F_2",-0.001362705
"AS_F_2",-0.0008066105
"AS_F_2",-0.0004414049
"AS_F_2",-0.0004683619
"AS_F_2",-0.0003840189
"AS_F_2",0.0005801184
"AS_F_2",0.001569033
"AS_F_2",0.00171763
"AS_F_2",0.001157718
"AS_F_2",-0.001093269
"AS_F_2",-0.001997485
"AS_F_2",-0.002976342
"AS_F_2",-0.00281779
"AS_F_2",-0.003568434
"AS_F_2",-0.005217256
"AS_F_2",-0.007056241
"AS_F_2",-0.006157203
"AS_F_2",-0.001820875
"AS_F_2",0.0006317892
"AS_F_2",3.992766E-05
"ME_M_6",-0.0009866701
"ME_M_6",-0.0003070891
"ME_M_6",-0.0001947151
"ME_M_6",-0.0003302426
"ME_M_6",-0.0006023899
"ME_M_6",-0.0008802089
"ME_M_6",-0.001145633
"ME_M_6",-0.0008385375
"ME_M_6",-0.0008034655
"ME_M_6",-0.001226382
"ME_M_6",-0.001500269
"ME_M_6",-0.001591357
"ME_M_6",-0.000907832
"ME_M_6",-0.0003543241
"ME_M_6",0.0002560234
"ME_M_6",0.0002167395
"ME_M_6",-0.001144652
"ME_M_6",-0.003738295
"ME_M_6",-0.0045156
"ME_M_6",-0.002306868
"ME_M_6",0.0004602887
"ME_M_6",0.0006110761
"ME_M_6",-0.001735151
"ME_M_6",-0.001527322
"ME_M_6",0.004289342
"ME_M_6",0.007632084
"ME_M_6",0.009476643
"ME_M_6",0.006778717
"ME_M_6",0.003806116
"ME_M_6",0.002194483
"ME_M_6",0.002973345
"ME_M_6",0.004094485
"ME_M_6",0.005139917
"ME_M_6",0.005668767
"ME_M_6",0.003578758
"ME_M_6",0.002154839
"ME_M_6",0.001842004
"ME_M_6",0.002834214
"ME_M_6",0.004278393
"ME_M_6",0.004203437
"ME_M_6",0.00281515
"ME_M_6",0.002343087
"ME_M_6",0.001797099
"ME_M_6",0.001076319
"ME_M_6",0.0007347572
"ME_M_6",0.0009146653
"ME_M_6",0.001131861
"ME_M_6",0.000215626
"ME_M_6",-0.001246239
"ME_M_6",-0.001653171
"ME_M_6",-0.001625962
"ME_M_6",-0.001368107
"ME_M_6",-0.001669433
"ME_M_6",-0.001568113
"ME_M_6",-0.0008808848
"ME_M_6",-0.0007216601
"ME_M_6",-0.0005303666
"ME_M_6",-0.0003061015
"ME_M_6",-0.0001428006
"ME_M_6",0.0002202992
"ME_M_6",0.001006562
"ME_M_6",0.001500205
"ME_M_6",0.001436313
"ME_M_6",0.000362609
"ME_M_6",-7.216234E-05
"ME_M_6",-0.0006303629
"ME_M_6",-0.001718311
"ME_M_6",-0.002100693
"ME_M_6",-0.0009462052
"ME_M_6",-0.0004871918
"ME_M_6",0.0003025753
"ME_M_6",0.0004468036
"ME_M_6",0.000426734
"ME_M_6",-0.002231028
"ME_M_6",-0.001184006
"ME_M_6",7.570715E-05
"ME_M_6",-5.685158E-06
"ME_M_6",-8.929602E-05
"ME_M_6",-7.968978E-06
"ME_M_6",0.0007658275
"ME_M_6",0.001668561
"ME_M_6",0.002238797
"ME_M_6",0.002386142
"ME_M_6",0.00307965
"ME_M_6",0.002714444
"ME_M_6",0.001564009
"ME_M_6",0.000754994
"ME_M_6",-0.002013299
"ME_M_6",-0.002143267
"ME_M_6",-0.002917095
"ME_M_6",-0.002620282
"ME_M_6",-0.002196162
"ME_M_6",-0.001965307
"ME_M_6",-0.004552512
"ME_M_6",-0.007048248
"ME_M_6",-0.006418699
"ME_M_6",-0.0005986825
"ME_M_6",0.003565296
"ME_M_6",0.00459719
"ME_M_6",0.002035225
"ME_M_6",0.0009895326
"ME_M_6",0.0006572764
"ME_M_6",0.001932834
"ME_M_6",0.004332078
"ME_M_6",0.005420073
"ME_M_6",0.005794899
"ME_M_6",0.004630224
"ME_M_6",0.002765446
"ME_M_6",0.003548141
"ME_M_6",0.003811111
"ME_M_6",0.003005828
"ME_M_6",-0.0001383944
"ME_M_6",-0.0009094429
"ME_M_6",-0.0008013297
"ME_M_6",-0.0005285989
"ME_M_6",-0.00105015
"ME_M_6",-0.001061156
"ME_M_6",-0.0002152244
"ME_M_6",0.0007492892
"ME_M_6",0.0009007981
"ME_M_6",0.000294455
"ME_M_6",0.000140652
"ME_M_6",0.0004521915
"ME_M_6",0.0002334528
"ME_M_6",-0.0004203394
"ME_M_6",-0.001021785
"ME_M_6",-0.001198732
"ME_M_6",-0.001229781
"ME_M_6",-0.001414412
"ME_M_6",-0.001625088
"ME_M_6",-0.002401521
"ME_M_6",-0.002641615
"ME_M_6",-0.002731933
"ME_M_6",-0.002815159
"ME_M_6",-0.002799475
"ME_M_6",-0.002195696
"ME_M_6",-0.001836
"ME_M_6",-0.001644808
"ME_M_6",-0.001995964
"ME_M_6",-0.002597942
"ME_M_6",-0.002132052
"ME_M_6",-0.001517065
"ME_M_6",-0.001176163
"ME_M_6",-0.001043978
"ME_M_6",-0.001109599
"ME_M_6",-0.001889429
"ME_M_6",-0.001612872
"ME_M_6",-0.001132895
"ME_M_6",-0.0002582446
"ME_M_6",0.0007703721
"ME_M_6",0.002348101
"ME_M_6",0.004069423
"ME_M_6",0.003995456
"ME_M_6",0.001743038
"ME_M_6",-0.004771341
"ME_M_6",-0.005854719
"ME_M_6",-0.005972107
"ME_M_6",-0.005326714
"ME_M_6",-0.00494378
"ME_M_6",-0.004787536
"ME_M_6",-0.004260258
"ME_M_6",-0.003269864
"ME_M_6",-0.001143655
"ME_M_6",-0.000479964
"ME_M_6",-0.0004047905
"ME_M_6",4.317867E-05
"ME_M_6",0.00173099
"ME_M_6",0.002620254
"ME_M_6",0.002872553
"ME_M_6",0.002587578
"ME_M_6",0.004030208
"ME_M_6",0.004725484
"ME_M_6",0.004652097
"ME_M_6",0.003885252
"ME_M_6",0.00233453
"ME_M_6",0.001575107
"ME_M_6",0.001170004
"ME_M_6",0.0008649601
"ME_M_6",-0.0004989171
"ME_M_6",-0.001035275
"ME_M_6",-0.001390799
"ME_M_6",-0.001787796
"ME_M_6",-0.001561849
"ME_M_6",-0.001138028
"ME_M_6",-0.0003451644
"ME_M_6",-0.0001480167
"ME_M_6",-8.701078E-05
"ME_M_6",-0.00019302
"ME_M_6",-0.0003011435
"ME_M_6",0.0004790152
"ME_M_6",0.001336487
"ME_M_6",0.001691504
"ME_M_6",0.001249364
"ME_M_6",0.000807072
"ME_M_6",-0.000295212
"ME_M_6",-0.0007170078
"ME_M_6",-0.0009047451
"ME_M_6",-0.001194211
"ME_M_6",-0.0007666564
"ME_M_6",-0.0003653731
"ME_M_6",-0.0001368943
"ME_M_6",7.446352E-05
"ME_M_6",-0.000581019
"ME_M_6",-0.001596926
"ME_M_6",-0.002545404
"ME_M_6",-0.002865899
"ME_M_6",-0.002834361
"ME_M_6",-0.002384436
"ME_M_6",-0.00123969
"ME_M_6",-0.0002572034
"ME_M_6",0.000346103
"ME_M_6",0.0007867831
"ME_M_6",0.0003591124
"ME_M_6",0.0002767244
"ME_M_6",0.000329596
"ME_M_6",0.0003103796
"ME_M_6",0.0001951356
"ME_M_6",-0.0003291811
"ME_M_6",-0.0001131311
"ME_M_6",0.002248831
"ME_M_6",0.002593762
"ME_M_6",0.002324211
"ME_M_6",0.001906311
"ME_M_6",0.001666212
"ME_M_6",0.001481713
"ME_M_6",0.001082433
"ME_M_6",0.0003860536
"ME_M_6",-0.001054384
"ME_M_6",-0.001780927
"ME_M_6",-0.002218166
"ME_M_6",-0.001831355
"ME_M_6",-0.001401902
"ME_M_6",-0.0009395154
"ME_M_6",-0.0007329001
"ME_M_6",-0.0006203334
"ME_M_6",-0.0005723928
"ME_M_6",-0.0009450354
"ME_M_6",-0.0007364943
"ME_M_6",-0.0002293244
"ME_M_6",0.001482425
"ME_M_6",0.001865858
"ME_M_6",0.001398464
"ME_M_6",0.0009590827
"ME_M_6",-3.313943E-05
"ME_M_6",-0.0009730011
"ME_M_6",-0.002670839
"ME_M_6",-0.003258084
"ME_M_6",-0.004032202
"ME_M_6",-0.002503546
"ME_M_6",0.0004407364
"ME_M_6",0.003577882
"ME_M_6",0.003382203
"ME_M_6",0.002009267
"ME_M_6",0.001490835
"ME_M_6",0.002411745
"ME_M_6",0.002663573
"ME_M_6",0.003041627
"ME_M_6",0.002769039
"ME_M_6",0.0009333616
"ME_M_6",-0.0003480502
"ME_M_6",0.0006063355
"ME_M_6",0.003340913
"ME_M_6",0.004576194
"ME_M_6",0.003837978
"ME_M_6",0.001728077
"ME_M_6",0.0006662793
"ME_M_6",0.0002822496
"ME_M_6",-7.338515E-05
"ME_M_6",0.0002939042
"ME_M_6",0.001123449
"ME_M_6",0.001527156
"ME_M_6",0.001662845
"ME_M_6",0.001601471
"ME_M_6",0.001431501
"ME_M_6",0.001363194
"ME_M_6",0.00097738
"ME_M_6",0.001028451
"ME_M_6",0.001659179
"ME_M_6",0.00205152
"ME_M_6",0.001543731
"ME_M_6",0.0009235812
"ME_M_6",0.0006409304
"ME_M_6",0.0007075447
"ME_M_6",0.001684948
"ME_M_6",0.002037457
"ME_M_6",0.001952697
"ME_M_6",0.001196946
"ME_M_6",-8.692069E-05
"ME_M_6",-0.001046084
"ME_M_6",-0.001554536
"ME_M_6",-0.00181147
"ME_M_6",-0.001480948
"ME_M_6",-0.002430073
"ME_M_6",-0.002605402
"ME_M_6",-0.002972369
"ME_M_6",-0.003418122
"ME_M_6",-0.003791359
"ME_M_6",-0.003431589
"ME_M_6",-0.002859585
"ME_M_6",-0.002294817
"ME_M_6",-0.002938841
"ME_M_6",-0.001365694
"ME_M_6",-0.00118404
"ME_M_6",-0.0002292721
"ME_M_6",-0.001077618
"ME_M_6",-0.003887146
"ME_M_6",-0.004493077
"ME_M_6",-0.002968544
"ME_M_6",-0.000896342
"ME_M_6",0.001173173
"ME_M_6",0.001833134
"ME_M_6",0.002642492
"ME_M_6",0.003876843
"ME_M_6",0.005123932
"ME_M_6",0.006374802
"ME_M_6",0.00743417
"ME_M_6",0.008610706
"ME_M_6",0.008643886
"ME_M_6",0.007243055
"ME_M_6",0.00592769
"ME_M_6",0.005277989
"ME_M_6",0.006596799
"ME_M_6",0.006614935
"ME_M_6",0.00544558
"ME_M_6",0.002775747
"ME_M_6",-0.0001771079
"ME_M_6",-0.0001441778
"ME_M_6",-0.0002534109
"ME_M_6",-0.001111896
"ME_M_6",-0.00196969
"ME_M_6",-0.001441018
"ME_M_6",-0.0007354615
"ME_M_6",0.0001293928
"ME_M_6",0.0011194
"ME_M_6",0.001611828
"ME_M_6",0.001618969
"ME_M_6",0.001418717
"ME_M_6",0.00102226
"ME_M_6",0.0006710764
"ME_M_6",-8.071066E-05
"ME_M_6",-0.0007030728
"ME_M_6",-0.0006853663
"ME_M_6",-0.0009908876
"ME_M_6",-0.001519799
"ME_M_6",-0.00181859
"ME_M_6",-0.001367446
"ME_M_6",-0.001114173
"ME_M_6",-0.0009499966
"ME_M_6",-0.001625656
"ME_M_6",-0.003149672
"ME_M_6",-0.003570409
"ME_M_6",-0.003479668
"ME_M_6",-0.003180213
"ME_M_6",-0.001689748
"ME_M_6",-0.001020737
"ME_M_6",-0.0008119794
"ME_M_6",-0.0003194539
"ME_M_6",-0.0006273966
"ME_M_6",-0.001315884
"ME_M_6",-0.002158728
"ME_M_6",-0.002766777
"ME_M_6",-0.001625194
"ME_M_6",-0.0005375971
"ME_M_6",0.0002422681
"ME_M_6",0.0006097879
"ME_M_6",0.001555208
"ME_M_6",0.0004654171
"ME_M_6",-0.0002298951
"ME_M_6",-0.0004205472
"ME_M_6",-0.0008469883
"ME_M_6",-0.001761925
"ME_M_6",-0.002776972
"ME_M_6",-0.002794737
"ME_M_6",-0.002636068
"ME_M_6",-0.002103442
"ME_M_6",-0.002418275
"ME_M_6",-0.001815507
"ME_M_6",-0.0002081484
"ME_M_6",0.003275018
"ME_M_6",0.001366433
"ME_M_6",-5.603698E-05
"ME_M_6",-0.0007309245
"ME_M_6",-0.0006077981
"ME_M_6",0.00158987
"ME_M_6",0.003788597
"ME_M_6",0.006631027
"ME_M_6",0.007454247
"ME_M_6",0.001109225
"ME_M_6",-0.002483771
"ME_M_6",-0.005986538
"ME_M_6",-0.008020548
"ME_M_6",-0.005395642
"ME_M_6",-0.00367138
"ME_M_6",-0.003168056
"ME_M_6",-0.0041935
"ME_M_6",-0.003690995
"ME_M_6",-0.002469982
"ME_M_6",-0.0006607228
"ME_M_6",0.001442349
"ME_M_6",0.003342302
"ME_M_6",0.003902705
"ME_M_6",0.004112684
"ME_M_6",0.004778056
"ME_M_6",0.005706687
"ME_M_6",0.005344601
"ME_M_6",0.004045815
"ME_M_6",0.002287944
"ME_M_6",-0.0005483167
"ME_M_6",-0.001900035
"ME_M_6",-0.003353199
"ME_M_6",-0.003990375
"ME_M_6",-0.003222843
"ME_M_6",-0.0030279
"ME_M_6",-0.002772943
"ME_M_6",-0.002946859
"ME_M_6",-0.004616348
"ME_M_6",-0.004933487
"ME_M_6",-0.004731675
"ME_M_6",-0.003224694
"ME_M_6",-0.001161767
"ME_M_6",-0.0005651701
"ME_M_6",-2.277229E-06
"ME_M_6",0.0003154431
"ME_M_6",0.0004304947
"ME_M_6",0.0004180928
"ME_M_6",-2.220448E-05
"ME_M_6",-0.0009775336
"ME_M_6",-0.002071801
"ME_M_6",-0.001809426
"ME_M_6",-0.001311303
"ME_M_6",-0.0008078539
"ME_M_6",0.0002412405
"ME_M_6",0.0002055485
"ME_M_6",-0.0002665899
"ME_M_6",-0.000633409
"ME_M_6",-0.001704121
"ME_M_6",-0.002096358
"ME_M_6",-0.002205548
"ME_M_6",-0.001307839
"ME_M_6",-0.001242053
"ME_M_6",-0.001563646
"ME_M_6",-0.001818815
"ME_M_6",-0.00233277
"ME_M_6",-0.002602817
"ME_M_6",-0.002456901
"ME_M_6",-0.002104346
"ME_M_6",-0.001783532
"ME_M_6",-0.00231478
"ME_M_6",-0.002889752
"ME_M_6",-0.003568568
"ME_M_6",-0.003815379
"ME_M_6",-0.003394505
"ME_M_6",-0.002637109
"ME_M_6",-0.001595132
"ME_M_6",-0.0007109339
"ME_M_6",-0.0005823695
"ME_M_6",-0.002419137
"ME_M_6",-0.005602296
"ME_M_6",-0.007564905
"ME_M_6",-0.006217064
"ME_M_6",-0.004099919
"ME_M_6",-0.00348844
"ME_M_6",-0.005119147
"ME_M_6",-0.006591205
"ME_M_6",-0.006456386
"ME_M_6",-0.003390017
"ME_M_6",0.001556134
"ME_M_6",0.001574548
"ME_M_6",-0.0001942284
"ME_M_6",-0.002965395
"ME_M_6",-0.00400342
"ME_M_6",-0.003516648
"ME_M_6",-0.002931949
"ME_M_6",-0.002105586
"ME_M_6",-0.0004919141
"ME_M_6",-0.000642864
"ME_M_6",-0.000831294
"ME_M_6",-0.0009479377
"ME_M_6",0.001028239
"ME_M_6",0.001882895
"ME_M_6",0.00244193
"ME_M_6",0.002408952
"ME_M_6",0.002096599
"ME_M_6",0.002638193
"ME_M_6",0.003741846
"ME_M_6",0.003985582
"ME_M_6",0.003367984
"ME_M_6",0.003138673
"ME_M_6",0.003164415
"ME_M_6",0.003267631
"ME_M_6",0.002446915
"ME_M_6",0.001527427
"ME_M_6",0.0003557756
"ME_M_6",-0.0009723674
"ME_M_6",-0.0008134807
"ME_M_6",-0.0001773426
"ME_M_6",0.0005724817
"ME_M_6",0.001452789
"ME_M_6",0.001643995
"ME_M_6",0.001091222
"ME_M_6",0.0004116112
"ME_M_6",-0.0004355193
"ME_M_6",-0.0003029466
"ME_M_6",-0.0001014783
"ME_M_6",0.0005736602
"ME_M_6",0.0009007769
"ME_M_6",0.0005104749
"ME_M_6",-1.153589E-06
"ME_M_6",-0.001603983
"ME_M_6",-0.002885666
"ME_M_6",-0.002714229
"ME_M_6",-0.002022075
"ME_M_6",-0.002051638
"ME_M_6",-0.003500641
"ME_M_6",-0.005790076
"ME_M_6",-0.007309337
"ME_M_6",-0.006565854
"ME_M_6",-0.004071238
"ME_M_6",-0.004107899
"ME_M_6",-0.005550769
"ME_M_6",-0.00736901
"ME_M_6",-0.008377513
"ME_M_6",-0.008026812
"ME_M_6",-0.006599203
"ME_M_6",-0.004870491
"ME_M_6",-0.002916331
"ME_M_6",-0.003543525
"ME_M_6",-0.003505324
"ME_M_6",-0.003068508
"ME_M_6",-0.003090717
"ME_M_6",-0.003306418
"ME_M_6",-0.00482182
"ME_M_6",-0.006810062
"ME_M_6",-0.006262993
"ME_M_6",-0.003471383
"ME_M_6",-0.0005174474
"ME_M_6",0.0002678055
"ME_M_6",-0.0006411803
"ME_M_6",-0.001137922
"ME_M_6",-0.0003704642
"ME_M_6",0.001582044
"ME_M_6",0.003534409
"ME_M_6",0.002704261
"ME_M_6",0.00179335
"ME_M_6",0.002560918
"ME_M_6",0.004492635
"ME_M_6",0.0043594
"ME_M_6",0.003126087
"ME_M_6",0.001216835
"ME_M_6",0.0009473664
"ME_M_6",0.00185693
"ME_M_6",0.002217617
"ME_M_6",0.001239158
"ME_M_6",0.0004736741
"ME_M_6",0.0004179428
"ME_M_6",0.0005075478
"ME_M_6",0.0003982405
"ME_M_6",0.0006661745
"ME_M_6",0.001056789
"ME_M_6",0.0017967
"ME_M_6",0.001600312
"ME_M_6",0.000750459
"ME_M_6",0.0001846208
"ME_M_6",-0.0001537013
"ME_M_6",0.0001401592
"ME_M_6",0.001587814
"ME_M_6",0.001978628
"ME_M_6",0.002118219
"ME_M_6",0.001718483
"ME_M_6",-0.0002018642
"ME_M_6",-0.0008299991
"ME_M_6",-0.00109534
"ME_M_6",-0.0005231088
"ME_M_6",0.0002279655
"ME_M_6",0.0004439308
"ME_M_6",0.0001272624
"ME_M_6",0.0001667915
"ME_M_6",2.658526E-05
"ME_M_6",0.0003108088
"ME_M_6",0.0007104754
"ME_M_6",0.0005038571
"ME_M_6",-0.0002604773
"ME_M_6",-0.0002462461
"ME_M_6",-0.0001025559
"ME_M_6",-0.001458061
"ME_M_6",-0.0007310268
"ME_M_6",-0.001169231
"ME_M_6",-0.001783645
"ME_M_6",-0.002012967
"ME_M_6",-0.001881512
"ME_M_6",-0.002445099
"ME_M_6",-0.003081601
"ME_M_6",-0.003451572
"ME_M_6",-0.0004139701
"ME_M_6",-5.39457E-06
"ME_M_6",-0.001787221
"ME_M_6",-0.003135931
"ME_M_6",-0.004404288
"ME_M_6",-0.004211761
"ME_M_6",-0.003568135
"ME_M_6",-0.002766741
"ME_M_6",-0.004651993
"ME_M_6",-0.007740389
"ME_M_6",-0.01214256
"ME_M_6",-0.01684547
"ME_M_6",-0.01490482
"ME_M_6",-0.01242714
"ME_M_6",-0.009305457
"ME_M_6",-0.008109448
"ME_M_6",-0.00615189
"ME_M_6",-0.004546137
"ME_M_6",-0.00268537
"ME_M_6",-0.002544357
"ME_M_6",0.0001842787
"ME_M_6",0.002200393
"ME_M_6",0.004308753
"ME_M_6",0.006379279
"ME_M_6",0.008358339
"ME_M_6",0.008297177
"ME_M_6",0.006119608
"ME_M_6",0.004692585
"ME_M_6",0.002452109
"ME_M_6",0.000953608
"ME_M_6",-2.085551E-05
"ME_M_6",-6.538611E-05
"ME_M_6",0.001214353
"ME_M_6",0.001439306
"ME_M_6",0.0008986699
"ME_M_6",0.0002092132
"ME_M_6",-0.0002504205
"ME_M_6",-8.459794E-05
"ME_M_6",0.001155151
"ME_M_6",0.002068483
"ME_M_6",0.003483899
"ME_M_6",0.003981469
"ME_M_6",0.004085725
"ME_M_6",0.003725836
"ME_M_6",0.002729633
"ME_M_6",0.002454796
"ME_M_6",0.001919567
"ME_M_6",0.0009325324
"ME_M_6",-0.0007892869
"ME_M_6",-0.001056646
"ME_M_6",-0.0007856555
"ME_M_6",-0.0007846867
"ME_M_6",-0.0006715057
"ME_M_6",-0.0005786348
"ME_M_6",-0.0005065741
"ME_M_6",-0.0005385953
"ME_M_6",-0.0007913703
"ME_M_6",-0.001037491
"ME_M_6",-0.001295273
"ME_M_6",-0.001837122
"ME_M_6",-0.002182158
"ME_M_6",-0.002325138
"ME_M_6",-0.002111575
"ME_M_6",-0.002216365
"ME_M_6",-0.001325508
"ME_M_6",-0.002108226
"ME_M_6",-0.002735867
"ME_M_6",-0.002631252
"ME_M_6",-0.002017479
"ME_M_6",-0.0009116398
"ME_M_6",-0.0004414078
"ME_M_6",-0.0007444029
"ME_M_6",-0.00116067
"ME_M_6",-0.001091
"ME_M_6",-0.001073329
"ME_M_6",-0.001257331
"ME_M_6",-0.002016271
"ME_M_6",-0.00275263
"ME_M_6",-0.003089316
"ME_M_6",-0.002224748
"ME_M_6",-0.0007403072
"ME_M_6",-0.0002447675
"ME_M_6",-0.0009702426
"ME_M_6",-0.002071047
"ME_M_6",-0.002489188
"ME_M_6",-0.002585167
"ME_M_6",-0.001170278
"ME_M_6",0.001694941
"ME_M_6",0.00319368
"ME_M_6",0.003102297
"ME_M_6",0.001449329
"ME_M_6",0.001529049
"ME_M_6",0.002475051
"ME_M_6",0.003230088
"ME_M_6",0.002146963
"ME_M_6",0.001912567
"ME_M_6",0.001363876
"ME_M_6",0.0006795931
"ME_M_6",0.0002320891
"ME_M_6",0.0004634444
"ME_M_6",0.0007495936
"ME_M_6",0.0001874581
"ME_M_6",9.20585E-05
"ME_M_6",0.0008023026
"ME_M_6",0.001194806
"ME_M_6",0.001009373
"ME_M_6",0.001055464
"ME_M_6",0.001380222
"ME_M_6",0.001665681
"ME_M_6",0.001059429
"ME_M_6",0.0002451578
"ME_M_6",-7.660341E-05
"ME_M_6",-1.687259E-05
"ME_M_6",-0.000353142
"ME_M_6",6.226666E-05
"ME_M_6",0.0002995722
"ME_M_6",0.0007507006
"ME_M_6",0.0007242532
"ME_M_6",0.0003684585
"ME_M_6",-0.0001865883
"ME_M_6",-0.0007761893
"ME_M_6",-0.0005735797
"ME_M_6",-0.0007105862
"ME_M_6",-0.0007138781
"ME_M_6",-0.0005553356
"ME_M_6",4.934956E-05
"ME_M_6",-0.0001095204
"ME_M_6",-0.0005574996
"ME_M_6",-0.0006210104
"ME_M_6",-0.0007872721
"ME_M_6",-0.001285433
"ME_M_6",-0.001581276
"ME_M_6",-0.001149282
"ME_M_6",-0.0004575312
"ME_M_6",-5.696287E-06
"ME_M_6",0.0001792075
"ME_M_6",0.000185946
"ME_M_6",-0.0004421861
"ME_M_6",0.0004169154
"ME_M_6",0.0005053297
"ME_M_6",0.0001215504
"ME_M_6",-0.000281405
"ME_M_6",-0.0006438292
"ME_M_6",-2.243212E-05
"ME_M_6",0.0001403468
"ME_M_6",0.0005677896
"ME_M_6",0.0005675356
"ME_M_6",2.254243E-05
"ME_M_6",-0.0006852128
"ME_M_6",-0.001357781
"ME_M_6",-0.002026031
"ME_M_6",-0.002203152
"ME_M_6",-0.002091496
"ME_M_6",-0.00189349
"ME_M_6",-0.001795032
"ME_M_6",-0.001533611
"ME_M_6",-0.001367659
"ME_M_6",-0.001410393
"ME_M_6",-0.001551114
"ME_M_6",-0.001090625
"ME_M_6",-0.0007420841
"ME_M_6",-0.0004232593
"ME_M_6",-0.0004680839
"ME_M_6",-0.0009330633
"ME_M_6",-0.001471434
"ME_M_6",-0.001588557
"ME_M_6",-0.001998763
"ME_M_6",-0.003332604
"ME_M_6",-0.00473399
"ME_M_6",-0.00670274
"ME_M_6",-0.008328559
"ME_M_6",-0.006771319
"ME_M_6",-0.005691644
"ME_M_6",-0.003694804
"ME_M_6",-0.002930257
"ME_M_6",-0.00412049
"ME_M_6",-0.003558263
"ME_M_6",-0.002357402
"ME_M_6",-0.0009971693
"ME_M_6",0.0009333324
"ME_M_6",0.001919939
"ME_M_6",0.002867755
"ME_M_6",0.004291015
"ME_M_6",0.005619851
"ME_M_6",0.006808567
"ME_M_6",0.006884525
"ME_M_6",0.006269778
"ME_M_6",0.004491405
"ME_M_6",0.002031129
"ME_M_6",0.0004282044
"ME_M_6",9.970978E-05
"ME_M_6",0.0001482769
"ME_M_6",-1.367211E-05
"ME_M_6",0.000593252
"ME_M_6",0.001798362
"ME_M_6",0.001953707
"ME_M_6",0.001828028
"ME_M_6",0.00183883
"ME_M_6",0.002464571
"ME_M_6",0.003623995
"ME_M_6",0.003893572
"ME_M_6",0.0039262
"ME_M_6",0.004040702
"ME_M_6",0.003643606
"ME_M_6",0.002864332
"ME_M_6",0.002269759
"ME_M_6",0.001092049
"ME_M_6",0.0002799005
"ME_M_6",-0.0002430731
"ME_M_6",-0.000858041
"ME_M_6",-0.0001272557
"ME_M_6",-0.0009673653
"ME_M_6",-0.001810826
"ME_M_6",-0.00163224
"ME_M_6",-0.001066683
"ME_M_6",-0.0005250362
"ME_M_6",-0.0001177737
"ME_M_6",-0.0002715327
"ME_M_6",-0.0005523994
"ME_M_6",-0.001183736
"ME_M_6",-0.001412559
"ME_M_6",-0.001451524
"ME_M_6",-0.001679876
"ME_M_6",-0.00164
"ME_M_6",-0.001590756
"ME_M_6",-0.001898283
"ME_M_6",-0.002118698
"ME_M_6",-0.002928406
"ME_M_6",-0.002591531
"ME_M_6",-0.002294853
"ME_M_6",-0.0005918671
"ME_M_6",-0.0008070355
"ME_M_6",-0.002921639
"ME_M_6",-0.003791748
"ME_M_6",-0.003853198
"ME_M_6",-0.004189296
"ME_M_6",-0.004183344
"ME_M_6",-0.003875478
"ME_M_6",-0.003443145
"ME_M_6",-0.003442296
"ME_M_6",-0.001763001
"ME_M_6",-0.001729325
"ME_M_6",-0.002965266
"ME_M_6",-0.008729557
"ME_M_6",-0.01313018
"ME_M_6",-0.01182919
"ME_M_6",-0.00885994
"ME_M_6",-0.006385842
"ME_M_6",-0.00763767
"ME_M_6",-0.007556553
"ME_M_6",-0.005916107
"ME_M_6",-0.002859123
"ME_M_6",-0.001004029
"ME_M_6",-0.001244641
"ME_M_6",-0.001332602
"ME_M_6",0.0004417766
"ME_M_6",0.003503827
"ME_M_6",0.003413583
"ME_M_6",0.002456769
"ME_M_6",0.001391111
"ME_M_6",0.001555104
"ME_M_6",0.0009285696
"ME_M_6",-8.592854E-05
"ME_M_6",-0.002854232
"ME_M_6",-0.003660236
"ME_M_6",-0.003375673
"ME_M_6",-0.002834065
"ME_M_6",-0.002190423
"ME_M_6",-0.0009467735
"ME_M_6",-0.0004255751
"ME_M_6",0.0001744775
"ME_M_6",0.0008351417
"ME_M_6",0.001275866
"ME_M_6",0.00136698
"ME_M_6",0.001689618
"ME_M_6",0.003194713
"ME_M_6",0.003257848
"ME_M_6",0.003016738
"ME_M_6",0.002555281
"ME_M_6",0.002361335
"ME_M_6",0.002110413
"ME_M_6",0.001703216
"ME_M_6",0.001296218
"ME_M_7",0.0005143103
"ME_M_7",0.000434841
"ME_M_7",0.0007479274
"ME_M_7",0.001054665
"ME_M_7",0.001567803
"ME_M_7",0.001936441
"ME_M_7",0.002428197
"ME_M_7",0.002875907
"ME_M_7",0.003030084
"ME_M_7",0.003211546
"ME_M_7",0.00303636
"ME_M_7",0.002598371
"ME_M_7",0.001674967
"ME_M_7",0.0007744427
"ME_M_7",-0.0008165105
"ME_M_7",-0.002962122
"ME_M_7",-0.005553181
"ME_M_7",-0.006862832
"ME_M_7",-0.007422055
"ME_M_7",-0.007634345
"ME_M_7",-0.009083102
"ME_M_7",-0.01088013
"ME_M_7",-0.01319319
"ME_M_7",-0.0139773
"ME_M_7",-0.01583363
"ME_M_7",-0.02084248
"ME_M_7",-0.02301701
"ME_M_7",-0.02814335
"ME_M_7",-0.03157897
"ME_M_7",-0.03249424
"ME_M_7",-0.03305821
"ME_M_7",-0.03262215
"ME_M_7",-0.03150292
"ME_M_7",-0.03102582
"ME_M_7",-0.03071248
"ME_M_7",-0.02925493
"ME_M_7",-0.02651187
"ME_M_7",-0.02342828
"ME_M_7",-0.01967998
"ME_M_7",-0.01725788
"ME_M_7",-0.01348143
"ME_M_7",-0.01314238
"ME_M_7",-0.0133994
"ME_M_7",-0.01457154
"ME_M_7",-0.01493906
"ME_M_7",-0.01403497
"ME_M_7",-0.01160852
"ME_M_7",-0.009916762
"ME_M_7",-0.009766614
"ME_M_7",-0.01218555
"ME_M_7",-0.01380282
"ME_M_7",-0.0141212
"ME_M_7",-0.01148375
"ME_M_7",-0.007303104
"ME_M_7",-0.002097581
"ME_M_7",0.001092921
"ME_M_7",0.004749463
"ME_M_7",0.007483505
"ME_M_7",0.01001549
"ME_M_7",0.01065269
"ME_M_7",0.01179127
"ME_M_7",0.01291484
"ME_M_7",0.01388807
"ME_M_7",0.01414099
"ME_M_7",0.01335992
"ME_M_7",0.01275429
"ME_M_7",0.01229903
"ME_M_7",0.01264863
"ME_M_7",0.01374488
"ME_M_7",0.01445845
"ME_M_7",0.01485476
"ME_M_7",0.01434687
"ME_M_7",0.0137142
"ME_M_7",0.009977469
"ME_M_7",0.009816309
"ME_M_7",0.009410182
"ME_M_7",0.00859581
"ME_M_7",0.008526056
"ME_M_7",0.008660463
"ME_M_7",0.008604726
"ME_M_7",0.008209095
"ME_M_7",0.006971458
"ME_M_7",0.006141846
"ME_M_7",0.00523139
"ME_M_7",0.003792977
"ME_M_7",0.001681122
"ME_M_7",0.0005509944
"ME_M_7",-0.0008672068
"ME_M_7",-0.001623337
"ME_M_7",-0.004348962
"ME_M_7",-0.006853282
"ME_M_7",-0.01017341
"ME_M_7",-0.01305049
"ME_M_7",-0.01498488
"ME_M_7",-0.0152015
"ME_M_7",-0.01588599
"ME_M_7",-0.01640775
"ME_M_7",-0.01692128
"ME_M_7",-0.01681579
"ME_M_7",-0.01670762
"ME_M_7",-0.01698701
"ME_M_7",-0.01725637
"ME_M_7",-0.0172695
"ME_M_7",-0.01810856
"ME_M_7",-0.01838458
"ME_M_7",-0.01876265
"ME_M_7",-0.0192813
"ME_M_7",-0.0201655
"ME_M_7",-0.02085121
"ME_M_7",-0.02268925
"ME_M_7",-0.02340467
"ME_M_7",-0.02463915
"ME_M_7",-0.02629356
"ME_M_7",-0.02961679
"ME_M_7",-0.03114444
"ME_M_7",-0.03328966
"ME_M_7",-0.03297739
"ME_M_7",-0.02908801
"ME_M_7",-0.02585889
"ME_M_7",-0.02335637
"ME_M_7",-0.02247143
"ME_M_7",-0.02440133
"ME_M_7",-0.02512409
"ME_M_7",-0.02504939
"ME_M_7",-0.02410036
"ME_M_7",-0.02297812
"ME_M_7",-0.02297735
"ME_M_7",-0.0233319
"ME_M_7",-0.02435297
"ME_M_7",-0.02634891
"ME_M_7",-0.02597776
"ME_M_7",-0.02499709
"ME_M_7",-0.02273973
"ME_M_7",-0.02054497
"ME_M_7",-0.02019667
"ME_M_7",-0.02016471
"ME_M_7",-0.01948983
"ME_M_7",-0.01754343
"ME_M_7",-0.01605215
"ME_M_7",-0.01455729
"ME_M_7",-0.01280656
"ME_M_7",-0.009623692
"ME_M_7",-0.007921441
"ME_M_7",-0.005488116
"ME_M_7",-0.004898218
"ME_M_7",-0.002870209
"ME_M_7",0.01677191
"ME_M_7",0.01547753
"ME_M_7",0.01371217
"ME_M_7",0.01295257
"ME_M_7",0.01117077
"ME_M_7",0.01018517
"ME_M_7",0.007587965
"ME_M_7",0.005604979
"ME_M_7",0.00400656
"ME_M_7",0.002383405
"ME_M_7",0.0003712807
"ME_M_7",-0.0009288016
"ME_M_7",-0.002433484
"ME_M_7",-0.003953383
"ME_M_7",-0.005117542
"ME_M_7",-0.005483645
"ME_M_7",-0.006148444
"ME_M_7",-0.006984575
"ME_M_7",-0.008439925
"ME_M_7",-0.009257654
"ME_M_7",-0.009753978
"ME_M_7",-0.01003743
"ME_M_7",-0.01060479
"ME_M_7",-0.01063335
"ME_M_7",-0.01078089
"ME_M_7",-0.01127764
"ME_M_7",-0.01195525
"ME_M_7",-0.01273627
"ME_M_7",-0.01389144
"ME_M_7",-0.01494749
"ME_M_7",-0.01692735
"ME_M_7",-0.0182546
"ME_M_7",-0.02188232
"ME_M_7",-0.02464663
"ME_M_7",-0.02892946
"ME_M_7",-0.03147017
"ME_M_7",-0.03287109
"ME_M_7",-0.03399469
"ME_M_7",-0.03600024
"ME_M_7",-0.0361435
"ME_M_7",-0.0363648
"ME_M_7",-0.03685267
"ME_M_7",-0.03830066
"ME_M_7",-0.03913237
"ME_M_7",-0.0399761
"ME_M_7",-0.0397592
"ME_M_7",-0.03904639
"ME_M_7",-0.04118656
"ME_M_7",-0.04461026
"ME_M_7",-0.04823326
"ME_M_7",-0.05202796
"ME_M_7",-0.05272052
"ME_M_7",-0.05326978
"ME_M_7",-0.05345627
"ME_M_7",-0.053066
"ME_M_7",-0.05368308
"ME_M_7",-0.05762996
"ME_M_7",-0.0606745
"ME_M_7",-0.06430022
"ME_M_7",-0.06310384
"ME_M_7",-0.05878875
"ME_M_7",-0.05285935
"ME_M_7",-0.0474484
"ME_M_7",-0.04621142
"ME_M_7",-0.04512752
"ME_M_7",-0.04346077
"ME_M_7",-0.03900746
"ME_M_7",-0.03652681
"ME_M_7",-0.03022753
"ME_M_7",-0.02769403
"ME_M_7",-0.02327035
"ME_M_7",-0.02094512
"ME_M_7",0.005694791
"ME_M_7",0.005642755
"ME_M_7",0.005549757
"ME_M_7",0.005677489
"ME_M_7",0.006232767
"ME_M_7",0.00623268
"ME_M_7",0.005909814
"ME_M_7",0.005695636
"ME_M_7",0.00604483
"ME_M_7",0.006751273
"ME_M_7",0.007058427
"ME_M_7",0.007041714
"ME_M_7",0.00635433
"ME_M_7",0.004902354
"ME_M_7",0.003040196
"ME_M_7",0.0007365549
"ME_M_7",-0.00197641
"ME_M_7",-0.0007537438
"ME_M_7",6.217607E-05
"ME_M_7",0.000510091
"ME_M_7",0.0022375
"ME_M_7",0.002267916
"ME_M_7",0.000677155
"ME_M_7",-0.001939547
"ME_M_7",-0.004590357
"ME_M_7",-0.004132453
"ME_M_7",-0.002567003
"ME_M_7",-0.001997633
"ME_M_7",-0.003205394
"ME_M_7",-0.004176252
"ME_M_7",-0.005386271
"ME_M_7",-0.006464888
"ME_M_7",-0.006482654
"ME_M_7",-0.006191021
"ME_M_7",-0.008173699
"ME_M_7",-0.009892972
"ME_M_7",-0.01150888
"ME_M_7",-0.01038734
"ME_M_7",-0.009021062
"ME_M_7",-0.007907763
"ME_M_7",-0.005693367
"ME_M_7",-0.004831054
"ME_M_7",-0.003551054
"ME_M_7",-0.002278464
"ME_M_7",-0.0009300271
"ME_M_7",-0.0002301195
"ME_M_7",-0.0004283022
"ME_M_7",-0.0007678246
"ME_M_7",-0.00099492
"ME_M_7",-0.001286721
"ME_M_7",-0.001145375
"ME_M_7",-0.0009587089
"ME_M_7",-0.0005131025
"ME_M_7",-0.0007922295
"ME_M_7",-0.001295746
"ME_M_7",-0.001883794
"ME_M_7",-0.001758158
"ME_M_7",-0.001586463
"ME_M_7",-0.001162233
"ME_M_7",-0.0007336964
"ME_M_7",-0.0007097451
"ME_M_7",-0.0006348807
"ME_M_7",-0.0008888492
"ME_M_7",-0.001050256
"ME_M_7",-0.000451163
"ME_M_7",0.0006375741
"ME_M_7",0.001738684
"ME_M_7",0.001979844
"ME_M_7",0.002462768
"ME_M_7",0.002803674
"ME_M_7",0.002788366
"ME_M_7",0.002387647
"ME_M_7",0.001305354
"ME_M_7",-0.004592831
"ME_M_7",-0.005191927
"ME_M_7",-0.005587355
"ME_M_7",-0.006216944
"ME_M_7",-0.006750435
"ME_M_7",-0.008003005
"ME_M_7",-0.008543057
"ME_M_7",-0.009304228
"ME_M_7",-0.01039113
"ME_M_7",-0.01220904
"ME_M_7",-0.01250397
"ME_M_7",-0.01241334
"ME_M_7",-0.01149022
"ME_M_7",-0.009635176
"ME_M_7",-0.007364894
"ME_M_7",-0.005589624
"ME_M_7",-0.003606973
"ME_M_7",-0.001517802
"ME_M_7",-0.001348374
"ME_M_7",-0.001806752
"ME_M_7",-0.002952727
"ME_M_7",-0.003619423
"ME_M_7",-0.00223113
"ME_M_7",0.0008575045
"ME_M_7",0.003833126
"ME_M_7",0.006175142
"ME_M_7",0.004141442
"ME_M_7",0.001944178
"ME_M_7",-0.0007225265
"ME_M_7",-0.0006047391
"ME_M_7",0.0006776155
"ME_M_7",0.001831606
"ME_M_7",0.002070236
"ME_M_7",-0.001041196
"ME_M_7",-0.00180348
"ME_M_7",-0.00224327
"ME_M_7",-0.001899614
"ME_M_7",0.0006480824
"ME_M_7",0.002360232
"ME_M_7",0.003399032
"ME_M_7",0.004198364
"ME_M_7",0.003413988
"ME_M_7",0.003528689
"ME_M_7",0.003824129
"ME_M_7",0.003840314
"ME_M_7",0.003569433
"ME_M_7",0.003115898
"ME_M_7",0.00272891
"ME_M_7",0.002571898
"ME_M_7",0.002750271
"ME_M_7",0.002540676
"ME_M_7",0.002209723
"ME_M_7",0.001633918
"ME_M_7",0.0001613098
"ME_M_7",-0.0006981404
"ME_M_7",-0.001322794
"ME_M_7",-0.002245583
"ME_M_7",-0.002367913
"ME_M_7",-0.00200602
"ME_M_7",-0.001462284
"ME_M_7",-0.0009121243
"ME_M_7",-0.0002937985
"ME_M_7",-0.0001504294
"ME_M_7",6.871735E-05
"ME_M_7",0.0001956672
"ME_M_7",0.0005357544
"ME_M_7",0.0006685899
"ME_M_7",0.001111458
"ME_M_7",0.001658108
"ME_M_7",0.001784408
"ME_M_7",0.001714409
"ME_M_7",0.001680569
"ME_M_7",0.001327131
"ME_M_7",-0.001232703
"ME_M_7",-0.002898755
"ME_M_7",-0.003026209
"ME_M_7",-0.002827687
"ME_M_7",-0.003480135
"ME_M_7",-0.006159864
"ME_M_7",-0.006895331
"ME_M_7",-0.007173308
"ME_M_7",-0.007112871
"ME_M_7",-0.007815454
"ME_M_7",-0.00863374
"ME_M_7",-0.009482122
"ME_M_7",-0.008902023
"ME_M_7",-0.003994916
"ME_M_7",-0.001141731
"ME_M_7",0.003242456
"ME_M_7",0.006053236
"ME_M_7",0.003897318
"ME_M_7",0.0006823648
"ME_M_7",-0.002106805
"ME_M_7",-0.003421049
"ME_M_7",-0.001481014
"ME_M_7",0.0001678677
"ME_M_7",0.003015837
"ME_M_7",0.006185675
"ME_M_7",0.002217943
"ME_M_7",-0.002023262
"ME_M_7",-0.005367666
"ME_M_7",-0.005577062
"ME_M_7",-0.0008383968
"ME_M_7",0.0001351916
"ME_M_7",0.000435219
"ME_M_7",8.671288E-05
"ME_M_7",0.000138061
"ME_M_7",0.0009491281
"ME_M_7",0.002077459
"ME_M_7",0.002945263
"ME_M_7",0.002975993
"ME_M_7",0.002444931
"ME_M_7",0.00152977
"ME_M_7",0.0005402638
"ME_M_7",-0.0001128759
"ME_M_7",0.0002606617
"ME_M_7",0.000736574
"ME_M_7",0.001221756
"ME_M_7",0.001124465
"ME_M_7",0.00108383
"ME_M_7",0.0007290427
"ME_M_7",3.818306E-06
"ME_M_7",-0.000998045
"ME_M_7",-0.001424454
"ME_M_7",-0.001918439
"ME_M_7",-0.002355184
"ME_M_7",-0.002517527
"ME_M_7",-0.001760335
"ME_M_7",-0.001080839
"ME_M_7",0.0001860538
"ME_M_7",0.00129035
"ME_M_7",0.001471192
"ME_M_7",0.00175373
"ME_M_7",0.002091415
"ME_M_7",0.002658761
"ME_M_7",0.002796416
"ME_M_7",0.003344663
"ME_M_7",0.003865142
"ME_M_7",0.004499746
"ME_M_7",0.004134733
"ME_M_7",0.003589001
"ME_M_7",0.002573223
"ME_M_7",0.001347429
"ME_M_7",0.0007858385
"ME_M_7",0.0001273912
"ME_M_7",-0.000771356
"ME_M_7",-0.007586789
"ME_M_7",-0.00809644
"ME_M_7",-0.008384337
"ME_M_7",-0.009008817
"ME_M_7",-0.009745221
"ME_M_7",-0.01143776
"ME_M_7",-0.01237063
"ME_M_7",-0.01229613
"ME_M_7",-0.01193591
"ME_M_7",-0.01112891
"ME_M_7",-0.01035715
"ME_M_7",-0.009567758
"ME_M_7",-0.009121217
"ME_M_7",-0.008624913
"ME_M_7",-0.008497905
"ME_M_7",-0.007944179
"ME_M_7",-0.007494953
"ME_M_7",-0.007628764
"ME_M_7",-0.008512131
"ME_M_7",-0.01127327
"ME_M_7",-0.01362033
"ME_M_7",-0.01903266
"ME_M_7",-0.01976096
"ME_M_7",-0.02235636
"ME_M_7",-0.0239515
"ME_M_7",-0.02467926
"ME_M_7",-0.02409169
"ME_M_7",-0.02430555
"ME_M_7",-0.02555886
"ME_M_7",-0.02695866
"ME_M_7",-0.02557202
"ME_M_7",-0.02131966
"ME_M_7",-0.01519104
"ME_M_7",-0.01030045
"ME_M_7",-0.009759973
"ME_M_7",-0.008780427
"ME_M_7",-0.006988531
"ME_M_7",-0.00545302
"ME_M_7",-0.005279859
"ME_M_7",-0.004785712
"ME_M_7",-0.003954743
"ME_M_7",-0.004266378
"ME_M_7",-0.00545851
"ME_M_7",-0.007489928
"ME_M_7",-0.009158903
"ME_M_7",-0.008726442
"ME_M_7",-0.007530473
"ME_M_7",-0.005663253
"ME_M_7",-0.003578685
"ME_M_7",-0.001793561
"ME_M_7",-0.001330893
"ME_M_7",-0.0009625229
"ME_M_7",-0.0005512645
"ME_M_7",5.958762E-05
"ME_M_7",0.0001064935
"ME_M_7",0.0006094017
"ME_M_7",0.001301371
"ME_M_7",0.001520224
"ME_M_7",0.00153532
"ME_M_7",0.001549789
"ME_M_7",0.00138662
"ME_M_7",0.0005791896
"ME_M_7",7.344293E-06
"ME_M_7",-0.001230518
"ME_M_7",-0.002097583
"ME_M_7",-0.003196437
"ME_M_7",-0.00397656
"ME_M_7",-0.004818481
"ME_M_7",-0.005040399
"ME_M_7",-0.004239739
"ME_M_7",-0.003597716
"ME_M_7",-0.002802939
"ME_M_7",-0.001886002
"ME_M_7",-0.007102039
"ME_M_7",-0.008308069
"ME_M_7",-0.01008497
"ME_M_7",-0.01093835
"ME_M_7",-0.01202413
"ME_M_7",-0.01352119
"ME_M_7",-0.01717173
"ME_M_7",-0.01889604
"ME_M_7",-0.02093768
"ME_M_7",-0.02275332
"ME_M_7",-0.02256694
"ME_M_7",-0.02094819
"ME_M_7",-0.01751484
"ME_M_7",-0.0136274
"ME_M_7",-0.00896077
"ME_M_7",-0.007715509
"ME_M_7",-0.00698587
"ME_M_7",-0.007490134
"ME_M_7",-0.008098353
"ME_M_7",-0.008169163
"ME_M_7",-0.008264652
"ME_M_7",-0.008893747
"ME_M_7",-0.01134739
"ME_M_7",-0.01311873
"ME_M_7",-0.01514702
"ME_M_7",-0.01625124
"ME_M_7",-0.01627413
"ME_M_7",-0.01580432
"ME_M_7",-0.01475138
"ME_M_7",-0.013809
"ME_M_7",-0.01224806
"ME_M_7",-0.01149506
"ME_M_7",-0.01016192
"ME_M_7",-0.008297224
"ME_M_7",-0.004538254
"ME_M_7",-0.002815359
"ME_M_7",-0.000607052
"ME_M_7",0.001317953
"ME_M_7",0.003758926
"ME_M_7",0.004754705
"ME_M_7",0.004778374
"ME_M_7",0.003489341
"ME_M_7",0.0005683262
"ME_M_7",-0.0005499493
"ME_M_7",-0.002012808
"ME_M_7",-0.003548796
"ME_M_7",-0.004758495
"ME_M_7",-0.005193664
"ME_M_7",-0.005331965
"ME_M_7",-0.004854155
"ME_M_7",-0.004266443
"ME_M_7",-0.003701567
"ME_M_7",-0.003478344
"ME_M_7",-0.003156107
"ME_M_7",-0.0008169697
"ME_M_7",0.002294569
"ME_M_7",0.004540223
"ME_M_7",0.005096934
"ME_M_7",0.004231235
"ME_M_7",0.004058638
"ME_M_7",0.004140701
"ME_M_7",0.00448892
"ME_M_7",0.004633544
"ME_M_7",0.004518326
"ME_M_7",0.00408213
"ME_M_7",0.00346234
"ME_M_7",0.002348293
"ME_M_7",0.00218095
"ME_M_7",0.002574323
"ME_M_7",0.003037517
"ME_M_7",0.002178425
"ME_M_7",0.001845842
"ME_M_7",0.002316363
"ME_M_7",0.007549659
"ME_M_7",0.006185992
"ME_M_7",0.005514173
"ME_M_7",0.005082355
"ME_M_7",0.003841656
"ME_M_7",0.00194476
"ME_M_7",0.0005626904
"ME_M_7",0.0001426133
"ME_M_7",-0.0001770476
"ME_M_7",-0.0005540018
"ME_M_7",-0.0006669043
"ME_M_7",-0.0008590092
"ME_M_7",-0.001030347
"ME_M_7",-0.003324019
"ME_M_7",-0.00694123
"ME_M_7",-0.01046016
"ME_M_7",-0.01376148
"ME_M_7",-0.01912866
"ME_M_7",-0.02167826
"ME_M_7",-0.02530185
"ME_M_7",-0.02861719
"ME_M_7",-0.03207026
"ME_M_7",-0.0336559
"ME_M_7",-0.03471241
"ME_M_7",-0.03529237
"ME_M_7",-0.03474895
"ME_M_7",-0.03352882
"ME_M_7",-0.03074243
"ME_M_7",-0.02709542
"ME_M_7",-0.02452851
"ME_M_7",-0.02364224
"ME_M_7",-0.0237965
"ME_M_7",-0.02479224
"ME_M_7",-0.02197973
"ME_M_7",-0.01930453
"ME_M_7",-0.01703693
"ME_M_7",-0.01796113
"ME_M_7",-0.02306325
"ME_M_7",-0.02583401
"ME_M_7",-0.02530671
"ME_M_7",-0.02290946
"ME_M_7",-0.01936056
"ME_M_7",-0.01862003
"ME_M_7",-0.01783208
"ME_M_7",-0.01656076
"ME_M_7",-0.01459273
"ME_M_7",-0.01233385
"ME_M_7",-0.01034672
"ME_M_7",-0.008061633
"ME_M_7",-0.004612436
"ME_M_7",-0.003045291
"ME_M_7",-0.001037686
"ME_M_7",0.0005756886
"ME_M_7",0.002223961
"ME_M_7",0.003228425
"ME_M_7",0.003705331
"ME_M_7",0.003884399
"ME_M_7",0.003637
"ME_M_7",0.00368347
"ME_M_7",0.003739971
"ME_M_7",0.003984669
"ME_M_7",0.003603752
"ME_M_7",0.003482193
"ME_M_7",0.003457658
"ME_M_7",0.003660452
"ME_M_7",0.004187714
"ME_M_7",0.004341761
"ME_M_7",0.004566758
"ME_M_7",0.00499775
"ME_M_7",0.005519452
"ME_M_7",0.006005392
"ME_M_7",0.006495782
"ME_M_7",0.006990453
"ME_M_7",0.002983327
"ME_M_7",0.002577761
"ME_M_7",0.001966364
"ME_M_7",0.0008894586
"ME_M_7",0.0003472776
"ME_M_7",0.0001127834
"ME_M_7",-0.0001178186
"ME_M_7",-0.000234285
"ME_M_7",0.0001381041
"ME_M_7",0.0007645926
"ME_M_7",0.00181515
"ME_M_7",0.002413895
"ME_M_7",0.002205561
"ME_M_7",0.001352653
"ME_M_7",0.001009134
"ME_M_7",0.001178088
"ME_M_7",0.001409762
"ME_M_7",0.002003017
"ME_M_7",0.002214269
"ME_M_7",0.002407183
"ME_M_7",0.002558675
"ME_M_7",0.003576359
"ME_M_7",0.004715458
"ME_M_7",0.006469761
"ME_M_7",0.008052943
"ME_M_7",0.00885227
"ME_M_7",0.008987005
"ME_M_7",0.005540413
"ME_M_7",0.001179508
"ME_M_7",-0.006092062
"ME_M_7",-0.007440081
"ME_M_7",-0.006681519
"ME_M_7",-0.005890881
"ME_M_7",-0.003100923
"ME_M_7",-0.0007745872
"ME_M_7",0.001144716
"ME_M_7",1.626438E-06
"ME_M_7",-0.004540599
"ME_M_7",-0.007291192
"ME_M_7",-0.00530456
"ME_M_7",-0.001943386
"ME_M_7",0.001409983
"ME_M_7",0.001559817
"ME_M_7",0.001510991
"ME_M_7",0.002642603
"ME_M_7",0.002947529
"ME_M_7",0.001656904
"ME_M_7",0.0006764285
"ME_M_7",0.0006201831
"ME_M_7",0.0004415105
"ME_M_7",-0.0007248271
"ME_M_7",-0.003148935
"ME_M_7",-0.004382974
"ME_M_7",-0.003344168
"ME_M_7",-0.001659288
"ME_M_7",0.00169869
"ME_M_7",0.003640747
"ME_M_7",0.005017336
"ME_M_7",0.006112178
"ME_M_7",0.006241527
"ME_M_7",0.005416373
"ME_M_7",0.004264706
"ME_M_7",0.003818218
"ME_M_7",0.00324975
"ME_M_7",0.002577194
"ME_M_7",0.001827782
"ME_M_7",0.001274788
"ME_M_7",0.000783655
"ME_M_7",0.0004016794
"ME_M_7",0.0001528316
"ME_M_7",0.000105487
"ME_M_7",5.769718E-06
"ME_M_7",-0.0005783608
"ME_M_7",-0.003436923
"ME_M_7",-0.003115507
"ME_M_7",-0.002930523
"ME_M_7",-0.00296121
"ME_M_7",-0.002221016
"ME_M_7",-0.0006381483
"ME_M_7",0.00140404
"ME_M_7",0.00268465
"ME_M_7",0.002923072
"ME_M_7",0.003119806
"ME_M_7",0.003417679
"ME_M_7",0.003769402
"ME_M_7",0.004293296
"ME_M_7",0.004251482
"ME_M_7",0.003926014
"ME_M_7",0.003186804
"ME_M_7",0.002180143
"ME_M_7",-0.0007410227
"ME_M_7",-0.002817056
"ME_M_7",-0.003907667
"ME_M_7",-0.002583353
"ME_M_7",0.002100034
"ME_M_7",0.004467357
"ME_M_7",0.005785632
"ME_M_7",0.003972285
"ME_M_7",0.001829403
"ME_M_7",0.00236066
"ME_M_7",0.004308388
"ME_M_7",0.005585998
"ME_M_7",0.00444421
"ME_M_7",0.002653376
"ME_M_7",2.564408E-05
"ME_M_7",-0.001959166
"ME_M_7",-0.001830766
"ME_M_7",-0.001125564
"ME_M_7",-0.0002767336
"ME_M_7",0.0001563333
"ME_M_7",-0.0009965589
"ME_M_7",-0.002140835
"ME_M_7",-0.002918635
"ME_M_7",-0.002824893
"ME_M_7",-0.00221248
"ME_M_7",-0.001669487
"ME_M_7",-0.001102739
"ME_M_7",-0.0007793766
"ME_M_7",0.0002569399
"ME_M_7",0.0009211234
"ME_M_7",0.0011002
"ME_M_7",0.0009280295
"ME_M_7",0.0003874439
"ME_M_7",0.0003598239
"ME_M_7",0.0002371971
"ME_M_7",1.818174E-05
"ME_M_7",0.0001953738
"ME_M_7",0.0007861942
"ME_M_7",0.001481587
"ME_M_7",0.001423524
"ME_M_7",0.0005683384
"ME_M_7",0.0002672723
"ME_M_7",-8.969031E-05
"ME_M_7",0.0002200766
"ME_M_7",0.001367348
"ME_M_7",0.001702877
"ME_M_7",0.002352954
"ME_M_7",0.003404802
"ME_M_7",0.005598733
"ME_M_7",0.007166255
"ME_M_7",0.008286918
"ME_M_7",0.008474533
"ME_M_7",0.007869232
"ME_M_7",0.007147905
"ME_M_7",0.005864286
"ME_M_7",0.004041946
"ME_M_7",0.003551173
"ME_M_7",0.003152029
"ME_M_7",0.002443539
"ME_M_7",0.001795634
"ME_M_7",0.001018506
"ME_M_7",0.0009889813
"ME_M_7",0.0007845556
"ME_M_7",0.0007168313
"ME_M_7",0.0001121684
"ME_M_7",-0.001191321
"ME_M_7",-0.002979832
"ME_M_7",-0.005258202
"ME_M_7",-0.006357228
"ME_M_7",-0.006124326
"ME_M_7",-0.006210518
"ME_M_7",-0.006742801
"ME_M_7",-0.004980193
"ME_M_7",-0.003206921
"ME_M_7",-0.001537454
"ME_M_7",-0.0005245098
"ME_M_7",-0.001320658
"ME_M_7",-0.001357678
"ME_M_7",0.0002573961
"ME_M_7",0.004344813
"ME_M_7",0.007488757
"ME_M_7",0.006321989
"ME_M_7",0.004047956
"ME_M_7",-0.0001210465
"ME_M_7",-0.003397777
"ME_M_7",-0.004151669
"ME_M_7",-0.003984933
"ME_M_7",-0.003458699
"ME_M_7",0.001829346
"ME_M_7",0.002248307
"ME_M_7",-0.001129525
"ME_M_7",-0.008083704
"ME_M_7",-0.01197384
"ME_M_7",-0.009294521
"ME_M_7",-0.005661093
"ME_M_7",-0.003356052
"ME_M_7",-0.002363648
"ME_M_7",-0.002418489
"ME_M_7",-0.001498067
"ME_M_7",0.0006196229
"ME_M_7",0.003712269
"ME_M_7",0.005084195
"ME_M_7",0.005556644
"ME_M_7",0.005490164
"ME_M_7",0.004502657
"ME_M_7",0.003706067
"ME_M_7",0.002900111
"ME_M_7",0.002769479
"ME_M_7",0.00323567
"ME_M_7",0.003685555
"ME_M_7",0.003911384
"ME_M_7",0.003951181
"ME_M_7",0.003277833
"ME_M_7",0.003211635
"ME_M_7",0.002921943
"ME_M_7",0.002496219
"ME_M_7",0.002442278
"ME_M_7",0.00269008
"ME_M_7",0.003071456
"ME_M_7",0.00333988
"ME_M_7",0.002925843
"ME_M_7",0.002356853
"ME_M_7",0.001606034
"ME_M_7",0.001007963
"ME_M_7",0.0003771258
"ME_M_7",-0.0002034253
"ME_M_7",-0.00044104
"ME_M_7",-0.0004223617
"ME_M_7",-0.0002382088
"ME_F_2",0.00331667
"ME_F_2",0.003159932
"ME_F_2",0.003026688
"ME_F_2",0.002918287
"ME_F_2",0.003317246
"ME_F_2",0.004407946
"ME_F_2",0.004832061
"ME_F_2",0.004889213
"ME_F_2",0.004095185
"ME_F_2",0.002324993
"ME_F_2",-0.0006415044
"ME_F_2",-0.004088408
"ME_F_2",-0.006239017
"ME_F_2",-0.007157064
"ME_F_2",-0.007062132
"ME_F_2",-0.006157848
"ME_F_2",-0.005467516
"ME_F_2",-0.004098933
"ME_F_2",-0.002958006
"ME_F_2",-0.001208489
"ME_F_2",0.0002183537
"ME_F_2",0.001678401
"ME_F_2",0.002961298
"ME_F_2",0.003571183
"ME_F_2",0.003175601
"ME_F_2",0.001985956
"ME_F_2",-6.851973E-06
"ME_F_2",-0.002266581
"ME_F_2",-0.002883029
"ME_F_2",-0.00263055
"ME_F_2",-0.001811038
"ME_F_2",-0.0001116555
"ME_F_2",0.0007024397
"ME_F_2",0.001461073
"ME_F_2",0.001706585
"ME_F_2",0.002353818
"ME_F_2",0.002934984
"ME_F_2",0.003264423
"ME_F_2",0.002638842
"ME_F_2",0.0007379493
"ME_F_2",-0.0002833524
"ME_F_2",-0.0007412616
"ME_F_2",-0.001366726
"ME_F_2",-0.002916671
"ME_F_2",-0.004654171
"ME_F_2",-0.005770937
"ME_F_2",-0.00556405
"ME_F_2",-0.003775588
"ME_F_2",-0.003349208
"ME_F_2",-0.0035864
"ME_F_2",-0.003346845
"ME_F_2",-0.002684876
"ME_F_2",-0.001448001
"ME_F_2",-0.0007544835
"ME_F_2",-0.001006438
"ME_F_2",-0.001621943
"ME_F_2",-0.00201707
"ME_F_2",-0.002177646
"ME_F_2",-0.002527223
"ME_F_2",-0.003407327
"ME_F_2",-0.004135748
"ME_F_2",-0.00436078
"ME_F_2",-0.003992442
"ME_F_2",-0.003005656
"ME_F_2",-0.002878189
"ME_F_2",-0.002347121
"ME_F_2",-0.001755674
"ME_F_2",-0.0004376653
"ME_F_2",0.0001958803
"ME_F_2",-7.570954E-06
"ME_F_2",-0.000333679
"ME_F_2",-0.0008783172
"ME_F_2",0.00131454
"ME_F_2",0.001431618
"ME_F_2",0.001652352
"ME_F_2",0.001850216
"ME_F_2",0.002097943
"ME_F_2",0.00219755
"ME_F_2",0.002233344
"ME_F_2",0.002220746
"ME_F_2",0.00209144
"ME_F_2",0.001915599
"ME_F_2",0.001556465
"ME_F_2",0.001473272
"ME_F_2",0.001477905
"ME_F_2",0.001481875
"ME_F_2",0.001698386
"ME_F_2",0.0017622
"ME_F_2",0.001633012
"ME_F_2",0.001544644
"ME_F_2",0.001238095
"ME_F_2",0.000799951
"ME_F_2",0.0004320015
"ME_F_2",2.635264E-05
"ME_F_2",-0.0007715147
"ME_F_2",-0.0008934959
"ME_F_2",-0.001367658
"ME_F_2",-0.001490239
"ME_F_2",-0.001414417
"ME_F_2",-0.001490094
"ME_F_2",-0.001282894
"ME_F_2",-0.001257797
"ME_F_2",-0.0009685043
"ME_F_2",-0.001042316
"ME_F_2",-0.001443563
"ME_F_2",-0.001626861
"ME_F_2",-0.002212771
"ME_F_2",-0.00232577
"ME_F_2",-0.002388653
"ME_F_2",-0.002111726
"ME_F_2",-0.001614282
"ME_F_2",-0.001335711
"ME_F_2",-0.0006883099
"ME_F_2",-0.0003884046
"ME_F_2",0.0001396818
"ME_F_2",0.0003551992
"ME_F_2",0.0007636101
"ME_F_2",0.001064655
"ME_F_2",0.0006289922
"ME_F_2",-0.000378616
"ME_F_2",-0.003399576
"ME_F_2",-0.004820521
"ME_F_2",-0.005253923
"ME_F_2",-0.003851088
"ME_F_2",-0.003025251
"ME_F_2",-0.003489779
"ME_F_2",-0.003829381
"ME_F_2",-0.003146442
"ME_F_2",-0.001850943
"ME_F_2",-0.001549218
"ME_F_2",-0.000814058
"ME_F_2",0.0003271833
"ME_F_2",0.002080466
"ME_F_2",0.002779483
"ME_F_2",0.002899499
"ME_F_2",0.002933175
"ME_F_2",0.002957267
"ME_F_2",0.002889408
"ME_F_2",0.001730596
"ME_F_2",0.0005485799
"ME_F_2",-0.001268175
"ME_F_2",-0.002248585
"ME_F_2",-0.003380332
"ME_F_2",-0.003269215
"ME_F_2",-0.002358198
"ME_F_2",-0.0006597194
"ME_F_2",-0.0005857919
"ME_F_2",-0.0006509084
"ME_F_2",-0.001197545
"ME_F_2",-0.001724528
"ME_F_2",-0.002450022
"ME_F_2",-0.002684194
"ME_F_2",-0.003000703
"ME_F_2",-0.00298696
"ME_F_2",-0.003119355
"ME_F_2",-0.003258061
"ME_F_2",-0.003501587
"ME_F_2",-0.003625491
"ME_F_2",-0.003727183
"ME_F_2",-0.003398031
"ME_F_2",-0.002598678
"ME_F_2",-0.002474059
"ME_F_2",-0.002171196
"ME_F_2",-0.00225545
"ME_F_2",-0.002178437
"ME_F_2",-0.00204258
"ME_F_2",-0.001942883
"ME_F_2",-0.002357038
"ME_F_2",-0.003299425
"ME_F_2",-0.003225391
"ME_F_2",-0.002932235
"ME_F_2",-0.002839013
"ME_F_2",-0.003166511
"ME_F_2",-0.003287721
"ME_F_2",-0.002244289
"ME_F_2",-0.001229966
"ME_F_2",-0.0006923475
"ME_F_2",-0.0007491148
"ME_F_2",-0.001300183
"ME_F_2",-0.0009894937
"ME_F_2",-0.0007695197
"ME_F_2",-0.0009995149
"ME_F_2",-0.001394001
"ME_F_2",-0.001758482
"ME_F_2",-0.001978085
"ME_F_2",-0.002637173
"ME_F_2",-0.004151216
"ME_F_2",-0.005151401
"ME_F_2",-0.006054329
"ME_F_2",-0.005221964
"ME_F_2",-0.002684779
"ME_F_2",-0.001951699
"ME_F_2",-0.002128621
"ME_F_2",-0.003664155
"ME_F_2",-0.005848074
"ME_F_2",-0.005644592
"ME_F_2",-0.004607808
"ME_F_2",-0.003256085
"ME_F_2",-0.003213493
"ME_F_2",-0.003455156
"ME_F_2",-0.003859748
"ME_F_2",-0.004192322
"ME_F_2",-0.003923388
"ME_F_2",-0.003277254
"ME_F_2",-0.002637721
"ME_F_2",-0.001735709
"ME_F_2",-0.0005486575
"ME_F_2",-0.0003876974
"ME_F_2",-0.0005428629
"ME_F_2",-0.001146633
"ME_F_2",-0.001325314
"ME_F_2",-0.0009658722
"ME_F_2",-0.0001504696
"ME_F_2",0.0009427951
"ME_F_2",0.002347218
"ME_F_2",0.002556076
"ME_F_2",0.002485916
"ME_F_2",0.00225587
"ME_F_2",0.006572799
"ME_F_2",0.004787166
"ME_F_2",0.002784865
"ME_F_2",0.002123814
"ME_F_2",0.002042533
"ME_F_2",0.001836439
"ME_F_2",0.0009333606
"ME_F_2",0.0004175371
"ME_F_2",-0.0002084317
"ME_F_2",-0.0003964516
"ME_F_2",-0.0008413971
"ME_F_2",-0.001066165
"ME_F_2",-0.0008450252
"ME_F_2",-0.001037419
"ME_F_2",-0.001762546
"ME_F_2",-0.001742282
"ME_F_2",-0.001645696
"ME_F_2",-0.001581239
"ME_F_2",-0.001880337
"ME_F_2",-0.00181053
"ME_F_2",-0.0007744785
"ME_F_2",0.0001025296
"ME_F_2",0.0005240822
"ME_F_2",-1.116481E-05
"ME_F_2",-0.001232102
"ME_F_2",-0.001711422
"ME_F_2",-0.002275336
"ME_F_2",-0.00316566
"ME_F_2",-0.004001725
"ME_F_2",-0.004344906
"ME_F_2",-0.004637346
"ME_F_2",-0.004898535
"ME_F_2",-0.004932459
"ME_F_2",-0.00483333
"ME_F_2",-0.004395845
"ME_F_2",-0.004062786
"ME_F_2",-0.003359172
"ME_F_2",-0.002380439
"ME_F_2",-0.001786564
"ME_F_2",-0.001070526
"ME_F_2",-0.001170419
"ME_F_2",-0.001567998
"ME_F_2",-0.002066196
"ME_F_2",-0.002599824
"ME_F_2",-0.00415633
"ME_F_2",-0.005452421
"ME_F_2",-0.006390512
"ME_F_2",-0.005895024
"ME_F_2",-0.00376505
"ME_F_2",-0.001623958
"ME_F_2",-0.0008353406
"ME_F_2",-0.002270762
"ME_F_2",-0.003841653
"ME_F_2",-0.002751061
"ME_F_2",0.0002166504
"ME_F_2",0.001412925
"ME_F_2",0.001279901
"ME_F_2",0.0009141888
"ME_F_2",0.001128146
"ME_F_2",0.002046463
"ME_F_2",0.003153422
"ME_F_2",0.003919391
"ME_F_2",0.003804566
"ME_F_2",0.003136766
"ME_F_2",0.0009829367
"ME_F_2",-0.0008426241
"ME_F_2",-0.002612571
"ME_F_2",-0.003051674
"ME_F_2",-0.001842792
"ME_F_2",-0.001816621
"ME_F_2",-0.00270231
"ME_F_2",-0.003514784
"ME_F_2",-0.001702165
"ME_F_2",0.002912085
"ME_F_2",0.002444501
"ME_F_2",0.003849224
"ME_F_2",0.004865848
"ME_F_2",0.006400565
"ME_F_2",0.007743693
"ME_F_2",0.009524692
"ME_F_2",0.009720014
"ME_F_2",0.009314822
"ME_F_2",0.008388602
"ME_F_2",0.006300777
"ME_F_2",0.005571737
"ME_F_2",0.004905471
"ME_F_2",0.004696097
"ME_F_2",0.004186658
"ME_F_2",0.004049543
"ME_F_2",0.004060811
"ME_F_2",0.003843401
"ME_F_2",0.003740008
"ME_F_2",0.00363031
"ME_F_2",0.00376101
"ME_F_2",0.004017283
"ME_F_2",0.003817952
"ME_F_2",0.003407511
"ME_F_2",0.003309303
"ME_F_2",0.003344274
"ME_F_2",0.003590546
"ME_F_2",0.003302318
"ME_F_2",0.002601858
"ME_F_2",0.002140991
"ME_F_2",0.00171368
"ME_F_2",0.001386291
"ME_F_2",0.0006701224
"ME_F_2",-7.70702E-05
"ME_F_2",-0.001142201
"ME_F_2",-0.00143314
"ME_F_2",-0.001635797
"ME_F_2",-0.001299667
"ME_F_2",-0.001124967
"ME_F_2",-0.0009614006
"ME_F_2",-0.0007746662
"ME_F_2",-0.0005863776
"ME_F_2",0.0001231314
"ME_F_2",-0.0005641602
"ME_F_2",-0.001610522
"ME_F_2",-0.002942681
"ME_F_2",-0.002123041
"ME_F_2",-0.001647372
"ME_F_2",-0.001245086
"ME_F_2",-0.001339022
"ME_F_2",-0.001523871
"ME_F_2",-0.002620771
"ME_F_2",-0.003551076
"ME_F_2",-0.004167782
"ME_F_2",-0.003671449
"ME_F_2",-0.003168814
"ME_F_2",-0.00296568
"ME_F_2",-0.00267232
"ME_F_2",-0.002362665
"ME_F_2",-0.002500577
"ME_F_2",-0.002565753
"ME_F_2",-0.002535501
"ME_F_2",-0.001301548
"ME_F_2",-0.0007744951
"ME_F_2",-0.0004127899
"ME_F_2",-0.001117681
"ME_F_2",-0.003906708
"ME_F_2",-0.00453586
"ME_F_2",-0.005515592
"ME_F_2",-0.005401382
"ME_F_2",-0.004084581
"ME_F_2",-0.003405367
"ME_F_2",-0.002876683
"ME_F_2",0.001914981
"ME_F_2",0.001690088
"ME_F_2",0.001188782
"ME_F_2",0.0002291672
"ME_F_2",-0.0006451333
"ME_F_2",-0.0006043952
"ME_F_2",-0.000485487
"ME_F_2",-0.000588633
"ME_F_2",-0.0005408277
"ME_F_2",-0.0002040257
"ME_F_2",0.0005849565
"ME_F_2",0.00111497
"ME_F_2",0.001129527
"ME_F_2",0.00102955
"ME_F_2",0.0009622158
"ME_F_2",0.001061738
"ME_F_2",-0.0003279426
"ME_F_2",-0.001430787
"ME_F_2",-0.001934895
"ME_F_2",-0.001804294
"ME_F_2",-0.001096084
"ME_F_2",-0.001068346
"ME_F_2",-0.001020715
"ME_F_2",-0.0008343038
"ME_F_2",-0.00132851
"ME_F_2",-0.001692338
"ME_F_2",-0.002097085
"ME_F_2",-0.001851724
"ME_F_2",-0.001863795
"ME_F_2",-0.002196213
"ME_F_2",-0.002729574
"ME_F_2",-0.003145697
"ME_F_2",-0.002327121
"ME_F_2",-0.002175961
"ME_F_2",-0.002615444
"ME_F_2",-0.003350049
"ME_F_2",-0.004766893
"ME_F_2",-0.005542224
"ME_F_2",-0.006418404
"ME_F_2",-0.006602581
"ME_F_2",-0.005444193
"ME_F_2",-0.004867279
"ME_F_2",-0.004945201
"ME_F_2",-0.004962133
"ME_F_2",-0.004243425
"ME_F_2",-0.003451672
"ME_F_2",-0.002559873
"ME_F_2",-0.001939903
"ME_F_2",-0.001096819
"ME_F_2",4.293481E-05
"ME_F_2",0.001661017
"ME_F_2",0.002821298
"ME_F_2",0.002330558
"ME_F_2",0.001433026
"ME_F_2",0.0002599735
"ME_F_2",-0.0008875082
"ME_F_2",-0.002358069
"ME_F_2",-0.001974731
"ME_F_2",-0.001693963
"ME_F_2",-0.001523508
"ME_F_2",-0.001139353
"ME_F_2",-0.0004243658
"ME_F_2",0.0003301421
"ME_F_2",0.001086785
"ME_F_2",0.001376107
"ME_F_2",0.001602396
"ME_F_2",0.001768901
"ME_F_2",0.001695998
"ME_F_2",0.000715257
"ME_F_2",0.0005528943
"ME_F_2",0.0004318451
"ME_F_2",0.000552439
"ME_F_2",0.002397753
"ME_F_2",0.002387743
"ME_F_2",0.002743788
"ME_F_2",0.002875491
"ME_F_2",0.003025095
"ME_F_2",0.003222965
"ME_F_2",0.002838586
"ME_F_2",0.002182388
"ME_F_2",0.001915347
"ME_F_2",0.001621232
"ME_F_2",0.001264619
"ME_F_2",0.0006126161
"ME_F_2",0.0006301354
"ME_F_2",0.0007365733
"ME_F_2",0.0006098606
"ME_F_2",-0.0006691064
"ME_F_2",-0.0005651748
"ME_F_2",-0.0007065666
"ME_F_2",-0.0007254145
"ME_F_2",-0.001058052
"ME_F_2",-0.0008099513
"ME_F_2",-0.001166688
"ME_F_2",-0.002344634
"ME_F_2",-0.00479529
"ME_F_2",-0.005744172
"ME_F_2",-0.006781088
"ME_F_2",-0.007454509
"ME_F_2",-0.006286697
"ME_F_2",-0.006314096
"ME_F_2",-0.006915779
"ME_F_2",-0.007466544
"ME_F_2",-0.007061841
"ME_F_2",-0.006966317
"ME_F_2",-0.006927086
"ME_F_2",-0.007176855
"ME_F_2",-0.005794011
"ME_F_2",-0.004346755
"ME_F_2",-0.002820585
"ME_F_2",-0.001609446
"ME_F_2",-0.0007245713
"ME_F_2",-0.0005977197
"ME_F_2",-0.0005588933
"ME_F_2",-0.0005116528
"ME_F_2",-0.0001621272
"ME_F_2",0.0001542111
"ME_F_2",6.040774E-05
"ME_F_2",-0.000314054
"ME_F_2",-0.002316437
"ME_F_2",-0.00268305
"ME_F_2",-0.002285419
"ME_F_2",-0.0009778492
"ME_F_2",-0.001389455
"ME_F_2",-0.001912582
"ME_F_2",-0.002129181
"ME_F_2",-0.002151531
"ME_F_2",-0.002421862
"ME_F_2",-0.002597078
"ME_F_2",-0.002529374
"ME_F_2",-0.002609652
"ME_F_2",-0.00175969
"ME_F_2",-0.001423484
"ME_F_2",-0.001140358
"ME_F_2",-0.001237607
"ME_F_2",-0.001500753
"ME_F_2",-0.00151385
"ME_F_2",-0.0011671
"ME_F_2",-0.00102136
"ME_F_2",-0.000751773
"ME_F_2",-0.0008772266
"ME_F_2",-0.001095444
"ME_F_2",-0.001402435
"ME_F_2",-0.001962573
"ME_F_2",-0.001421497
"ME_F_2",0.003128546
"ME_F_2",0.003110487
"ME_F_2",0.00288931
"ME_F_2",0.002752391
"ME_F_2",0.003102849
"ME_F_2",0.003281465
"ME_F_2",0.002396415
"ME_F_2",0.002011557
"ME_F_2",0.001173894
"ME_F_2",0.0009318058
"ME_F_2",0.0006507842
"ME_F_2",0.0003619573
"ME_F_2",0.0002837572
"ME_F_2",0.0002846415
"ME_F_2",6.109804E-05
"ME_F_2",-0.0001140374
"ME_F_2",-0.0003304542
"ME_F_2",-0.0002639464
"ME_F_2",-0.0003570384
"ME_F_2",-0.000971118
"ME_F_2",-0.001439098
"ME_F_2",-0.001440775
"ME_F_2",-0.001864884
"ME_F_2",-0.002192541
"ME_F_2",-0.004498043
"ME_F_2",-0.005116935
"ME_F_2",-0.005152334
"ME_F_2",-0.003379902
"ME_F_2",-0.002739171
"ME_F_2",-0.004557547
"ME_F_2",-0.006307436
"ME_F_2",-0.007236159
"ME_F_2",-0.006879179
"ME_F_2",-0.006766366
"ME_F_2",-0.007286331
"ME_F_2",-0.00797043
"ME_F_2",-0.00858878
"ME_F_2",-0.008539481
"ME_F_2",-0.007831337
"ME_F_2",-0.006918806
"ME_F_2",-0.004988337
"ME_F_2",-0.004177012
"ME_F_2",-0.003815235
"ME_F_2",-0.003881601
"ME_F_2",-0.004849426
"ME_F_2",-0.005177202
"ME_F_2",-0.005453457
"ME_F_2",-0.005683529
"ME_F_2",-0.005726032
"ME_F_2",-0.005771678
"ME_F_2",-0.005136091
"ME_F_2",-0.004006485
"ME_F_2",-0.001508926
"ME_F_2",-0.0003617625
"ME_F_2",0.0001419826
"ME_F_2",0.000164552
"ME_F_2",-0.0002385142
"ME_F_2",0.0004228915
"ME_F_2",0.001065657
"ME_F_2",0.001954988
"ME_F_2",0.002277599
"ME_F_2",0.001988399
"ME_F_2",0.001853927
"ME_F_2",0.002598925
"ME_F_2",0.003511377
"ME_F_2",0.003810086
"ME_F_2",0.003940427
"ME_F_2",0.003928115
"ME_F_2",0.003644034
"ME_F_2",0.003238758
"ME_F_2",0.003279176
"ME_F_2",0.004002247
"ME_F_2",0.004859308
"ME_F_2",0.002024471
"ME_F_2",0.001665119
"ME_F_2",0.0008098715
"ME_F_2",-0.0002329526
"ME_F_2",-0.0007394627
"ME_F_2",-0.0008654224
"ME_F_2",-0.001777254
"ME_F_2",-0.002372283
"ME_F_2",-0.00328115
"ME_F_2",-0.004451638
"ME_F_2",-0.006397017
"ME_F_2",-0.007521887
"ME_F_2",-0.008368754
"ME_F_2",-0.008974722
"ME_F_2",-0.009515796
"ME_F_2",-0.01007911
"ME_F_2",-0.01027087
"ME_F_2",-0.01048306
"ME_F_2",-0.01000304
"ME_F_2",-0.009016396
"ME_F_2",-0.007807308
"ME_F_2",-0.006443101
"ME_F_2",-0.005492352
"ME_F_2",-0.005799001
"ME_F_2",-0.006402701
"ME_F_2",-0.007019722
"ME_F_2",-0.007562782
"ME_F_2",-0.007208333
"ME_F_2",-0.006933981
"ME_F_2",-0.00647698
"ME_F_2",-0.005766504
"ME_F_2",-0.005547826
"ME_F_2",-0.005552715
"ME_F_2",-0.005271315
"ME_F_2",-0.004578772
"ME_F_2",-0.004010661
"ME_F_2",-0.003404489
"ME_F_2",-0.001933813
"ME_F_2",0.001003491
"ME_F_2",0.00196242
"ME_F_2",0.002544677
"ME_F_2",0.002207748
"ME_F_2",0.001816622
"ME_F_2",0.001793156
"ME_F_2",0.002004708
"ME_F_2",0.001452097
"ME_F_2",0.0004224229
"ME_F_2",0.0003398748
"ME_F_2",0.000178549
"ME_F_2",0.0001023857
"ME_F_2",-0.0007262726
"ME_F_2",-0.001353606
"ME_F_2",-0.0021989
"ME_F_2",-0.002644012
"ME_F_2",-0.002204275
"ME_F_2",-0.001880701
"ME_F_2",-0.001341404
"ME_F_2",-0.0005211373
"ME_F_2",4.213623E-06
"ME_F_2",-0.0001891444
"ME_F_2",-1.772007E-05
"ME_F_2",0.0007464669
"ME_F_2",0.001769023
"ME_F_2",0.00164936
"ME_F_2",0.001413745
"ME_F_2",0.001199856
"ME_F_2",0.001016473
"ME_F_2",0.0007586747
"ME_F_2",0.000705857
"ME_F_2",0.0007157912
"ME_F_2",0.0004540642
"ME_F_2",0.0004564681
"ME_F_2",0.0003143123
"ME_F_2",0.001653891
"ME_F_2",0.001134609
"ME_F_2",0.00109902
"ME_F_2",0.002839836
"ME_F_2",0.003063442
"ME_F_2",0.003216713
"ME_F_2",0.002559185
"ME_F_2",0.002135825
"ME_F_2",0.001708502
"ME_F_2",0.001156094
"ME_F_2",0.000780614
"ME_F_2",0.0008103201
"ME_F_2",0.001404974
"ME_F_2",0.002384541
"ME_F_2",0.003100188
"ME_F_2",0.002178909
"ME_F_2",0.001857407
"ME_F_2",0.001353881
"ME_F_2",0.001350034
"ME_F_2",0.001550736
"ME_F_2",0.001642319
"ME_F_2",0.001029728
"ME_F_2",0.0001224985
"ME_F_2",-0.0008537431
"ME_F_2",-0.001036268
"ME_F_2",-0.0008430869
"ME_F_2",-0.000705744
"ME_F_2",-0.001369064
"ME_F_2",-0.001381393
"ME_F_2",-0.0008154222
"ME_F_2",0.0001308791
"ME_F_2",0.0008272412
"ME_F_2",0.0005609492
"ME_F_2",-0.0002641841
"ME_F_2",-0.0007760446
"ME_F_2",-0.0005821824
"ME_F_2",0.0004798585
"ME_F_2",0.001250054
"ME_F_2",0.001700307
"ME_F_2",0.001544778
"ME_F_2",0.001381925
"ME_F_2",0.0008120015
"ME_F_2",0.0003350656
"ME_F_2",0.0004831944
"ME_F_2",0.0007573155
"ME_F_2",0.001102492
"ME_F_2",0.0009140591
"ME_F_2",0.0005144675
"ME_F_2",0.0006928417
"ME_F_2",0.0005105404
"ME_F_2",0.0003099127
"ME_F_2",-0.0002202057
"ME_F_2",-0.0002465083
"ME_F_2",-0.0003253995
"ME_F_2",-0.0003656793
"ME_F_2",-0.0009510603
"ME_F_2",-0.001045315
"ME_F_2",-0.00106196
"ME_F_2",-0.0009517552
"ME_F_2",-0.0006389957
"ME_F_2",-0.000658633
"ME_F_2",-0.0007677446
"ME_F_2",-0.0007813544
"ME_F_2",-0.00111015
"ME_F_2",-0.001083994
"ME_F_2",-0.001081626
"ME_F_2",-0.0009975575
"ME_F_2",-0.0008251538
"ME_F_2",-0.0007901858
"ME_F_2",-0.001042945
"ME_F_2",-0.001517592
"ME_F_2",-0.001439761
"ME_F_2",-0.001153709
"ME_F_2",0.0008107718
"ME_F_2",0.001001371
"ME_F_2",0.0008297815
"ME_F_2",0.001006471
"ME_F_2",0.001851745
"ME_F_2",0.001884997
"ME_F_2",0.002501647
"ME_F_2",0.002080618
"ME_F_2",3.336684E-05
"ME_F_2",-0.002132074
"ME_F_2",-0.001927021
"ME_F_2",-0.001074146
"ME_F_2",-0.0008758036
"ME_F_2",-0.00131981
"ME_F_2",-0.001989855
"ME_F_2",-0.001652113
"ME_F_2",-0.0007708882
"ME_F_2",-0.0005339922
"ME_F_2",-0.0001347919
"ME_F_2",2.995331E-05
"ME_F_2",0.00067719
"ME_F_2",0.00150974
"ME_F_2",0.001659798
"ME_F_2",0.001461537
"ME_F_2",0.001052416
"ME_F_2",0.0004785252
"ME_F_2",-0.0005090847
"ME_F_2",-0.001019958
"ME_F_2",-0.001597828
"ME_F_2",-0.001917122
"ME_F_2",-0.001830233
"ME_F_2",-0.001625874
"ME_F_2",-0.001189956
"ME_F_2",-0.001097401
"ME_F_2",-0.0009340741
"ME_F_2",-0.001001926
"ME_F_2",-0.0005957371
"ME_F_2",0.0001089416
"ME_F_2",0.0008034979
"ME_F_2",0.0009792557
"ME_F_2",0.001407647
"ME_F_2",0.001138192
"ME_F_2",0.0008881629
"ME_F_2",0.0009483498
"ME_F_2",0.0008788332
"ME_F_2",0.0007112913
"ME_F_2",0.000923623
"ME_F_2",0.0009234826
"ME_F_2",0.001048136
"ME_F_2",0.001370868
"ME_F_2",0.001441529
"ME_F_2",0.0014605
"ME_F_2",0.001734677
"ME_F_2",0.001934078
"ME_F_2",0.001447471
"ME_F_2",0.001365225
"ME_F_2",0.001459228
"ME_F_2",0.001434413
"ME_F_2",0.0008162488
"ME_F_2",0.000421648
"ME_F_2",0.0002029213
"ME_F_2",0.0005564361
"ME_F_2",0.001290449
"ME_F_2",0.001524606
"ME_F_2",0.001691648
"ME_F_2",0.001884167
"ME_F_2",0.001640417
"ME_F_2",0.001568687
"ME_F_2",0.001368335
"ME_F_2",0.001396472
"ME_F_2",0.001376478
"ME_F_2",0.001574216
"ME_F_2",0.001710511
"ME_F_2",-0.001677371
"ME_F_2",-0.001977631
"ME_F_2",-0.001277359
"ME_F_2",-0.001129135
"ME_F_2",-0.0009153141
"ME_F_2",-0.0006397252
"ME_F_2",-0.0001459228
"ME_F_2",-3.274973E-05
"ME_F_2",-1.673869E-05
"ME_F_2",0.0002172285
"ME_F_2",0.0002276137
"ME_F_2",0.000270873
"ME_F_2",-1.21264E-06
"ME_F_2",-0.0004804027
"ME_F_2",-0.001776878
"ME_F_2",-0.002322452
"ME_F_2",-0.002837038
"ME_F_2",-0.003110775
"ME_F_2",-0.003447776
"ME_F_2",-0.003615036
"ME_F_2",-0.003532876
"ME_F_2",-0.004484682
"ME_F_2",-0.006607573
"ME_F_2",-0.006986972
"ME_F_2",-0.007288587
"ME_F_2",-0.006063688
"ME_F_2",-0.003052458
"ME_F_2",-0.002310329
"ME_F_2",-0.001400736
"ME_F_2",-0.0008977947
"ME_F_2",-9.601994E-05
"ME_F_2",0.0002276814
"ME_F_2",0.0003086004
"ME_F_2",0.0002640856
"ME_F_2",0.0001710679
"ME_F_2",-0.0001198403
"ME_F_2",-0.0007247451
"ME_F_2",-0.001614285
"ME_F_2",-0.002899707
"ME_F_2",-0.003022221
"ME_F_2",-0.002911245
"ME_F_2",-0.002089371
"ME_F_2",-0.0004158951
"ME_F_2",0.0001291758
"ME_F_2",0.000521877
"ME_F_2",0.0009412994
"ME_F_2",0.00188149
"ME_F_2",0.002018475
"ME_F_2",0.001996896
"ME_F_2",0.001583936
"ME_F_2",0.001305415
"ME_F_2",0.00138019
"ME_F_2",0.001414156
"ME_F_2",0.001293566
"ME_F_2",0.0007096311
"ME_F_2",0.0005237766
"ME_F_2",-4.826936E-06
"ME_F_2",-0.0009026935
"ME_F_2",-0.001726645
"ME_F_2",-0.001857895
"ME_F_2",-0.001871029
"ME_F_2",-0.00171118
"ME_F_2",-0.001068077
"ME_F_2",-0.0006041839
"ME_F_2",-0.0001077168
"ME_F_2",0.0004179869
"ME_F_2",0.0008678302
"ME_F_2",0.001026087
"ME_F_2",0.001497017
"ME_F_2",0.001560348
"ME_F_2",0.001164665
"ME_F_2",0.001124289
"ME_F_3",-6.971118E-05
"ME_F_3",-0.0008057711
"ME_F_3",-0.001531283
"ME_F_3",-0.001787622
"ME_F_3",-0.002362758
"ME_F_3",-0.002679135
"ME_F_3",-0.002880029
"ME_F_3",-0.002629198
"ME_F_3",-0.002292424
"ME_F_3",-0.002331783
"ME_F_3",-0.002458702
"ME_F_3",-0.002676457
"ME_F_3",-0.002697913
"ME_F_3",-0.002488222
"ME_F_3",-0.002363869
"ME_F_3",-0.002332388
"ME_F_3",-0.002283717
"ME_F_3",-0.001926639
"ME_F_3",-0.001942924
"ME_F_3",-0.001621483
"ME_F_3",-0.001790711
"ME_F_3",-0.00191401
"ME_F_3",-0.002019601
"ME_F_3",-0.00233263
"ME_F_3",-0.002889133
"ME_F_3",-0.003448881
"ME_F_3",-0.003656935
"ME_F_3",-0.003234075
"ME_F_3",-0.002634403
"ME_F_3",-0.002519516
"ME_F_3",-0.002356928
"ME_F_3",-0.002058031
"ME_F_3",-0.00189677
"ME_F_3",-0.001933299
"ME_F_3",-0.001775427
"ME_F_3",-0.001374843
"ME_F_3",-0.00126409
"ME_F_3",-0.001135248
"ME_F_3",-0.0008315045
"ME_F_3",-0.0009452413
"ME_F_3",-0.001390921
"ME_F_3",-0.00142138
"ME_F_3",-0.001191498
"ME_F_3",-0.00106608
"ME_F_3",-0.0005720452
"ME_F_3",-0.0004206678
"ME_F_3",-0.0006019702
"ME_F_3",-0.001607587
"ME_F_3",-0.001470755
"ME_F_3",-0.001325849
"ME_F_3",-0.001651951
"ME_F_3",-0.00194132
"ME_F_3",-0.002128536
"ME_F_3",-0.001608263
"ME_F_3",-0.00154958
"ME_F_3",-0.002181794
"ME_F_3",-0.003135934
"ME_F_3",-0.00287945
"ME_F_3",-0.002495653
"ME_F_3",-0.002166325
"ME_F_3",-0.001493863
"ME_F_3",-0.001835794
"ME_F_3",-0.002122177
"ME_F_3",-0.002018357
"ME_F_3",-0.001627758
"ME_F_3",-0.001252849
"ME_F_3",-0.0009758181
"ME_F_3",-0.001343754
"ME_F_3",-0.001729701
"ME_F_3",-0.001541165
"ME_F_3",-0.00162534
"ME_F_3",-0.001767444
"ME_F_3",-0.002043408
"ME_F_3",-0.0004988719
"ME_F_3",-0.0005246952
"ME_F_3",-0.0001248092
"ME_F_3",4.472925E-05
"ME_F_3",0.0001398227
"ME_F_3",-4.894356E-05
"ME_F_3",-0.0002303296
"ME_F_3",-0.0009743382
"ME_F_3",-0.001882371
"ME_F_3",-0.002084668
"ME_F_3",-0.002086184
"ME_F_3",-0.001694157
"ME_F_3",-0.002266545
"ME_F_3",-0.002808006
"ME_F_3",-0.002613148
"ME_F_3",-0.00271207
"ME_F_3",-0.001939283
"ME_F_3",-0.001710489
"ME_F_3",-0.001703955
"ME_F_3",-0.001663954
"ME_F_3",-0.0006610009
"ME_F_3",-5.131811E-05
"ME_F_3",0.0002088934
"ME_F_3",0.0003465402
"ME_F_3",-0.0001454566
"ME_F_3",-0.0001943257
"ME_F_3",-0.0008009446
"ME_F_3",-0.001086016
"ME_F_3",-0.00106314
"ME_F_3",-0.001356691
"ME_F_3",-0.001846369
"ME_F_3",-0.001871032
"ME_F_3",-0.001945495
"ME_F_3",-0.00221953
"ME_F_3",-0.00247526
"ME_F_3",-0.002854352
"ME_F_3",-0.002653032
"ME_F_3",-0.00249887
"ME_F_3",-0.002600074
"ME_F_3",-0.002556012
"ME_F_3",-0.001423723
"ME_F_3",-0.0009451385
"ME_F_3",-0.0007278272
"ME_F_3",-0.0005351661
"ME_F_3",-0.0003421339
"ME_F_3",-0.000548145
"ME_F_3",-0.0007070479
"ME_F_3",-0.001142548
"ME_F_3",-0.001787785
"ME_F_3",-0.001887509
"ME_F_3",-0.001573873
"ME_F_3",-0.001245452
"ME_F_3",-0.001347726
"ME_F_3",-0.001128767
"ME_F_3",-0.0008886196
"ME_F_3",-0.0007434239
"ME_F_3",-0.0005000888
"ME_F_3",-0.0009370105
"ME_F_3",-0.001091674
"ME_F_3",-0.0009980242
"ME_F_3",-0.001014962
"ME_F_3",-0.001527821
"ME_F_3",-0.002184139
"ME_F_3",-0.002826718
"ME_F_3",-0.002702615
"ME_F_3",-0.002337456
"ME_F_3",-0.002022106
"ME_F_3",-0.001875396
"ME_F_3",-0.001859257
"ME_F_3",-0.001962622
"ME_F_3",-0.002242897
"ME_F_3",-0.002860566
"ME_F_3",-0.0006248141
"ME_F_3",-0.0008960619
"ME_F_3",-0.0009165701
"ME_F_3",-0.0008252166
"ME_F_3",-0.0003013687
"ME_F_3",0.0001485044
"ME_F_3",0.0004950971
"ME_F_3",0.0006587752
"ME_F_3",0.0002271562
"ME_F_3",0.0002790096
"ME_F_3",-1.195903E-05
"ME_F_3",-0.0007343976
"ME_F_3",-0.002532127
"ME_F_3",-0.003662595
"ME_F_3",-0.002995137
"ME_F_3",-0.002599977
"ME_F_3",-0.005165366
"ME_F_3",-0.00630539
"ME_F_3",-0.006828597
"ME_F_3",-0.006304719
"ME_F_3",-0.006702754
"ME_F_3",-0.007382156
"ME_F_3",-0.007936291
"ME_F_3",-0.008178832
"ME_F_3",-0.00734268
"ME_F_3",-0.007119311
"ME_F_3",-0.006640275
"ME_F_3",-0.005725239
"ME_F_3",-0.004824223
"ME_F_3",-0.004614674
"ME_F_3",-0.004086984
"ME_F_3",-0.002859217
"ME_F_3",-0.001596816
"ME_F_3",-0.0008804982
"ME_F_3",0.000149454
"ME_F_3",0.000507833
"ME_F_3",-3.012736E-05
"ME_F_3",-0.0002249688
"ME_F_3",0.0004803512
"ME_F_3",0.002078685
"ME_F_3",0.003321557
"ME_F_3",0.003223527
"ME_F_3",0.002891824
"ME_F_3",0.002617027
"ME_F_3",0.001098353
"ME_F_3",0.000296152
"ME_F_3",-0.0003669707
"ME_F_3",-0.001445544
"ME_F_3",-0.002364677
"ME_F_3",-0.002742669
"ME_F_3",-0.003231403
"ME_F_3",-0.003872699
"ME_F_3",-0.005341573
"ME_F_3",-0.005684935
"ME_F_3",-0.005622908
"ME_F_3",-0.005129507
"ME_F_3",-0.004261126
"ME_F_3",-0.003813807
"ME_F_3",-0.002747233
"ME_F_3",-0.00183551
"ME_F_3",-0.0008852372
"ME_F_3",-0.0001407423
"ME_F_3",0.0004178897
"ME_F_3",0.001135316
"ME_F_3",0.001936971
"ME_F_3",0.002085043
"ME_F_3",0.002446954
"ME_F_3",0.002298404
"ME_F_3",0.002247203
"ME_F_3",0.002195678
"ME_F_3",0.002062441
"ME_F_3",0.002043445
"ME_F_3",0.002016217
"ME_F_3",-0.0004912443
"ME_F_3",-0.0003103556
"ME_F_3",-0.0003573444
"ME_F_3",-7.842534E-05
"ME_F_3",-3.80656E-05
"ME_F_3",-9.984878E-05
"ME_F_3",-0.0002743821
"ME_F_3",-0.0001959566
"ME_F_3",6.078565E-05
"ME_F_3",0.000357176
"ME_F_3",0.0003005962
"ME_F_3",-0.000201538
"ME_F_3",-0.0006528295
"ME_F_3",-0.001165587
"ME_F_3",-0.001763118
"ME_F_3",-0.001934825
"ME_F_3",-0.001456334
"ME_F_3",-0.0008899255
"ME_F_3",-0.0006156251
"ME_F_3",-0.0006558081
"ME_F_3",-0.0006663883
"ME_F_3",-0.0007105689
"ME_F_3",-0.0006665814
"ME_F_3",-0.0009799057
"ME_F_3",-0.001265534
"ME_F_3",-0.001280325
"ME_F_3",-0.001020397
"ME_F_3",-0.0009668355
"ME_F_3",-0.000785739
"ME_F_3",-0.0005451546
"ME_F_3",-0.0004101226
"ME_F_3",-0.0001672074
"ME_F_3",-0.0002837949
"ME_F_3",-0.0003917621
"ME_F_3",-0.0003175369
"ME_F_3",-0.0002396849
"ME_F_3",7.077371E-05
"ME_F_3",3.207615E-05
"ME_F_3",-9.762781E-05
"ME_F_3",-0.0006580727
"ME_F_3",-0.0009021179
"ME_F_3",-0.0007786045
"ME_F_3",-0.001121606
"ME_F_3",-0.00106089
"ME_F_3",-0.001021807
"ME_F_3",-0.0007943385
"ME_F_3",-0.0007399189
"ME_F_3",-0.001311103
"ME_F_3",-0.001119133
"ME_F_3",-0.0001568501
"ME_F_3",0.003398709
"ME_F_3",0.00519107
"ME_F_3",0.00612381
"ME_F_3",0.006348964
"ME_F_3",0.006312023
"ME_F_3",0.005580578
"ME_F_3",0.004735729
"ME_F_3",0.003591472
"ME_F_3",0.002631609
"ME_F_3",0.0009839535
"ME_F_3",-0.0002947771
"ME_F_3",-0.001941344
"ME_F_3",-0.002738663
"ME_F_3",-0.003607746
"ME_F_3",-0.00392498
"ME_F_3",-0.003830445
"ME_F_3",-0.003829358
"ME_F_3",-0.004052049
"ME_F_3",-0.004445191
"ME_F_3",-0.004524411
"ME_F_3",-0.004485284
"ME_F_3",-0.004119561
"ME_F_3",-0.003713973
"ME_F_3",-0.0002103462
"ME_F_3",0.0001364289
"ME_F_3",0.000562666
"ME_F_3",0.0004696557
"ME_F_3",-7.75494E-05
"ME_F_3",-0.0005254917
"ME_F_3",-0.0004183023
"ME_F_3",-0.000436694
"ME_F_3",-0.00120689
"ME_F_3",-0.001582808
"ME_F_3",-0.002024943
"ME_F_3",-0.002269096
"ME_F_3",-0.002138207
"ME_F_3",-0.002200293
"ME_F_3",-0.002231116
"ME_F_3",-0.002394379
"ME_F_3",-0.002457723
"ME_F_3",-0.002448866
"ME_F_3",-0.002407075
"ME_F_3",-0.002381342
"ME_F_3",-0.002497272
"ME_F_3",-0.002187072
"ME_F_3",-0.002255747
"ME_F_3",-0.00222706
"ME_F_3",-0.002190584
"ME_F_3",-0.002375328
"ME_F_3",-0.002340585
"ME_F_3",-0.002124398
"ME_F_3",-0.001257285
"ME_F_3",-0.0007476906
"ME_F_3",-0.000319277
"ME_F_3",-0.0001560459
"ME_F_3",-4.755193E-05
"ME_F_3",-5.197158E-05
"ME_F_3",-0.0002092769
"ME_F_3",0.0002072642
"ME_F_3",0.0008360419
"ME_F_3",0.001312749
"ME_F_3",0.00123927
"ME_F_3",0.0009932229
"ME_F_3",0.000685889
"ME_F_3",0.0004272924
"ME_F_3",-0.0003290961
"ME_F_3",-0.001702493
"ME_F_3",-0.002605183
"ME_F_3",-0.003050227
"ME_F_3",-0.003261308
"ME_F_3",-0.003376365
"ME_F_3",-0.003010595
"ME_F_3",-0.002798061
"ME_F_3",-0.002854754
"ME_F_3",-0.002740481
"ME_F_3",-0.002417201
"ME_F_3",-0.002209058
"ME_F_3",-0.00191496
"ME_F_3",-0.001625155
"ME_F_3",-0.001476602
"ME_F_3",-0.001121802
"ME_F_3",-0.0006994518
"ME_F_3",-0.0004441564
"ME_F_3",5.985156E-05
"ME_F_3",0.0002483255
"ME_F_3",0.0007341352
"ME_F_3",0.000836115
"ME_F_3",0.0006866115
"ME_F_3",0.0004242344
"ME_F_3",0.0002794001
"ME_F_3",-0.0002193174
"ME_F_3",-0.0007126441
"ME_F_3",-0.0008888707
"ME_F_3",-0.001201745
"ME_F_3",-0.001932207
"ME_F_3",-0.00202298
"ME_F_3",0.001253073
"ME_F_3",0.0009596351
"ME_F_3",0.00111812
"ME_F_3",0.001023528
"ME_F_3",0.0007340539
"ME_F_3",0.0005140852
"ME_F_3",0.0001428648
"ME_F_3",0.0001604647
"ME_F_3",0.0002168404
"ME_F_3",0.0004383607
"ME_F_3",1.441402E-05
"ME_F_3",0.0001641667
"ME_F_3",0.0001081381
"ME_F_3",0.0001308364
"ME_F_3",-0.0003288889
"ME_F_3",-0.0002756933
"ME_F_3",0.0001123751
"ME_F_3",0.0004173244
"ME_F_3",0.0006696098
"ME_F_3",0.0007756046
"ME_F_3",0.0007533357
"ME_F_3",0.0005911585
"ME_F_3",0.0005451409
"ME_F_3",0.0007078301
"ME_F_3",0.0003094627
"ME_F_3",-0.001490479
"ME_F_3",-0.00276033
"ME_F_3",-0.003569947
"ME_F_3",-0.003813706
"ME_F_3",-0.003616282
"ME_F_3",-0.003753033
"ME_F_3",-0.004052871
"ME_F_3",-0.004378317
"ME_F_3",-0.004807772
"ME_F_3",-0.00414325
"ME_F_3",-0.003843991
"ME_F_3",-0.003268769
"ME_F_3",-0.002266907
"ME_F_3",-0.001878957
"ME_F_3",-0.0008802619
"ME_F_3",-0.000533689
"ME_F_3",-0.000460143
"ME_F_3",-0.00072288
"ME_F_3",-0.0007634916
"ME_F_3",-0.0005680842
"ME_F_3",-0.0008306417
"ME_F_3",-0.00114845
"ME_F_3",-0.001022798
"ME_F_3",-0.001026736
"ME_F_3",-0.0009673609
"ME_F_3",-0.000908973
"ME_F_3",-0.001236287
"ME_F_3",-0.00119258
"ME_F_3",-5.62449E-06
"ME_F_3",0.000264741
"ME_F_3",0.0001427464
"ME_F_3",-9.811576E-05
"ME_F_3",-0.0002116057
"ME_F_3",-8.033303E-05
"ME_F_3",-0.0004697635
"ME_F_3",-0.0009502171
"ME_F_3",-0.001435817
"ME_F_3",-0.002177853
"ME_F_3",-0.002338472
"ME_F_3",-0.002178433
"ME_F_3",-0.001891975
"ME_F_3",-0.00146464
"ME_F_3",-0.001063472
"ME_F_3",-0.0008760414
"ME_F_3",-0.0004300318
"ME_F_3",-0.0001651942
"ME_F_3",4.420136E-05
"ME_F_3",-0.0003777351
"ME_F_3",-0.0007212161
"ME_F_3",-0.0007100442
"ME_F_3",-0.0005017803
"ME_F_3",-0.0004012219
"ME_F_3",-0.0002145316
"ME_F_3",2.661371E-06
"ME_F_3",2.02897E-05
"ME_F_3",-2.768563E-05
"ME_F_3",4.001908E-05
"ME_F_3",0.0001370803
"ME_F_3",0.0002623654
"ME_F_3",0.0004315268
"ME_F_3",0.0007273583
"ME_F_3",0.0009029609
"ME_F_3",0.0008416567
"ME_F_3",0.0009870336
"ME_F_3",0.0007703704
"ME_F_3",0.0004739242
"ME_F_3",0.0006372101
"ME_F_3",0.0009633724
"ME_F_3",0.0009322129
"ME_F_3",5.976832E-05
"ME_F_3",-0.00021859
"ME_F_3",-0.0001575796
"ME_F_3",0.0003618105
"ME_F_3",0.0004033948
"ME_F_3",0.0004888253
"ME_F_3",-6.192247E-05
"ME_F_3",-0.0005380707
"ME_F_3",-0.0009635508
"ME_F_3",-0.001238791
"ME_F_3",-0.001745605
"ME_F_3",-0.002125737
"ME_F_3",-0.002701377
"ME_F_3",-0.002536767
"ME_F_3",-0.001997525
"ME_F_3",-0.001513266
"ME_F_3",-0.001281341
"ME_F_3",-0.0008026609
"ME_F_3",1.107866E-06
"ME_F_3",0.0004612098
"ME_F_3",0.0001935831
"ME_F_3",-0.0001320812
"ME_F_3",-0.0001392298
"ME_F_3",0.0003328208
"ME_F_3",0.0008107515
"ME_F_3",0.0007040674
"ME_F_3",0.0003013862
"ME_F_3",-0.0005038598
"ME_F_3",-0.000720663
"ME_F_3",-0.0009306596
"ME_F_3",-0.001456306
"ME_F_3",-0.001582603
"ME_F_3",-0.001318997
"ME_F_3",-0.00156225
"ME_F_3",-0.001695163
"ME_F_3",-0.001035138
"ME_F_3",0.0002797581
"ME_F_3",0.0009486667
"ME_F_3",0.00111132
"ME_F_3",0.001218064
"ME_F_3",0.0009266665
"ME_F_3",0.0004727264
"ME_F_3",-1.961581E-05
"ME_F_3",-0.0005684452
"ME_F_3",-0.0009871401
"ME_F_3",-0.001054807
"ME_F_3",-0.001289377
"ME_F_3",-0.001188751
"ME_F_3",-0.0009671877
"ME_F_3",-0.001157678
"ME_F_3",-0.001093184
"ME_F_3",0.000341028
"ME_F_3",0.0004412982
"ME_F_3",0.0004981835
"ME_F_3",0.0004275636
"ME_F_3",0.0002185395
"ME_F_3",-0.0001276054
"ME_F_3",-0.0001021754
"ME_F_3",-0.0001118249
"ME_F_3",3.070352E-06
"ME_F_3",-0.000410316
"ME_F_3",-0.0005092947
"ME_F_3",-0.0005935826
"ME_F_3",-0.000559672
"ME_F_3",-0.0004722565
"ME_F_3",-0.0002353257
"ME_F_3",-0.0003578187
"ME_F_3",-0.0002672129
"ME_F_3",-0.0002308036
"ME_F_3",-0.0003700283
"ME_F_3",-0.0004359291
"ME_F_3",-0.0001489698
"ME_F_3",-0.0002165217
"ME_F_3",9.827421E-05
"ME_F_3",0.0002170061
"ME_F_3",0.0004762509
"ME_F_3",0.0005499072
"ME_F_3",9.913393E-05
"ME_F_3",0.0001587976
"ME_F_3",-0.0001268475
"ME_F_3",-4.264817E-06
"ME_F_3",0.0002795607
"ME_F_3",0.0008293428
"ME_F_3",0.0008096293
"ME_F_3",0.001138579
"ME_F_3",0.0005157201
"ME_F_3",0.0001531326
"ME_F_3",-5.914003E-05
"ME_F_3",-0.001180516
"ME_F_3",-0.001296627
"ME_F_3",-0.0012795
"ME_F_3",-0.001304247
"ME_F_3",-0.001447016
"ME_F_3",-0.001335629
"ME_F_3",-0.001337054
"ME_F_3",-0.001170391
"ME_F_3",-0.001224902
"ME_F_3",-0.0007799937
"ME_F_3",-0.0006455088
"ME_F_3",-0.0008113004
"ME_F_3",-0.0008426218
"ME_F_3",-0.001159481
"ME_F_3",-0.001331404
"ME_F_3",-0.001351828
"ME_F_3",-0.001682214
"ME_F_3",-0.001941834
"ME_F_3",-0.001954176
"ME_F_3",-0.00222236
"ME_F_3",-0.00152247
"ME_F_3",-0.001393204
"ME_F_3",-0.001659774
"ME_F_3",-0.001952133
"ME_F_3",-0.00228643
"ME_F_3",-0.001109646
"ME_F_3",-0.0007010959
"ME_F_3",-0.0002133017
"ME_F_3",-0.000207699
"ME_F_3",-0.0004212538
"ME_F_3",-0.0003230887
"ME_F_3",-0.0002658468
"ME_F_3",-0.0004556866
"ME_F_3",-0.0004124448
"ME_F_3",-0.0004368243
"ME_F_3",-0.0001527196
"ME_F_3",-0.0001324456
"ME_F_3",-0.000330525
"ME_F_3",-0.0005610591
"ME_F_3",-0.0005877106
"ME_F_3",-0.0003857395
"ME_F_3",-0.0001232763
"ME_F_3",-0.0001623307
"ME_F_3",-0.0003101749
"ME_F_3",-0.0002631431
"ME_F_3",-4.911033E-05
"ME_F_3",0.0005756307
"ME_F_3",0.0008910153
"ME_F_3",0.00091381
"ME_F_3",0.0003326337
"ME_F_3",-0.0001174701
"ME_F_3",-0.0004582177
"ME_F_3",-0.0005856968
"ME_F_3",-0.0008257184
"ME_F_3",4.076952E-06
"ME_F_3",-0.0002764309
"ME_F_3",-0.001028951
"ME_F_3",-0.002098226
"ME_F_3",-0.002698671
"ME_F_3",-0.002528463
"ME_F_3",-0.002221503
"ME_F_3",-0.001932789
"ME_F_3",-0.002275561
"ME_F_3",-0.002612418
"ME_F_3",-0.002834534
"ME_F_3",-0.003112913
"ME_F_3",-0.002370441
"ME_F_3",-0.002258984
"ME_F_3",-0.001940918
"ME_F_3",-0.001404034
"ME_F_3",-0.0001492172
"ME_F_3",-0.0002488014
"ME_F_3",4.233851E-05
"ME_F_3",0.000616851
"ME_F_3",0.001067211
"ME_F_3",0.0007628568
"ME_F_3",0.0002587103
"ME_F_3",-0.0002009062
"ME_F_3",-0.00060839
"ME_F_3",-0.0005877442
"ME_F_3",0.0002823832
"ME_F_3",0.0002753544
"ME_F_3",-0.0004668206
"ME_F_3",-0.0008799117
"ME_F_3",-0.001220839
"ME_F_3",-0.001619444
"ME_F_3",-0.00251327
"ME_F_3",-0.003060719
"ME_F_3",-0.003169163
"ME_F_3",-0.003186313
"ME_F_3",-0.003425629
"ME_F_3",-0.004035417
"ME_F_3",-0.005108808
"ME_F_3",-0.005503053
"ME_F_3",-0.005889704
"ME_F_3",-0.005580658
"ME_F_3",-0.004834791
"ME_F_3",-0.003823598
"ME_F_3",-0.00244726
"ME_F_3",-0.00171741
"ME_F_3",-0.000583398
"ME_F_3",0.0003098052
"ME_F_3",0.00169898
"ME_F_3",0.002211143
"ME_F_3",0.002707674
"ME_F_3",0.002810237
"ME_F_3",0.003466923
"ME_F_3",0.003829456
"ME_F_3",-0.0005193271
"ME_F_3",-0.0007538954
"ME_F_3",-0.0009631389
"ME_F_3",-0.001140665
"ME_F_3",-0.001060656
"ME_F_3",-0.000765863
"ME_F_3",-0.0005193317
"ME_F_3",-0.0005526954
"ME_F_3",-0.0006632707
"ME_F_3",-0.0003258457
"ME_F_3",-0.000401598
"ME_F_3",-8.721318E-05
"ME_F_3",0.0004179645
"ME_F_3",0.0006693843
"ME_F_3",0.001099588
"ME_F_3",0.001737863
"ME_F_3",0.001866394
"ME_F_3",0.001833953
"ME_F_3",0.001403199
"ME_F_3",0.001062718
"ME_F_3",0.0004376307
"ME_F_3",-0.0003262659
"ME_F_3",-0.0008222519
"ME_F_3",-0.001015943
"ME_F_3",-0.0007046378
"ME_F_3",-0.000384108
"ME_F_3",-0.0008984238
"ME_F_3",-0.001613139
"ME_F_3",-0.001882443
"ME_F_3",-0.00200136
"ME_F_3",-0.001811457
"ME_F_3",-0.00125746
"ME_F_3",-0.00110309
"ME_F_3",-0.0008866037
"ME_F_3",-0.0005493308
"ME_F_3",-0.0003944713
"ME_F_3",-0.0003636387
"ME_F_3",-0.0005694413
"ME_F_3",-0.0006971793
"ME_F_3",-0.0006259137
"ME_F_3",-0.0006328326
"ME_F_3",-0.00143309
"ME_F_3",-0.001847946
"ME_F_3",-0.002073484
"ME_F_3",-0.003061731
"ME_F_3",-0.003435776
"ME_F_3",-0.003398702
"ME_F_3",-0.002594027
"ME_F_3",-0.001768872
"ME_F_3",-0.000834924
"ME_F_3",-0.0005943697
"ME_F_3",-0.0004851444
"ME_F_3",-0.0005732137
"ME_F_3",-0.0009432702
"ME_F_3",-0.00116299
"ME_F_3",-0.001233981
"ME_F_3",-0.0007776648
"ME_F_3",-0.0007728511
"ME_F_3",-0.0009850084
"ME_F_3",-0.001320201
"ME_F_3",-0.001785957
"ME_F_3",-0.002171942
"ME_F_3",-0.001940136
"ME_F_3",-0.00170516
"ME_F_3",-0.001172388
"ME_F_3",-0.0008184167
"ME_F_3",-0.0004350072
"ME_F_3",-0.0004823724
"ME_F_3",9.79886E-05
"ME_F_3",0.0004832426
"ME_F_3",0.0007202711
"ME_F_3",0.0008205674
"ME_F_3",0.0008560676
"ME_F_3",0.0006203278
"ME_F_3",0.0007451799
"ME_F_3",0.0003465839
"ME_F_3",0.0004283304
"ME_F_3",0.0001533439
"ME_F_3",-2.982153E-05
"ME_F_3",-5.493092E-05
"ME_F_3",-0.0003880935
"ME_F_3",-0.0005392904
"ME_F_3",-0.0009699114
"ME_F_3",-0.001096376
"ME_F_3",-0.001446485
"ME_F_3",-0.001482485
"ME_F_3",-0.001553844
"ME_F_3",-0.001160943
"ME_F_3",-0.0004705493
"ME_F_3",-0.0004876821
"ME_F_3",-0.0005039778
"ME_F_3",-2.230424E-05
"ME_F_3",0.0003049696
"ME_F_3",-0.0006552428
"ME_F_3",-0.001226066
"ME_F_3",-0.0008622818
"ME_F_3",0.0007512441
"ME_F_3",0.0003185218
"ME_F_3",-0.0008977522
"ME_F_3",-0.0005990869
"ME_F_3",-3.022095E-05
"ME_F_3",-0.0002840658
"ME_F_3",-0.0007383082
"ME_F_3",-0.001046196
"ME_F_3",-0.001395501
"ME_F_3",-0.002045453
"ME_F_3",-0.00243965
"ME_F_3",-0.002600017
"ME_F_3",-0.002568204
"ME_F_3",-0.003119437
"ME_F_3",-0.003510139
"ME_F_3",-0.003213032
"ME_F_3",-0.001250543
"ME_F_3",-0.0004285728
"ME_F_3",0.0002529327
"ME_F_3",0.0004208066
"ME_F_3",0.0002574686
"ME_F_3",-2.278227E-05
"ME_F_3",-6.401198E-06
"ME_F_3",1.037255E-05
"ME_F_3",-0.0002127668
"ME_F_3",-5.900275E-05
"ME_F_3",-0.0001529717
"ME_F_3",-0.0004612749
"ME_F_3",-0.0009573274
"ME_F_3",-0.001291177
"ME_F_3",-0.001649706
"ME_F_3",-0.002259994
"ME_F_3",-0.003121384
"ME_F_3",-0.003276716
"ME_F_3",-0.003416765
"ME_F_3",-0.002443572
"ME_F_3",-0.0006392359
"ME_F_3",-6.087415E-05
"ME_F_3",0.0002747398
"ME_F_3",0.0003202853
"ME_F_3",0.0007448661
"ME_F_3",0.001062953
"ME_F_3",0.001278972
"ME_F_3",0.0006015894
"ME_F_3",0.0002127945
"ME_F_3",2.845639E-05
"ME_F_3",-0.0005771131
"ME_F_3",-0.001365638
"ME_F_3",-0.002167869
"ME_F_3",-0.00243158
"ME_F_3",-0.0003795881
"ME_F_3",-0.0008803813
"ME_F_3",-0.0008823093
"ME_F_3",-0.001160964
"ME_F_3",-0.001273473
"ME_F_3",-0.001228234
"ME_F_3",-0.001008189
"ME_F_3",-0.0005199854
"ME_F_3",-0.0002256713
"ME_F_3",-0.0001819996
"ME_F_3",-0.0002678771
"ME_F_3",-0.0004824851
"ME_F_3",-0.0005650124
"ME_F_3",-0.0007650566
"ME_F_3",-0.0007225327
"ME_F_3",-0.0007381142
"ME_F_3",-0.0005784822
"ME_F_3",-0.0006361119
"ME_F_3",-0.0007336061
"ME_F_3",-0.0005068469
"ME_F_3",-0.000218257
"ME_F_3",-9.758933E-05
"ME_F_3",0.000284998
"ME_F_3",0.0004285689
"ME_F_3",0.0002194953
"ME_F_3",0.0002088268
"ME_F_3",0.0002969312
"ME_F_3",0.000393727
"ME_F_3",0.0004903475
"ME_F_3",0.0005439549
"ME_F_3",0.0001049974
"ME_F_3",-0.0001818286
"ME_F_3",-0.000558531
"ME_F_3",-0.0008657922
"ME_F_3",-0.0003947947
"ME_F_3",-0.0003486878
"ME_F_3",-0.001431274
"ME_F_3",-0.002766083
"ME_F_3",-0.003914107
"ME_F_3",-0.004286852
"ME_F_3",-0.004204478
"ME_F_3",-0.003971574
"ME_F_3",-0.003911623
"ME_F_3",-0.003850408
"ME_F_3",-0.003137812
"ME_F_3",-0.002698335
"ME_F_3",-0.001865559
"ME_F_3",-0.001517396
"ME_F_3",-0.00122453
"ME_F_3",-0.0008599275
"ME_F_3",-0.0003385516
"ME_F_3",-1.138367E-05
"ME_F_3",0.0004611471
"ME_F_3",0.0006040935
"ME_F_3",0.0006064866
"ME_F_3",0.0006451517
"ME_F_3",0.000149215
"ME_F_3",-0.0002662646
"ME_F_3",-0.0008893229
"ME_F_3",-0.001359233
"ME_F_3",-0.001666828
"ME_F_3",-0.001405505
"ME_F_3",-0.001080721
"ME_F_3",-0.001226534
"ME_F_3",-0.001639901
"ME_F_3",-0.001569989
"ME_F_3",-0.002057592
"ME_F_3",-0.002382485
"ME_F_3",-0.00301573
"ME_F_3",-0.00332599
"ME_F_3",-0.004066603
"ME_F_3",-0.004325082
"ME_F_3",-0.00466213
"ME_F_4",0.000549941
"ME_F_4",0.001247887
"ME_F_4",0.001854416
"ME_F_4",0.002010818
"ME_F_4",0.00177442
"ME_F_4",0.001673429
"ME_F_4",0.002403308
"ME_F_4",0.004361722
"ME_F_4",0.004922963
"ME_F_4",0.005456264
"ME_F_4",0.006315556
"ME_F_4",0.007164177
"ME_F_4",0.007257267
"ME_F_4",0.006870947
"ME_F_4",0.006833918
"ME_F_4",0.005484591
"ME_F_4",0.004604876
"ME_F_4",0.003705232
"ME_F_4",0.003117644
"ME_F_4",0.000561464
"ME_F_4",-0.00190002
"ME_F_4",-0.004645138
"ME_F_4",-0.005157325
"ME_F_4",-0.005297182
"ME_F_4",-0.00545479
"ME_F_4",-0.005653688
"ME_F_4",-0.006106772
"ME_F_4",-0.006442473
"ME_F_4",-0.005921841
"ME_F_4",-0.004937416
"ME_F_4",-0.003762956
"ME_F_4",-0.002079257
"ME_F_4",-0.001366386
"ME_F_4",-0.0005185332
"ME_F_4",-0.0002129829
"ME_F_4",0.000670747
"ME_F_4",0.001301587
"ME_F_4",0.002602503
"ME_F_4",0.00318411
"ME_F_4",0.004371949
"ME_F_4",0.005372681
"ME_F_4",0.006808847
"ME_F_4",0.007157335
"ME_F_4",0.007537265
"ME_F_4",0.007492254
"ME_F_4",0.007523179
"ME_F_4",0.007466306
"ME_F_4",0.007922595
"ME_F_4",0.008620646
"ME_F_4",0.009381118
"ME_F_4",0.009621782
"ME_F_4",0.009905495
"ME_F_4",0.00931686
"ME_F_4",0.007454801
"ME_F_4",0.006275972
"ME_F_4",0.003896257
"ME_F_4",0.001983371
"ME_F_4",0.0004296864
"ME_F_4",-0.001098669
"ME_F_4",-0.002349393
"ME_F_4",-0.002805092
"ME_F_4",-0.002780885
"ME_F_4",-0.00244755
"ME_F_4",-0.002408154
"ME_F_4",-0.002379696
"ME_F_4",-0.002160191
"ME_F_4",-0.00158363
"ME_F_4",-0.0007949339
"ME_F_4",8.83473E-06
"ME_F_4",0.0007156851
"ME_F_4",0.001297957
"ME_F_4",0.0009477511
"ME_F_4",0.0005566876
"ME_F_4",-0.002987449
"ME_F_4",-0.002575644
"ME_F_4",-0.002148536
"ME_F_4",-0.002123659
"ME_F_4",-0.002095504
"ME_F_4",-0.002274373
"ME_F_4",-0.002254948
"ME_F_4",-0.002301133
"ME_F_4",-0.002286491
"ME_F_4",-0.00203384
"ME_F_4",-0.002002241
"ME_F_4",-0.002042254
"ME_F_4",-0.002045501
"ME_F_4",-0.002051041
"ME_F_4",-0.002218642
"ME_F_4",-0.002423243
"ME_F_4",-0.003251807
"ME_F_4",-0.003128502
"ME_F_4",-0.002624088
"ME_F_4",-0.001823932
"ME_F_4",-0.001104042
"ME_F_4",-0.001599605
"ME_F_4",-0.002095595
"ME_F_4",-0.001824867
"ME_F_4",-0.001104899
"ME_F_4",-0.0008954293
"ME_F_4",-0.0009730128
"ME_F_4",-0.0006356512
"ME_F_4",-0.0002659647
"ME_F_4",0.0006070028
"ME_F_4",0.001784512
"ME_F_4",0.001707037
"ME_F_4",0.0008017743
"ME_F_4",0.0004405137
"ME_F_4",0.0002054308
"ME_F_4",0.0004999895
"ME_F_4",0.0006281331
"ME_F_4",0.0007335063
"ME_F_4",0.000989804
"ME_F_4",0.00100324
"ME_F_4",0.002165316
"ME_F_4",0.002903162
"ME_F_4",0.004359514
"ME_F_4",0.005542329
"ME_F_4",0.006707512
"ME_F_4",0.006602881
"ME_F_4",0.006230466
"ME_F_4",0.004932779
"ME_F_4",0.004104
"ME_F_4",0.004092495
"ME_F_4",0.004060247
"ME_F_4",0.003809999
"ME_F_4",0.002482424
"ME_F_4",0.002029579
"ME_F_4",0.002283487
"ME_F_4",0.003798265
"ME_F_4",0.005690383
"ME_F_4",0.006206258
"ME_F_4",0.006638321
"ME_F_4",0.006224914
"ME_F_4",0.004955065
"ME_F_4",0.004328756
"ME_F_4",0.003705258
"ME_F_4",0.003276911
"ME_F_4",0.003253763
"ME_F_4",0.003285994
"ME_F_4",0.003145405
"ME_F_4",0.002338473
"ME_F_4",0.0004817649
"ME_F_4",-0.0008955968
"ME_F_4",-0.002160029
"ME_F_4",-0.004128359
"ME_F_4",-0.005889027
"ME_F_4",-0.005292537
"ME_F_4",-0.004028221
"ME_F_4",-0.003533302
"ME_F_4",-0.00312434
"ME_F_4",-0.002941519
"ME_F_4",-0.003279183
"ME_F_4",-0.002919779
"ME_F_4",-0.002615963
"ME_F_4",-0.002181581
"ME_F_4",-0.001447579
"ME_F_4",-0.001635151
"ME_F_4",-0.001783511
"ME_F_4",-0.001851495
"ME_F_4",-0.001713426
"ME_F_4",-0.001760685
"ME_F_4",-0.001846485
"ME_F_4",-0.002142808
"ME_F_4",-0.002869821
"ME_F_4",-0.003329763
"ME_F_4",-0.004080961
"ME_F_4",-0.004975285
"ME_F_4",-0.005589261
"ME_F_4",-0.006115199
"ME_F_4",-0.006548439
"ME_F_4",-0.007545714
"ME_F_4",-0.009112746
"ME_F_4",-0.009891173
"ME_F_4",-0.01100593
"ME_F_4",-0.01283446
"ME_F_4",-0.01584099
"ME_F_4",-0.017014
"ME_F_4",-0.01795244
"ME_F_4",-0.01992887
"ME_F_4",-0.02175868
"ME_F_4",-0.02220526
"ME_F_4",-0.02228814
"ME_F_4",-0.02208371
"ME_F_4",-0.01974818
"ME_F_4",-0.01880188
"ME_F_4",-0.01825557
"ME_F_4",-0.01740635
"ME_F_4",-0.01297219
"ME_F_4",-0.009965161
"ME_F_4",-0.005598949
"ME_F_4",-0.0007289906
"ME_F_4",0.003525591
"ME_F_4",0.00461481
"ME_F_4",0.005752396
"ME_F_4",0.00693202
"ME_F_4",0.008075823
"ME_F_4",0.007871507
"ME_F_4",0.007274797
"ME_F_4",0.005918326
"ME_F_4",0.003724773
"ME_F_4",0.00262705
"ME_F_4",0.001873914
"ME_F_4",0.0009537439
"ME_F_4",0.001154491
"ME_F_4",0.001130926
"ME_F_4",0.00143261
"ME_F_4",0.001805605
"ME_F_4",0.003365234
"ME_F_4",0.003665223
"ME_F_4",0.00407547
"ME_F_4",0.003925608
"ME_F_4",0.003580769
"ME_F_4",0.003290414
"ME_F_4",0.003044445
"ME_F_4",0.002606349
"ME_F_4",0.001219481
"ME_F_4",0.0004633344
"ME_F_4",-0.0007939013
"ME_F_4",-0.0005107176
"ME_F_4",-0.0005045676
"ME_F_4",-0.0005888386
"ME_F_4",-0.0007923445
"ME_F_4",-0.001037925
"ME_F_4",-0.00139396
"ME_F_4",-0.001286409
"ME_F_4",-0.001025082
"ME_F_4",-0.000629933
"ME_F_4",-0.000561184
"ME_F_4",-0.0004020746
"ME_F_4",-3.988942E-05
"ME_F_4",0.00029235
"ME_F_4",0.0001157232
"ME_F_4",-0.0002871564
"ME_F_4",-0.0001465631
"ME_F_4",2.669636E-06
"ME_F_4",0.0009240182
"ME_F_4",0.001120173
"ME_F_4",0.001242754
"ME_F_4",0.001773035
"ME_F_4",0.00207037
"ME_F_4",0.003248728
"ME_F_4",0.003748565
"ME_F_4",0.0040303
"ME_F_4",0.003860918
"ME_F_4",0.003935016
"ME_F_4",0.005134632
"ME_F_4",0.006427247
"ME_F_4",0.007441563
"ME_F_4",0.008406784
"ME_F_4",0.00889405
"ME_F_4",0.00919825
"ME_F_4",0.008984614
"ME_F_4",0.006988283
"ME_F_4",0.005558047
"ME_F_4",0.003910965
"ME_F_4",0.002058692
"ME_F_4",0.0006973715
"ME_F_4",0.0002775475
"ME_F_4",-0.00085887
"ME_F_4",-0.0019608
"ME_F_4",-0.002628574
"ME_F_4",-0.003053072
"ME_F_4",-0.002534788
"ME_F_4",-0.002783742
"ME_F_4",-0.003473152
"ME_F_4",-0.003800239
"ME_F_4",-0.004324146
"ME_F_4",-0.004557661
"ME_F_4",-0.004422901
"ME_F_4",-0.004532792
"ME_F_4",-0.004788687
"ME_F_4",-0.005705878
"ME_F_4",-0.005949695
"ME_F_4",-0.005792087
"ME_F_4",-0.004977696
"ME_F_4",-0.004249732
"ME_F_4",-0.003180881
"ME_F_4",-0.002069198
"ME_F_4",-0.0007717239
"ME_F_4",0.0001186718
"ME_F_4",0.0006656823
"ME_F_4",0.0007196357
"ME_F_4",0.0008719442
"ME_F_4",0.0008897457
"ME_F_4",0.001013339
"ME_F_4",0.0008668951
"ME_F_4",0.0004152026
"ME_F_4",0.0003516207
"ME_F_4",0.0004106333
"ME_F_4",0.000416284
"ME_F_4",-0.0001413374
"ME_F_4",0.001114906
"ME_F_4",0.001030151
"ME_F_4",0.001026362
"ME_F_4",0.0009323874
"ME_F_4",0.001217563
"ME_F_4",0.001992853
"ME_F_4",0.002011002
"ME_F_4",0.001387278
"ME_F_4",0.001704928
"ME_F_4",0.003197988
"ME_F_4",0.003994148
"ME_F_4",0.004564492
"ME_F_4",0.00475195
"ME_F_4",0.005271644
"ME_F_4",0.006229009
"ME_F_4",0.007609788
"ME_F_4",0.009924731
"ME_F_4",0.01241422
"ME_F_4",0.01323164
"ME_F_4",0.01405656
"ME_F_4",0.01477928
"ME_F_4",0.01472981
"ME_F_4",0.01412255
"ME_F_4",0.01312295
"ME_F_4",0.0116445
"ME_F_4",0.009225184
"ME_F_4",0.008105568
"ME_F_4",0.006677906
"ME_F_4",0.00498748
"ME_F_4",0.004202194
"ME_F_4",0.00413233
"ME_F_4",0.004244212
"ME_F_4",0.004602971
"ME_F_4",0.005879237
"ME_F_4",0.006365005
"ME_F_4",0.007258341
"ME_F_4",0.008174746
"ME_F_4",0.008143044
"ME_F_4",0.008298216
"ME_F_4",0.009539917
"ME_F_4",0.009772718
"ME_F_4",0.007819363
"ME_F_4",0.00615254
"ME_F_4",0.004431595
"ME_F_4",0.001988316
"ME_F_4",-0.0006285531
"ME_F_4",-0.002448705
"ME_F_4",-0.003640765
"ME_F_4",-0.004486506
"ME_F_4",-0.005952151
"ME_F_4",-0.006358921
"ME_F_4",-0.006962591
"ME_F_4",-0.007558526
"ME_F_4",-0.008113213
"ME_F_4",-0.008042168
"ME_F_4",-0.007785095
"ME_F_4",-0.00717036
"ME_F_4",-0.007302632
"ME_F_4",-0.007191014
"ME_F_4",-0.006903299
"ME_F_4",-0.006487675
"ME_F_4",-0.005640879
"ME_F_4",-0.004832493
"ME_F_4",-0.004090635
"ME_F_4",-0.003688774
"ME_F_4",-0.00297793
"ME_F_4",-0.002805467
"ME_F_4",-0.002381403
"ME_F_4",-0.002028454
"ME_F_4",-0.002495942
"ME_F_4",-0.00295391
"ME_F_4",-0.003599127
"ME_F_4",-0.004468388
"ME_F_4",-0.002038634
"ME_F_4",-0.00160416
"ME_F_4",-0.0006685107
"ME_F_4",-0.0005136815
"ME_F_4",-0.0007196809
"ME_F_4",-0.001344592
"ME_F_4",-0.001341732
"ME_F_4",-0.001399916
"ME_F_4",-0.001337137
"ME_F_4",-0.001371045
"ME_F_4",-0.001514262
"ME_F_4",-0.001564486
"ME_F_4",-0.001820386
"ME_F_4",-0.001681001
"ME_F_4",-0.001541076
"ME_F_4",-0.001202993
"ME_F_4",-0.0009787619
"ME_F_4",-0.0008410217
"ME_F_4",-0.001008119
"ME_F_4",-0.0004964545
"ME_F_4",0.0004904588
"ME_F_4",0.002736151
"ME_F_4",0.003266682
"ME_F_4",0.003808388
"ME_F_4",0.003716118
"ME_F_4",0.003481654
"ME_F_4",0.003150467
"ME_F_4",0.002444548
"ME_F_4",0.001585967
"ME_F_4",-1.770357E-06
"ME_F_4",-0.001072793
"ME_F_4",-0.002083802
"ME_F_4",-0.003533193
"ME_F_4",-0.004560227
"ME_F_4",-0.004505921
"ME_F_4",-0.004418773
"ME_F_4",-0.003670996
"ME_F_4",-0.002928414
"ME_F_4",-0.002183943
"ME_F_4",-0.001571179
"ME_F_4",-0.0007161453
"ME_F_4",0.0002687229
"ME_F_4",0.001128494
"ME_F_4",0.001705678
"ME_F_4",0.001474457
"ME_F_4",0.0008472548
"ME_F_4",0.0002852464
"ME_F_4",-0.0003008724
"ME_F_4",-0.0007960472
"ME_F_4",-0.0002617383
"ME_F_4",-0.0001004217
"ME_F_4",6.093376E-05
"ME_F_4",0.000255635
"ME_F_4",0.0003663175
"ME_F_4",0.0004949506
"ME_F_4",5.377202E-06
"ME_F_4",-0.0004798646
"ME_F_4",0.0002743789
"ME_F_4",0.0007295716
"ME_F_4",0.0003716556
"ME_F_4",-0.000695097
"ME_F_4",-0.002072405
"ME_F_4",-0.002703344
"ME_F_4",-0.003579889
"ME_F_4",-0.003038053
"ME_F_4",-0.002014676
"ME_F_4",-0.00129245
"ME_F_4",-0.0003180555
"ME_F_4",0.0008723803
"ME_F_4",0.001013253
"ME_F_4",0.0009387225
"ME_F_4",0.0009487248
"ME_F_4",0.001309613
"ME_F_4",-0.0003990093
"ME_F_4",-0.0004493274
"ME_F_4",-0.0002421971
"ME_F_4",-0.000210173
"ME_F_4",-5.28901E-05
"ME_F_4",6.310409E-05
"ME_F_4",0.0004802772
"ME_F_4",0.001081026
"ME_F_4",0.001823181
"ME_F_4",0.002470018
"ME_F_4",0.003095193
"ME_F_4",0.003590914
"ME_F_4",0.004420168
"ME_F_4",0.00518599
"ME_F_4",0.006187462
"ME_F_4",0.00750444
"ME_F_4",0.009065064
"ME_F_4",0.009271858
"ME_F_4",0.009003098
"ME_F_4",0.008286567
"ME_F_4",0.008254959
"ME_F_4",0.008469298
"ME_F_4",0.008916859
"ME_F_4",0.008348892
"ME_F_4",0.007752349
"ME_F_4",0.007377043
"ME_F_4",0.006895872
"ME_F_4",0.005753249
"ME_F_4",0.005289741
"ME_F_4",0.005321455
"ME_F_4",0.005211471
"ME_F_4",0.004939435
"ME_F_4",0.003823739
"ME_F_4",0.003452231
"ME_F_4",0.003001213
"ME_F_4",0.001801173
"ME_F_4",-0.0005814009
"ME_F_4",-0.001026023
"ME_F_4",-0.0006185604
"ME_F_4",2.510694E-05
"ME_F_4",-0.0006695623
"ME_F_4",-0.001264988
"ME_F_4",-0.001951235
"ME_F_4",-0.002373839
"ME_F_4",-0.00137184
"ME_F_4",-0.0006997755
"ME_F_4",-0.0004131362
"ME_F_4",-0.0007796857
"ME_F_4",-0.001279873
"ME_F_4",-0.001328964
"ME_F_4",-0.001097898
"ME_F_4",-0.0008054724
"ME_F_4",-0.0006319416
"ME_F_4",-0.0008440825
"ME_F_4",-0.0009026327
"ME_F_4",-0.00108289
"ME_F_4",-0.0008109749
"ME_F_4",-0.0003276877
"ME_F_4",-0.0001943337
"ME_F_4",0.000416028
"ME_F_4",0.001246114
"ME_F_4",0.001622391
"ME_F_4",0.001785619
"ME_F_4",0.001478291
"ME_F_4",0.001184913
"ME_F_4",0.0007134486
"ME_F_4",0.0002040374
"ME_F_4",-0.0003483876
"ME_F_4",-0.000956943
"ME_F_4",-0.001230541
"ME_F_4",-0.001465247
"ME_F_4",-0.001830776
"ME_F_4",-0.002472217
"ME_F_4",-0.002322853
"ME_F_4",-0.00208945
"ME_F_4",-0.001940545
"ME_F_4",-0.001869027
"ME_F_4",-0.001664545
"ME_F_4",-0.001581173
"ME_F_4",-0.00135121
"ME_F_4",-0.001045833
"ME_F_4",-0.001302554
"ME_F_4",-0.001356122
"ME_F_4",-0.001635334
"ME_F_4",-0.001722574
"ME_F_4",-0.001797267
"ME_F_4",-0.001808196
"ME_F_4",-0.001994085
"ME_F_4",-0.002072672
"ME_F_4",-0.002171218
"ME_F_4",-0.001734593
"ME_F_4",-0.001450826
"ME_F_4",-0.0008910345
"ME_F_4",-0.0006503161
"ME_F_4",-5.919259E-05
"ME_F_4",0.0004942388
"ME_F_4",0.001324181
"ME_F_4",0.00163425
"ME_F_4",0.001714104
"ME_F_4",0.001758122
"ME_F_4",0.001322569
"ME_F_4",0.0009757103
"ME_F_4",0.0004513476
"ME_F_4",-3.08429E-05
"ME_F_4",-0.0007164485
"ME_F_4",-0.0008167159
"ME_F_4",-0.0009712364
"ME_F_4",-0.001111755
"ME_F_4",-0.001232421
"ME_F_4",-0.001346797
"ME_F_4",-0.001581058
"ME_F_4",-0.001701542
"ME_F_4",-0.001521084
"ME_F_4",-0.001752813
"ME_F_4",-0.001937927
"ME_F_4",-0.002310333
"ME_F_4",-0.00254326
"ME_F_4",-0.002174994
"ME_F_4",-0.0005522259
"ME_F_4",0.001473544
"ME_F_4",0.0034856
"ME_F_4",0.004010607
"ME_F_4",0.004080663
"ME_F_4",0.003239346
"ME_F_4",0.00113106
"ME_F_4",0.0003114457
"ME_F_4",-0.0007354921
"ME_F_4",-0.001867278
"ME_F_4",-0.002525526
"ME_F_4",-0.002666966
"ME_F_4",-0.002641411
"ME_F_4",-0.002292294
"ME_F_4",-0.00181125
"ME_F_4",-0.001609666
"ME_F_4",-0.001205995
"ME_F_4",-0.0009507391
"ME_F_4",-0.0008529417
"ME_F_4",-0.0007515989
"ME_F_4",-0.0008169711
"ME_F_4",-0.0019045
"ME_F_4",-0.002188703
"ME_F_4",-0.001951514
"ME_F_4",-0.001961024
"ME_F_4",-0.002242196
"ME_F_4",-0.002800291
"ME_F_4",-0.00294596
"ME_F_4",-0.001698848
"ME_F_4",-0.001254818
"ME_F_4",-0.0003942202
"ME_F_4",-0.0002468686
"ME_F_4",-0.0003392202
"ME_F_4",-0.0005781577
"ME_F_4",-0.000648915
"ME_F_4",-0.0006747314
"ME_F_4",-0.0004890146
"ME_F_4",-0.0006706493
"ME_F_4",-0.0002594619
"ME_F_4",7.612933E-05
"ME_F_4",0.0003549444
"ME_F_4",0.001514219
"ME_F_4",0.00213679
"ME_F_4",0.002652397
"ME_F_4",0.002549929
"ME_F_4",0.001918516
"ME_F_4",-0.0001248681
"ME_F_4",-0.0008638474
"ME_F_4",-0.001326694
"ME_F_4",-0.001218045
"ME_F_4",-0.0007611525
"ME_F_4",-0.0004332181
"ME_F_4",-0.0001954517
"ME_F_4",-6.497894E-05
"ME_F_4",0.0005833317
"ME_F_4",0.000718644
"ME_F_4",0.00123094
"ME_F_4",0.001775936
"ME_F_4",0.001832092
"ME_F_4",0.001457156
"ME_F_4",0.0007943538
"ME_F_4",0.0004162601
"ME_F_4",-0.0007761146
"ME_F_4",-0.001248151
"ME_F_4",-0.001491299
"ME_F_4",-0.001408819
"ME_F_4",-0.000929818
"ME_F_4",-0.0002433759
"ME_F_4",9.041966E-05
"ME_F_4",-8.917996E-05
"ME_F_4",2.881454E-06
"ME_F_4",0.0003273991
"ME_F_4",0.0006940425
"ME_F_4",0.0009057566
"ME_F_4",0.001162186
"ME_F_4",0.00168757
"ME_F_4",0.001768686
"ME_F_4",0.001803533
"ME_F_4",0.001640813
"ME_F_4",0.001565288
"ME_F_4",0.001433594
"ME_F_4",0.001267274
"ME_F_4",0.001116697
"ME_F_4",0.001189573
"ME_F_4",0.0007846537
"ME_F_4",0.0004330945
"ME_F_4",-0.0005645009
"ME_F_4",-0.000482331
"ME_F_4",-0.0006013509
"ME_F_4",-0.0003187859
"ME_F_4",-0.0004998859
"ME_F_4",-0.0009566165
"ME_F_4",-0.001245862
"ME_F_4",-0.001291098
"ME_F_4",-0.001415232
"ME_F_4",-0.001604831
"ME_F_4",-0.002069082
"ME_F_4",-0.002611307
"ME_F_4",-0.002945809
"ME_F_4",-0.00304151
"ME_F_4",-0.002844369
"ME_F_4",0.003561627
"ME_F_4",0.003936125
"ME_F_4",0.004142222
"ME_F_4",0.004907413
"ME_F_4",0.005506735
"ME_F_4",0.006081576
"ME_F_4",0.006383505
"ME_F_4",0.007089248
"ME_F_4",0.007965687
"ME_F_4",0.007859016
"ME_F_4",0.007255751
"ME_F_4",0.005772647
"ME_F_4",0.003813426
"ME_F_4",0.000718147
"ME_F_4",-0.0001582426
"ME_F_4",-0.001046305
"ME_F_4",-0.0029752
"ME_F_4",-0.004679014
"ME_F_4",-0.004795958
"ME_F_4",-0.004151752
"ME_F_4",-0.003022542
"ME_F_4",-0.002861941
"ME_F_4",-0.002886635
"ME_F_4",-0.002592209
"ME_F_4",-0.001174389
"ME_F_4",0.0004122433
"ME_F_4",0.0005572506
"ME_F_4",-0.0002730425
"ME_F_4",-0.001771692
"ME_F_4",-0.002894572
"ME_F_4",-0.002585688
"ME_F_4",-0.001930012
"ME_F_4",-0.001334919
"ME_F_4",-0.0009781718
"ME_F_4",-0.0009576979
"ME_F_4",-0.0007664001
"ME_F_4",-0.001158739
"ME_F_4",-0.001672401
"ME_F_4",-0.001501841
"ME_F_4",-0.001453812
"ME_F_4",-0.001243141
"ME_F_4",-0.0003785403
"ME_F_4",0.00030047
"ME_F_4",0.001042646
"ME_F_4",0.00186272
"ME_F_4",0.002051456
"ME_F_4",0.001837682
"ME_F_4",0.001696953
"ME_F_4",0.00156225
"ME_F_4",0.0004689681
"ME_F_4",-6.58239E-05
"ME_F_4",-0.0003155616
"ME_F_4",-0.0002384032
"ME_F_4",-0.0004636134
"ME_F_4",-0.00116561
"ME_F_4",-0.002236431
"ME_F_4",-0.003950569
"ME_F_4",-0.004676869
"ME_F_4",-0.004451626
"ME_F_4",-0.004059494
"ME_F_4",-0.003567142
"ME_F_4",-0.002468129
"ME_F_4",-0.002021113
"ME_F_4",-0.001194621
"ME_F_4",-0.0008817121
"ME_F_4",-0.0004688873
"ME_F_4",-6.852162E-05
"ME_F_4",0.0001261024
"ME_F_4",0.0006497016
"ME_F_4",0.0002312931
"ME_F_4",-0.0004703199
"ME_F_4",-0.001249158
"ME_F_4",-0.001078334
"ME_F_4",-0.000795273
"ME_F_4",-0.000967635
"ME_F_4",-0.001233133
"ME_F_4",-0.001540431
"ME_F_4",-0.001914348
"ME_F_4",-0.002083491
"ME_F_4",-0.002341052
"ME_F_4",-0.002187402
"ME_F_4",-0.00227439
"ME_F_4",-0.003438207
"ME_F_4",-0.004763627
"ME_F_4",-0.006277144
"ME_F_4",-0.006857552
"ME_F_4",-0.007313907
"ME_F_4",-0.007343439
"ME_F_4",-0.007162057
"ME_F_4",-0.006478094
"ME_F_4",-0.004929645
"ME_F_4",-0.003877007
"ME_F_4",-0.002922359
"ME_F_4",-0.002460719
"ME_F_4",-0.002323011
"ME_F_4",-0.001858583
"ME_F_4",-0.001829522
"ME_F_4",-0.00179308
"ME_F_4",-0.002028045
"ME_F_4",-0.002424078
"ME_F_4",-0.002545032
"ME_F_4",-0.002461553
"ME_F_4",-0.002573445
"ME_F_4",-0.002171364
"ME_F_4",-0.001829491
"ME_F_4",-0.001231063
"ME_F_4",-0.0002082625
"ME_F_4",0.000993007
"ME_F_4",0.001637158
"ME_F_4",0.002476157
"ME_F_4",0.002878018
"ME_F_4",0.002867012
"ME_F_4",0.002953868
"ME_F_4",0.003083368
"ME_F_4",0.003056307
"ME_F_4",0.003246963
"ME_F_4",0.003104734
"ME_F_4",0.003031837
"ME_F_4",0.002708761
"ME_F_4",0.002551223
"ME_F_4",0.002209071
"ME_F_4",0.001875172
"ME_F_4",0.001332826
"ME_F_4",0.0006620275
"ME_F_4",0.0002813442
"ME_F_4",-0.000274902
"ME_F_4",-0.0007400582
"ME_F_4",-0.001166922
"ME_F_4",-0.001010357
"ME_F_4",-0.001066401
"ME_F_4",-0.0009516882
"ME_F_4",-0.0006074816
"ME_F_4",-0.0003582086
"ME_F_4",5.586183E-05
"ME_F_4",0.0006989575
"ME_F_4",0.001121378
"ME_F_4",0.0009422289
"ME_F_4",0.0006497774
"ME_F_4",-2.662979E-06
"ME_F_4",-0.0007751727
"ME_F_4",-0.00133052
"ME_F_4",-0.001845266
"ME_F_4",-0.002479397
"ME_F_4",-0.002702863
"ME_F_4",-0.002710959
"ME_F_4",-0.002433645
"ME_F_4",-0.002840821
"ME_F_4",-0.003333563
"ME_F_4",-0.002543424
"ME_F_4",-0.001331294
"ME_F_4",-0.0005110523
"ME_F_4",8.719749E-05
"ME_F_4",0.000967874
"ME_F_4",0.001773113
"ME_F_4",0.00213081
"ME_F_4",0.002503751
"ME_F_4",0.002505909
"ME_F_4",0.002321976
"ME_F_4",0.001756395
"ME_F_4",0.001263299
"ME_F_4",0.0008283313
"ME_F_4",0.0006797868
"ME_F_4",0.0009942364
"ME_F_4",0.001320823
"ME_F_4",0.002074774
"ME_F_4",0.001966268
"ME_F_4",0.001885314
"ME_F_4",0.001715686
"ME_F_4",0.001076821
"ME_F_4",-8.463574E-05
"ME_F_4",-0.0005150728
"ME_F_4",-0.0008183352
"ME_F_4",-0.001329156
"ME_F_4",-0.001549003
"ME_F_4",-0.001824656
"ME_F_4",-0.002694031
"ME_F_4",-0.005824641
"ME_F_4",-0.01211666
"ME_F_4",-0.01407549
"ME_F_4",-0.01588544
"ME_F_4",-0.01696159
"ME_F_4",-0.01612335
"ME_F_4",-0.01552801
"ME_F_4",-0.01463062
"ME_F_4",-0.01388736
"ME_F_4",-0.01242365
"ME_F_4",-0.01128594
"ME_F_4",-0.009607947
"ME_F_4",-0.006120893
"ME_F_4",-0.003662387
"ME_F_4",-0.001111161
"ME_F_4",0.0004295707
"ME_F_4",0.001684144
"ME_F_4",0.002524362
"ME_F_4",0.002545857
"ME_F_4",0.002713949
"ME_F_4",0.002070014
"ME_F_4",0.001760009
"ME_F_4",0.001780832
"ME_F_4",0.002333785
"ME_F_4",0.003160931
"ME_F_4",0.00463154
"ME_F_4",0.005190725
"ME_F_4",0.005719787
"ME_F_4",0.006452377
"ME_F_4",0.007133214
"ME_F_4",0.007145458
"ME_F_4",0.007043725
"ME_F_4",0.006596967
"ME_F_4",0.005594157
"ME_F_4",0.004908564
"ME_F_4",0.004142796
"ME_F_4",0.002753869
"ME_F_4",0.001847186
"ME_F_4",0.001779125
"ME_F_4",0.001767125
"ME_F_4",0.001594791
"ME_F_4",0.001504054
"ME_F_4",0.000600649
"ME_M_8",0.0009586337
"ME_M_8",0.0009989757
"ME_M_8",0.0005951771
"ME_M_8",-9.676122E-05
"ME_M_8",-0.0003990097
"ME_M_8",-0.0008684086
"ME_M_8",-0.0007570219
"ME_M_8",-0.0009939835
"ME_M_8",-0.001346982
"ME_M_8",-0.001724983
"ME_M_8",-0.001943914
"ME_M_8",-0.002456061
"ME_M_8",-0.002740118
"ME_M_8",-0.00268604
"ME_M_8",-0.002187793
"ME_M_8",-0.001533985
"ME_M_8",-0.001171841
"ME_M_8",-0.0001908502
"ME_M_8",0.0005216392
"ME_M_8",0.001190836
"ME_M_8",0.001494515
"ME_M_8",0.001889722
"ME_M_8",0.002445786
"ME_M_8",0.002759163
"ME_M_8",0.003775805
"ME_M_8",0.004693812
"ME_M_8",0.004437777
"ME_M_8",0.0028859
"ME_M_8",0.001697623
"ME_M_8",-0.002268847
"ME_M_8",-0.003523044
"ME_M_8",-0.00534812
"ME_M_8",-0.00582095
"ME_M_8",-0.00688757
"ME_M_8",-0.008522576
"ME_M_8",-0.01065193
"ME_M_8",-0.01059276
"ME_M_8",-0.006964763
"ME_M_8",-0.004603914
"ME_M_8",-0.001867192
"ME_M_8",0.0005653543
"ME_M_8",0.002628047
"ME_M_8",0.004089787
"ME_M_8",0.005529447
"ME_M_8",0.00588133
"ME_M_8",0.006031766
"ME_M_8",0.004726886
"ME_M_8",0.002869432
"ME_M_8",-0.0003994231
"ME_M_8",-0.002293325
"ME_M_8",-0.001895641
"ME_M_8",-0.0006682757
"ME_M_8",0.001471279
"ME_M_8",0.00250011
"ME_M_8",0.002190472
"ME_M_8",0.001829168
"ME_M_8",0.001709336
"ME_M_8",0.001303035
"ME_M_8",0.00111199
"ME_M_8",0.00100911
"ME_M_8",0.001418506
"ME_M_8",0.001185623
"ME_M_8",0.0002893397
"ME_M_8",-0.001183024
"ME_M_8",-0.00210896
"ME_M_8",-0.003253872
"ME_M_8",-0.004733153
"ME_M_8",-0.005719799
"ME_M_8",-0.005674432
"ME_M_8",-0.004980325
"ME_M_8",-0.004780692
"ME_M_8",-0.004178923
"ME_M_8",-0.003899835
"ME_M_8",-0.00119678
"ME_M_8",-0.001162914
"ME_M_8",-0.001007791
"ME_M_8",-0.0009119581
"ME_M_8",-0.0008356913
"ME_M_8",-0.0009200527
"ME_M_8",-0.001413169
"ME_M_8",-0.001285809
"ME_M_8",-0.001006115
"ME_M_8",-0.0009156475
"ME_M_8",-0.00048887
"ME_M_8",-0.0004631389
"ME_M_8",-0.0009217459
"ME_M_8",-0.001789098
"ME_M_8",-0.003058763
"ME_M_8",-0.004690753
"ME_M_8",-0.005514736
"ME_M_8",-0.006496874
"ME_M_8",-0.006542819
"ME_M_8",-0.004821238
"ME_M_8",-0.003614715
"ME_M_8",-0.001098037
"ME_M_8",0.0005194776
"ME_M_8",0.001747473
"ME_M_8",0.002398514
"ME_M_8",0.002169177
"ME_M_8",0.002208252
"ME_M_8",0.002089902
"ME_M_8",0.001560373
"ME_M_8",1.251834E-05
"ME_M_8",-0.002200932
"ME_M_8",-0.002782303
"ME_M_8",-0.002609184
"ME_M_8",-0.001309231
"ME_M_8",-8.740789E-05
"ME_M_8",0.0007642764
"ME_M_8",0.0007788293
"ME_M_8",-6.663916E-05
"ME_M_8",-0.0002197905
"ME_M_8",-0.0005042343
"ME_M_8",-0.0006754543
"ME_M_8",-0.0006872793
"ME_M_8",-7.111429E-05
"ME_M_8",0.000167052
"ME_M_8",-0.0001699481
"ME_M_8",-0.0008684393
"ME_M_8",-0.001441698
"ME_M_8",-0.001863773
"ME_M_8",-0.001900632
"ME_M_8",-0.00199922
"ME_M_8",-0.002181768
"ME_M_8",-0.002008156
"ME_M_8",-0.00166089
"ME_M_8",-0.001626918
"ME_M_8",-0.00214039
"ME_M_8",-0.00282591
"ME_M_8",-0.002517737
"ME_M_8",-0.001304127
"ME_M_8",4.777778E-05
"ME_M_8",0.0009644632
"ME_M_8",0.001231291
"ME_M_8",0.001872217
"ME_M_8",0.002349208
"ME_M_8",0.00314088
"ME_M_8",0.003305969
"ME_M_8",0.003496277
"ME_M_8",0.0031385
"ME_M_8",0.002575106
"ME_M_8",0.0022837
"ME_M_8",0.0009832246
"ME_M_8",6.170022E-05
"ME_M_8",-0.0008192753
"ME_M_8",0.001395869
"ME_M_8",0.002266906
"ME_M_8",0.003386179
"ME_M_8",0.004112563
"ME_M_8",0.004474943
"ME_M_8",0.005211358
"ME_M_8",0.005892507
"ME_M_8",0.00503462
"ME_M_8",0.00270275
"ME_M_8",-0.001793908
"ME_M_8",-0.004694623
"ME_M_8",-0.00634031
"ME_M_8",-0.007701557
"ME_M_8",-0.009664377
"ME_M_8",-0.01261658
"ME_M_8",-0.0126257
"ME_M_8",-0.01174008
"ME_M_8",-0.007589316
"ME_M_8",-0.001423182
"ME_M_8",0.003583879
"ME_M_8",0.006181843
"ME_M_8",0.005937718
"ME_M_8",0.003679496
"ME_M_8",0.003711623
"ME_M_8",0.004214648
"ME_M_8",0.004394999
"ME_M_8",0.003695953
"ME_M_8",0.002707116
"ME_M_8",0.0006754465
"ME_M_8",-6.463239E-05
"ME_M_8",0.0002137858
"ME_M_8",0.0002432701
"ME_M_8",-0.0007055381
"ME_M_8",-0.002860937
"ME_M_8",-0.003814616
"ME_M_8",-0.00318819
"ME_M_8",-0.002014941
"ME_M_8",-0.001327161
"ME_M_8",-0.0008206376
"ME_M_8",-0.001063482
"ME_M_8",-0.002058917
"ME_M_8",-0.002414264
"ME_M_8",-0.002602273
"ME_M_8",-0.002424291
"ME_M_8",-0.002386488
"ME_M_8",-0.002821686
"ME_M_8",-0.003043501
"ME_M_8",-0.003058741
"ME_M_8",-0.002787594
"ME_M_8",-0.002442081
"ME_M_8",-0.001387605
"ME_M_8",-0.0009032875
"ME_M_8",-0.0004059215
"ME_M_8",-0.0001214618
"ME_M_8",-0.0003662045
"ME_M_8",-0.0002541384
"ME_M_8",-8.503755E-05
"ME_M_8",-6.633823E-05
"ME_M_8",-0.0003110458
"ME_M_8",-0.000374723
"ME_M_8",-0.0007129373
"ME_M_8",-0.001141886
"ME_M_8",-0.001511215
"ME_M_8",-0.001521491
"ME_M_8",-0.001454606
"ME_M_8",-0.001552949
"ME_M_8",-0.001709295
"ME_M_8",-0.002015825
"ME_M_8",-0.002354744
"ME_M_8",-0.002809918
"ME_M_8",-0.003345451
"ME_M_8",-0.0002651162
"ME_M_8",-0.0006297618
"ME_M_8",-0.0005575414
"ME_M_8",-0.00014777
"ME_M_8",3.856474E-05
"ME_M_8",0.0004695982
"ME_M_8",0.001077269
"ME_M_8",0.00155869
"ME_M_8",0.001571774
"ME_M_8",0.002049568
"ME_M_8",0.002376422
"ME_M_8",0.002664949
"ME_M_8",0.003082586
"ME_M_8",0.003221354
"ME_M_8",0.003180411
"ME_M_8",0.002899281
"ME_M_8",0.002463525
"ME_M_8",0.002206142
"ME_M_8",0.001812686
"ME_M_8",0.001821012
"ME_M_8",0.001864057
"ME_M_8",0.001602606
"ME_M_8",0.00142036
"ME_M_8",0.001068786
"ME_M_8",0.0007090435
"ME_M_8",0.0005781771
"ME_M_8",0.0007891871
"ME_M_8",0.001254556
"ME_M_8",0.001569319
"ME_M_8",0.002189938
"ME_M_8",0.003555357
"ME_M_8",0.004272436
"ME_M_8",0.005138252
"ME_M_8",0.006214404
"ME_M_8",0.007320085
"ME_M_8",0.007743481
"ME_M_8",0.008588964
"ME_M_8",0.008996436
"ME_M_8",0.008567126
"ME_M_8",0.005741902
"ME_M_8",0.002930362
"ME_M_8",-0.00105302
"ME_M_8",-0.003644309
"ME_M_8",-0.005097903
"ME_M_8",-0.007927757
"ME_M_8",-0.009988454
"ME_M_8",-0.008713767
"ME_M_8",-0.006336095
"ME_M_8",-0.004116275
"ME_M_8",-0.001529968
"ME_M_8",0.001322175
"ME_M_8",0.002520581
"ME_M_8",0.004053482
"ME_M_8",0.004740987
"ME_M_8",0.004368165
"ME_M_8",0.003131046
"ME_M_8",0.002039277
"ME_M_8",0.001443313
"ME_M_8",0.002200467
"ME_M_8",0.002715963
"ME_M_8",0.00301543
"ME_M_8",0.002669013
"ME_M_8",0.001037178
"ME_M_8",-8.507039E-05
"ME_M_8",-0.0007028421
"ME_M_8",-0.0008619421
"ME_M_8",-0.0009229324
"ME_M_8",-0.001038761
"ME_M_8",-0.001155741
"ME_M_8",-0.001332294
"ME_M_8",-0.001560259
"ME_M_8",-0.001709811
"ME_M_8",-0.001498627
"ME_M_8",0.001182526
"ME_M_8",0.0008748526
"ME_M_8",0.000847569
"ME_M_8",0.001093391
"ME_M_8",0.001264356
"ME_M_8",0.001493423
"ME_M_8",0.002083216
"ME_M_8",0.00245717
"ME_M_8",0.002646846
"ME_M_8",0.002648586
"ME_M_8",0.001924415
"ME_M_8",0.0007610436
"ME_M_8",-0.001555961
"ME_M_8",-0.002454255
"ME_M_8",-0.004736452
"ME_M_8",-0.006886503
"ME_M_8",-0.00882422
"ME_M_8",-0.008049812
"ME_M_8",-0.002809261
"ME_M_8",2.548903E-05
"ME_M_8",0.00312839
"ME_M_8",0.004280222
"ME_M_8",0.005790196
"ME_M_8",0.006248922
"ME_M_8",0.006667446
"ME_M_8",0.00828274
"ME_M_8",0.008027455
"ME_M_8",0.005427967
"ME_M_8",0.002182118
"ME_M_8",-0.0002062162
"ME_M_8",-0.0006028311
"ME_M_8",-0.0002235287
"ME_M_8",0.0001146402
"ME_M_8",0.0003653599
"ME_M_8",0.0007074453
"ME_M_8",0.0009781145
"ME_M_8",0.001165277
"ME_M_8",0.0008337179
"ME_M_8",0.0002790997
"ME_M_8",0.0003188125
"ME_M_8",0.0001094123
"ME_M_8",-0.000269708
"ME_M_8",-0.001005126
"ME_M_8",-0.001033721
"ME_M_8",-0.0009687123
"ME_M_8",-0.001134339
"ME_M_8",-0.00180855
"ME_M_8",-0.002294226
"ME_M_8",-0.002272832
"ME_M_8",-0.002190499
"ME_M_8",-0.001806328
"ME_M_8",-0.001753676
"ME_M_8",-0.00146334
"ME_M_8",-0.001566106
"ME_M_8",-0.00181905
"ME_M_8",-0.001789241
"ME_M_8",-0.002043893
"ME_M_8",-0.002131109
"ME_M_8",-0.001718748
"ME_M_8",-0.00105983
"ME_M_8",-0.0004824342
"ME_M_8",-0.000305561
"ME_M_8",-0.0003900377
"ME_M_8",-0.0003795999
"ME_M_8",-0.0002527607
"ME_M_8",-5.716691E-06
"ME_M_8",0.0005651568
"ME_M_8",0.0007977793
"ME_M_8",0.0007597398
"ME_M_8",0.0006220576
"ME_M_8",-0.0001901234
"ME_M_8",-0.0005151763
"ME_M_8",-0.000975402
"ME_M_8",0.0009585499
"ME_M_8",0.0002556622
"ME_M_8",4.607905E-05
"ME_M_8",0.0001913807
"ME_M_8",0.0003681802
"ME_M_8",0.00142587
"ME_M_8",0.002137277
"ME_M_8",0.00262285
"ME_M_8",0.003710862
"ME_M_8",0.003711205
"ME_M_8",0.003822982
"ME_M_8",0.004099708
"ME_M_8",0.005381685
"ME_M_8",0.008546165
"ME_M_8",0.009797932
"ME_M_8",0.009939499
"ME_M_8",0.007297622
"ME_M_8",0.003058368
"ME_M_8",0.001864881
"ME_M_8",0.0007998964
"ME_M_8",-0.001385654
"ME_M_8",-0.005455883
"ME_M_8",-0.007916043
"ME_M_8",-0.01000749
"ME_M_8",-0.01208288
"ME_M_8",-0.01012787
"ME_M_8",-0.008037352
"ME_M_8",-0.003975591
"ME_M_8",-8.224417E-05
"ME_M_8",0.004408077
"ME_M_8",0.006021554
"ME_M_8",0.006048597
"ME_M_8",0.005476224
"ME_M_8",0.006175011
"ME_M_8",0.006853986
"ME_M_8",0.00748106
"ME_M_8",0.00867164
"ME_M_8",0.01012399
"ME_M_8",0.01017358
"ME_M_8",0.01003326
"ME_M_8",0.009899023
"ME_M_8",0.008696921
"ME_M_8",0.005691207
"ME_M_8",0.002881452
"ME_M_8",9.060232E-05
"ME_M_8",5.654293E-05
"ME_M_8",0.001098276
"ME_M_8",0.0020285
"ME_M_8",0.002425301
"ME_M_8",0.002075525
"ME_M_8",0.001566425
"ME_M_8",0.001422484
"ME_M_8",0.001427955
"ME_M_8",0.0009852246
"ME_M_8",0.0007825457
"ME_M_8",0.0002879915
"ME_M_8",0.0002334181
"ME_M_8",0.0001188589
"ME_M_8",-0.0002329066
"ME_M_8",-0.0004290592
"ME_M_8",-0.0004512899
"ME_M_8",-0.0003716476
"ME_M_8",-0.0003070692
"ME_M_8",-0.0002835071
"ME_M_8",-0.0001605455
"ME_M_8",0.0004076741
"ME_M_8",0.001119365
"ME_M_8",0.001643097
"ME_M_8",0.001837672
"ME_M_8",0.001841029
"ME_M_8",0.001521721
"ME_M_8",0.00119122
"ME_M_8",0.0009996193
"ME_M_8",0.001623889
"ME_M_8",0.00129785
"ME_M_8",0.001004225
"ME_M_8",0.0006406598
"ME_M_8",0.0002667042
"ME_M_8",0.0004409899
"ME_M_8",0.0007245261
"ME_M_8",0.001141624
"ME_M_8",0.001483342
"ME_M_8",0.002571155
"ME_M_8",0.004120103
"ME_M_8",0.005916191
"ME_M_8",0.00636771
"ME_M_8",0.005572826
"ME_M_8",0.003444108
"ME_M_8",-0.0002981428
"ME_M_8",-0.001124121
"ME_M_8",-0.00155073
"ME_M_8",-0.003710344
"ME_M_8",-0.005675324
"ME_M_8",-0.006023936
"ME_M_8",-0.003699814
"ME_M_8",-0.00171788
"ME_M_8",-0.0006344347
"ME_M_8",-5.305728E-05
"ME_M_8",0.002566661
"ME_M_8",0.00509344
"ME_M_8",0.005192525
"ME_M_8",0.004769141
"ME_M_8",0.005127938
"ME_M_8",0.005962831
"ME_M_8",0.007316055
"ME_M_8",0.007336219
"ME_M_8",0.006144715
"ME_M_8",0.003513731
"ME_M_8",0.001512864
"ME_M_8",0.001407859
"ME_M_8",0.001395612
"ME_M_8",0.001652528
"ME_M_8",0.001286343
"ME_M_8",0.001101155
"ME_M_8",0.0005735212
"ME_M_8",-5.378295E-05
"ME_M_8",-0.001288069
"ME_M_8",-0.001558895
"ME_M_8",-0.001166312
"ME_M_8",-0.0001751028
"ME_M_8",0.0009412564
"ME_M_8",0.001011884
"ME_M_8",0.001119832
"ME_M_8",0.00107798
"ME_M_8",0.0008706274
"ME_M_8",0.0006864986
"ME_M_8",-0.000338504
"ME_M_8",-0.0007267506
"ME_M_8",-0.001252871
"ME_M_8",-0.001799731
"ME_M_8",-0.003231382
"ME_M_8",-0.003504821
"ME_M_8",-0.004095535
"ME_M_8",-0.004427608
"ME_M_8",-0.00403217
"ME_M_8",-0.003733889
"ME_M_8",-0.003251215
"ME_M_8",-0.003053918
"ME_M_8",-0.002714533
"ME_M_8",-0.00270486
"ME_M_8",-0.002836025
"ME_M_8",-0.002657483
"ME_M_8",-0.002804709
"ME_M_8",-0.00284831
"ME_M_8",-0.002874119
"ME_M_8",-0.003191331
"ME_M_8",-0.0006138408
"ME_M_8",-0.0004898682
"ME_M_8",-0.0003791433
"ME_M_8",-0.0005229879
"ME_M_8",-0.0002809142
"ME_M_8",-0.0001782578
"ME_M_8",3.149099E-05
"ME_M_8",0.0005382644
"ME_M_8",0.00189373
"ME_M_8",0.002788471
"ME_M_8",0.003525122
"ME_M_8",0.004419822
"ME_M_8",0.004838859
"ME_M_8",0.004723798
"ME_M_8",0.004558405
"ME_M_8",0.004147651
"ME_M_8",0.002329118
"ME_M_8",0.001072618
"ME_M_8",-0.000582573
"ME_M_8",-0.00223267
"ME_M_8",0.0004860684
"ME_M_8",0.002903785
"ME_M_8",0.005180632
"ME_M_8",0.008109958
"ME_M_8",0.01012989
"ME_M_8",0.009391226
"ME_M_8",0.008757425
"ME_M_8",0.008069102
"ME_M_8",0.007881585
"ME_M_8",0.007928625
"ME_M_8",0.007557197
"ME_M_8",0.006165488
"ME_M_8",0.002656827
"ME_M_8",0.001984053
"ME_M_8",0.002204409
"ME_M_8",0.002852827
"ME_M_8",0.004223536
"ME_M_8",0.004508206
"ME_M_8",0.004662948
"ME_M_8",0.004765127
"ME_M_8",0.004041512
"ME_M_8",0.003191221
"ME_M_8",0.002524491
"ME_M_8",0.001442996
"ME_M_8",6.520341E-05
"ME_M_8",-0.000572829
"ME_M_8",-0.001226967
"ME_M_8",-0.002416005
"ME_M_8",-0.003115063
"ME_M_8",-0.003025029
"ME_M_8",-0.002916784
"ME_M_8",-0.002829875
"ME_M_8",-0.002699894
"ME_M_8",-0.002660332
"ME_M_8",-0.002419326
"ME_M_8",-0.002511186
"ME_M_8",-0.002305496
"ME_M_8",-0.002217606
"ME_M_8",-0.002059212
"ME_M_8",-0.002262955
"ME_M_8",-0.002899408
"ME_M_8",-0.003311076
"ME_M_8",-0.003495351
"ME_M_8",-0.003598081
"ME_M_8",-0.00385724
"ME_M_8",-0.004184578
"ME_M_8",-0.00490888
"ME_M_8",-0.005730103
"ME_M_8",-0.006810186
"ME_M_8",-0.007166288
"ME_M_8",-0.007376354
"ME_M_8",-0.007504883
"ME_M_8",-0.008874546
"ME_M_8",-0.002582705
"ME_M_8",-0.00194683
"ME_M_8",-0.001732225
"ME_M_8",-0.001273805
"ME_M_8",-0.0005430711
"ME_M_8",0.0005351914
"ME_M_8",0.0008391924
"ME_M_8",0.0009452551
"ME_M_8",0.001010107
"ME_M_8",0.0006652281
"ME_M_8",0.000479322
"ME_M_8",0.0002537683
"ME_M_8",0.0001509873
"ME_M_8",2.411014E-05
"ME_M_8",-0.0002181832
"ME_M_8",0.0002150103
"ME_M_8",0.001027331
"ME_M_8",0.002023441
"ME_M_8",0.002982016
"ME_M_8",0.003632487
"ME_M_8",0.00443463
"ME_M_8",0.00497118
"ME_M_8",0.004317628
"ME_M_8",0.003392933
"ME_M_8",0.001063155
"ME_M_8",-0.002146102
"ME_M_8",-0.00637991
"ME_M_8",-0.009282607
"ME_M_8",-0.01030116
"ME_M_8",-0.01136783
"ME_M_8",-0.009240437
"ME_M_8",-0.006215102
"ME_M_8",-0.003655553
"ME_M_8",0.0005183507
"ME_M_8",0.002544105
"ME_M_8",0.001305262
"ME_M_8",0.0006889158
"ME_M_8",0.0007696109
"ME_M_8",0.003522143
"ME_M_8",0.00419533
"ME_M_8",0.004761886
"ME_M_8",0.005642598
"ME_M_8",0.005248216
"ME_M_8",0.00465204
"ME_M_8",0.004408941
"ME_M_8",0.004599672
"ME_M_8",0.006337609
"ME_M_8",0.005956009
"ME_M_8",0.005434027
"ME_M_8",0.004169322
"ME_M_8",0.002206983
"ME_M_8",0.001694968
"ME_M_8",0.001159362
"ME_M_8",0.001089919
"ME_M_8",0.0009208823
"ME_M_8",0.0003160762
"ME_M_8",-0.000256504
"ME_M_8",-0.0007705266
"ME_M_8",-0.00117977
"ME_M_8",-0.001380658
"ME_M_8",-0.001999626
"ME_M_8",-0.001650515
"ME_M_8",0.001041014
"ME_M_8",0.002445912
"ME_M_8",0.003504999
"ME_M_8",0.005098486
"ME_M_8",0.006371986
"ME_M_8",0.006916584
"ME_M_8",0.007196856
"ME_M_8",0.006842049
"ME_M_8",0.005835288
"ME_M_8",0.004569416
"ME_M_8",0.003118586
"ME_M_8",0.004063344
"ME_M_8",0.005440638
"ME_M_8",0.006605984
"ME_M_8",0.00751912
"ME_M_8",0.007074825
"ME_M_8",0.00470122
"ME_M_8",0.0009501251
"ME_M_8",-0.002802724
"ME_M_8",-0.003933011
"ME_M_8",-0.005217344
"ME_M_8",-0.005061596
"ME_M_8",-0.001786408
"ME_M_8",0.001351552
"ME_M_8",0.003164839
"ME_M_8",0.003081514
"ME_M_8",0.003964625
"ME_M_8",0.004907995
"ME_M_8",0.00599605
"ME_M_8",0.005946126
"ME_M_8",0.004679353
"ME_M_8",0.003778218
"ME_M_8",0.002013808
"ME_M_8",-5.272916E-06
"ME_M_8",-0.001369759
"ME_M_8",-0.001350246
"ME_M_8",-0.00107136
"ME_M_8",-0.0005962896
"ME_M_8",-0.000957047
"ME_M_8",-0.001155082
"ME_M_8",-0.001370601
"ME_M_8",-0.001565981
"ME_M_8",-0.002841777
"ME_M_8",-0.003773657
"ME_M_8",-0.006487001
"ME_M_8",-0.008082593
"ME_M_8",-0.01093386
"ME_M_8",-0.01216685
"ME_M_8",-0.01200797
"ME_M_8",-0.01111008
"ME_M_8",-0.01040955
"ME_M_8",-0.01051941
"ME_M_8",-0.009938028
"ME_M_8",-0.008980894
"ME_M_8",-0.007342067
"ME_M_8",-0.006548935
"ME_M_8",-0.005569718
"ME_M_8",-0.005138476
"ME_M_8",-0.004743854
"ME_M_8",-0.00438141
"ME_M_8",-0.003677309
"ME_M_8",-0.002953568
"ME_M_8",-0.001725543
"ME_M_8",-0.001589949
"ME_M_8",-0.001456003
"ME_M_8",-0.001657579
"ME_M_8",-0.001345002
"ME_M_8",-0.001482276
"ME_M_8",-0.001759496
"ME_M_8",-0.00276353
"ME_M_8",-0.004078105
"ME_M_8",-0.004640446
"ME_M_8",-0.004909194
"ME_M_8",-0.005214917
"ME_M_8",-0.004858869
"ME_M_8",-0.004834662
"ME_M_8",-0.004065972
"ME_M_8",-0.003595714
"ME_M_8",-0.002806153
"ME_M_8",-0.002292313
"ME_M_8",-0.001667128
"ME_M_8",-0.0010307
"ME_M_8",-0.000318897
"ME_M_8",0.005682306
"ME_M_8",0.005195176
"ME_M_8",0.004503849
"ME_M_8",0.004315598
"ME_M_8",0.003447831
"ME_M_8",0.002964759
"ME_M_8",0.003475729
"ME_M_8",0.005433275
"ME_M_8",0.007823002
"ME_M_8",0.009876821
"ME_M_8",0.01119782
"ME_M_8",0.01056296
"ME_M_8",0.009709506
"ME_M_8",0.008870889
"ME_M_8",0.007715149
"ME_M_8",0.006880452
"ME_M_8",0.004514012
"ME_M_8",0.0009806594
"ME_M_8",-0.003890544
"ME_M_8",-0.005931516
"ME_M_8",-0.006325847
"ME_M_8",-0.005877628
"ME_M_8",-0.005605708
"ME_M_8",-0.005407352
"ME_M_8",-0.005693297
"ME_M_8",-0.005696597
"ME_M_8",-0.004944919
"ME_M_8",-0.004190774
"ME_M_8",-0.002896439
"ME_M_8",-0.002634562
"ME_M_8",-0.002125703
"ME_M_8",-0.002353191
"ME_M_8",-0.002267078
"ME_M_8",-0.002530218
"ME_M_8",-0.002277132
"ME_M_8",-0.002179399
"ME_M_8",-0.00234204
"ME_M_8",-0.002345099
"ME_M_8",-0.001815493
"ME_M_8",-0.001475779
"ME_M_8",-0.001590435
"ME_M_8",-0.001941298
"ME_M_8",-0.002129694
"ME_M_8",-0.002016357
"ME_M_8",-0.002070488
"ME_M_8",-0.001971173
"ME_M_8",-0.002270233
"ME_M_8",-0.002351043
"ME_M_8",-0.002655518
"ME_M_8",-0.00285356
"ME_M_8",-0.003212489
"ME_M_8",-0.003274661
"ME_M_8",-0.00356828
"ME_M_8",-0.00386487
"ME_M_8",-0.005478012
"ME_M_8",-0.006224398
"ME_M_8",-0.007052023
"ME_M_8",-0.008338246
"ME_M_8",-0.01030428
"ME_M_8",-0.01153441
"ME_M_8",-0.01305525
"ME_M_8",-0.01488204
"ME_M_8",-0.0170901
"ME_M_8",-0.0177794
"ME_M_8",-0.01850586
"ME_M_8",-0.01902937
"ME_M_8",-0.01960024
"ME_M_8",-0.01944154
"ME_M_8",-0.0186603
"ME_M_8",-0.0155817
"ME_M_8",-0.007086769
"ME_M_8",-0.004090967
"ME_M_8",-0.0009270834
"ME_M_8",0.0004150329
"ME_M_8",0.0002944504
"ME_M_8",-0.0001974734
"ME_M_8",-4.316355E-05
"ME_M_8",0.0001381349
"ME_M_8",0.0002650414
"ME_M_8",0.0006025909
"ME_M_8",0.0007675609
"ME_M_8",0.00101597
"ME_M_8",0.0009059985
"ME_M_8",0.0005598867
"ME_M_8",0.0003296946
"ME_M_8",-1.215699E-05
"ME_M_8",-2.108661E-05
"ME_M_8",0.0001553934
"ME_M_8",0.0004660331
"ME_M_8",0.001058104
"ME_M_8",0.002504957
"ME_M_8",0.004142572
"ME_M_8",0.006464493
"ME_M_8",0.009813879
"ME_M_8",0.01240111
"ME_M_8",0.01256411
"ME_M_8",0.01092508
"ME_M_8",0.009075287
"ME_M_8",0.006319775
"ME_M_8",0.003007581
"ME_M_8",0.0006603919
"ME_M_8",-0.002257196
"ME_M_8",-0.007434709
"ME_M_8",-0.01153939
"ME_M_8",-0.01035292
"ME_M_8",-0.006092536
"ME_M_8",-0.003124883
"ME_M_8",0.001254082
"ME_M_8",0.002162416
"ME_M_8",0.001766697
"ME_M_8",0.001241578
"ME_M_8",0.002485085
"ME_M_8",0.003747742
"ME_M_8",0.004402015
"ME_M_8",0.005079597
"ME_M_8",0.007579277
"ME_M_8",0.009105716
"ME_M_8",0.01104231
"ME_M_8",0.0116408
"ME_M_8",0.01240951
"ME_M_8",0.0118841
"ME_M_8",0.01078401
"ME_M_8",0.008873912
"ME_M_8",0.006798472
"ME_M_8",0.006280841
"ME_M_8",0.005706841
"ME_M_8",0.005028755
"ME_M_8",0.0039875
"ME_M_8",0.003357735
"ME_M_8",0.003303296
"ME_M_8",0.003391645
"ME_M_8",0.003583789
"ME_M_8",0.00387406
"ME_M_8",0.00398561
"ME_M_8",0.004430358
"ME_M_8",0.005621455
"ME_M_8",0.006612781
"ME_M_8",0.007299367
"ME_M_8",0.007856778
"ME_M_8",0.008097311
"ME_M_8",0.007793853
"ME_M_8",0.006297671
"ME_M_8",0.005633991
"ME_M_8",0.003905697
"ME_M_8",0.003219549
"ME_M_8",0.002750403
"AS_M_1",2.134113
"AS_M_1",2.134126
"AS_M_1",2.134178
"AS_M_1",2.134219
"AS_M_1",2.134269
"AS_M_1",2.134271
"AS_M_1",2.134245
"AS_M_1",2.134239
"AS_M_1",2.13427
"AS_M_1",2.134359
"AS_M_1",2.134416
"AS_M_1",2.134455
"AS_M_1",2.134502
"AS_M_1",2.13454
"AS_M_1",2.13454
"AS_M_1",2.134573
"AS_M_1",2.13467
"AS_M_1",2.134816
"AS_M_1",2.134981
"AS_M_1",2.135092
"AS_M_1",2.135193
"AS_M_1",2.135335
"AS_M_1",2.135822
"AS_M_1",2.135965
"AS_M_1",2.136047
"AS_M_1",2.135772
"AS_M_1",2.136068
"AS_M_1",2.135961
"AS_M_1",2.134868
"AS_M_1",2.135195
"AS_M_1",2.135519
"AS_M_1",2.135379
"AS_M_1",2.135179
"AS_M_1",2.135103
"AS_M_1",2.13496
"AS_M_1",2.134954
"AS_M_1",2.134984
"AS_M_1",2.135211
"AS_M_1",2.135714
"AS_M_1",2.1361
"AS_M_1",2.135782
"AS_M_1",2.13555
"AS_M_1",2.135956
"AS_M_1",2.135913
"AS_M_1",2.135931
"AS_M_1",2.135964
"AS_M_1",2.135938
"AS_M_1",2.135831
"AS_M_1",2.13575
"AS_M_1",2.135482
"AS_M_1",2.135278
"AS_M_1",2.135114
"AS_M_1",2.134939
"AS_M_1",2.134772
"AS_M_1",2.134646
"AS_M_1",2.134564
"AS_M_1",2.134548
"AS_M_1",2.134511
"AS_M_1",2.134517
"AS_M_1",2.1345
"AS_M_1",2.134517
"AS_M_1",2.13454
"AS_M_1",2.134557
"AS_M_1",2.134577
"AS_M_1",2.134675
"AS_M_1",2.134872
"AS_M_1",2.135117
"AS_M_1",2.135287
"AS_M_1",2.135425
"AS_M_1",2.135522
"AS_M_1",2.135571
"AS_M_1",2.135635
"AS_M_1",2.135677
"AS_M_1",2.134454
"AS_M_1",2.134487
"AS_M_1",2.134496
"AS_M_1",2.13454
"AS_M_1",2.134581
"AS_M_1",2.134697
"AS_M_1",2.134834
"AS_M_1",2.135018
"AS_M_1",2.135106
"AS_M_1",2.134983
"AS_M_1",2.134958
"AS_M_1",2.134832
"AS_M_1",2.134783
"AS_M_1",2.134801
"AS_M_1",2.134802
"AS_M_1",2.134811
"AS_M_1",2.134903
"AS_M_1",2.134976
"AS_M_1",2.135062
"AS_M_1",2.135198
"AS_M_1",2.135202
"AS_M_1",2.13502
"AS_M_1",2.135003
"AS_M_1",2.134949
"AS_M_1",2.134876
"AS_M_1",2.134921
"AS_M_1",2.13491
"AS_M_1",2.134888
"AS_M_1",2.13483
"AS_M_1",2.134826
"AS_M_1",2.134855
"AS_M_1",2.135005
"AS_M_1",2.135252
"AS_M_1",2.135553
"AS_M_1",2.136194
"AS_M_1",2.136195
"AS_M_1",2.136176
"AS_M_1",2.136318
"AS_M_1",2.136611
"AS_M_1",2.136714
"AS_M_1",2.136892
"AS_M_1",2.136959
"AS_M_1",2.137133
"AS_M_1",2.137134
"AS_M_1",2.137084
"AS_M_1",2.137041
"AS_M_1",2.13702
"AS_M_1",2.136814
"AS_M_1",2.1365
"AS_M_1",2.135542
"AS_M_1",2.135607
"AS_M_1",2.136104
"AS_M_1",2.1357
"AS_M_1",2.135996
"AS_M_1",2.136057
"AS_M_1",2.136204
"AS_M_1",2.136229
"AS_M_1",2.136012
"AS_M_1",2.135986
"AS_M_1",2.135704
"AS_M_1",2.135511
"AS_M_1",2.135379
"AS_M_1",2.135284
"AS_M_1",2.135174
"AS_M_1",2.135048
"AS_M_1",2.134912
"AS_M_1",2.134822
"AS_M_1",2.134798
"AS_M_1",2.13483
"AS_M_1",2.13479
"AS_M_1",2.134863
"AS_M_1",2.134981
"AS_M_1",2.13529
"AS_M_1",2.135489
"AS_M_1",2.135716
"AS_M_1",2.135837
"AS_M_1",2.135903
"AS_M_1",2.135854
"AS_M_1",2.135876
"AS_M_1",2.135954
"AS_M_1",2.135971
"AS_M_1",2.135939
"AS_M_1",2.135932
"AS_M_1",2.13593
"AS_M_1",2.135901
"AS_M_1",2.136067
"AS_M_1",2.136146
"AS_M_1",2.136378
"AS_M_1",2.136481
"AS_M_1",2.136722
"AS_M_1",2.137172
"AS_M_1",2.13739
"AS_M_1",2.137492
"AS_M_1",2.137498
"AS_M_1",2.137486
"AS_M_1",2.137809
"AS_M_1",2.137981
"AS_M_1",2.138212
"AS_M_1",2.138099
"AS_M_1",2.138519
"AS_M_1",2.138362
"AS_M_1",2.138349
"AS_M_1",2.138488
"AS_M_1",2.138538
"AS_M_1",2.138529
"AS_M_1",2.138767
"AS_M_1",2.138674
"AS_M_1",2.138583
"AS_M_1",2.138404
"AS_M_1",2.137271
"AS_M_1",2.137112
"AS_M_1",2.137001
"AS_M_1",2.136979
"AS_M_1",2.13697
"AS_M_1",2.136965
"AS_M_1",2.136599
"AS_M_1",2.136753
"AS_M_1",2.136998
"AS_M_1",2.13709
"AS_M_1",2.137178
"AS_M_1",2.137205
"AS_M_1",2.137008
"AS_M_1",2.136915
"AS_M_1",2.136733
"AS_M_1",2.136583
"AS_M_1",2.136433
"AS_M_1",2.13628
"AS_M_1",2.136152
"AS_M_1",2.135984
"AS_M_1",2.13586
"AS_M_1",2.135777
"AS_M_1",2.135672
"AS_M_1",2.135587
"AS_M_1",2.135592
"AS_M_1",2.135653
"AS_M_1",2.135688
"AS_M_1",2.135796
"AS_M_1",2.135886
"AS_M_1",2.135969
"AS_M_1",2.13605
"AS_M_1",2.136102
"AS_M_1",2.136137
"AS_M_1",2.13619
"AS_M_1",2.13623
"AS_M_1",2.136253
"AS_M_1",2.139409
"AS_M_1",2.139421
"AS_M_1",2.139395
"AS_M_1",2.139358
"AS_M_1",2.139343
"AS_M_1",2.139364
"AS_M_1",2.139443
"AS_M_1",2.139486
"AS_M_1",2.139537
"AS_M_1",2.139575
"AS_M_1",2.139615
"AS_M_1",2.139677
"AS_M_1",2.13977
"AS_M_1",2.139839
"AS_M_1",2.13991
"AS_M_1",2.139981
"AS_M_1",2.140057
"AS_M_1",2.140101
"AS_M_1",2.140152
"AS_M_1",2.140201
"AS_M_1",2.140182
"AS_M_1",2.140164
"AS_M_1",2.140112
"AS_M_1",2.139978
"AS_M_1",2.139844
"AS_M_1",2.139744
"AS_M_1",2.139722
"AS_M_1",2.139736
"AS_M_1",2.139868
"AS_M_1",2.140006
"AS_M_1",2.140152
"AS_M_1",2.140252
"AS_M_1",2.140405
"AS_M_1",2.140525
"AS_M_1",2.140711
"AS_M_1",2.141764
"AS_M_1",2.142044
"AS_M_1",2.142435
"AS_M_1",2.143107
"AS_M_1",2.143808
"AS_M_1",2.144285
"AS_M_1",2.144675
"AS_M_1",2.145133
"AS_M_1",2.14549
"AS_M_1",2.145679
"AS_M_1",2.145788
"AS_M_1",2.146034
"AS_M_1",2.14608
"AS_M_1",2.145771
"AS_M_1",2.1465
"AS_M_1",2.146363
"AS_M_1",2.14608
"AS_M_1",2.145591
"AS_M_1",2.144813
"AS_M_1",2.145139
"AS_M_1",2.144912
"AS_M_1",2.145221
"AS_M_1",2.145337
"AS_M_1",2.145268
"AS_M_1",2.145
"AS_M_1",2.144951
"AS_M_1",2.144912
"AS_M_1",2.144777
"AS_M_1",2.14478
"AS_M_1",2.1446
"AS_M_1",2.144515
"AS_M_1",2.14442
"AS_M_1",2.14438
"AS_M_1",2.14432
"AS_M_1",2.144263
"AS_M_1",2.144231
"AS_M_1",2.144225
"AS_M_1",2.14441
"AS_M_1",2.142609
"AS_M_1",2.142613
"AS_M_1",2.142646
"AS_M_1",2.142645
"AS_M_1",2.142649
"AS_M_1",2.142642
"AS_M_1",2.142604
"AS_M_1",2.142563
"AS_M_1",2.14254
"AS_M_1",2.142523
"AS_M_1",2.142533
"AS_M_1",2.142523
"AS_M_1",2.142526
"AS_M_1",2.142537
"AS_M_1",2.14261
"AS_M_1",2.142635
"AS_M_1",2.142667
"AS_M_1",2.142686
"AS_M_1",2.142574
"AS_M_1",2.142521
"AS_M_1",2.142512
"AS_M_1",2.142493
"AS_M_1",2.142533
"AS_M_1",2.142509
"AS_M_1",2.142495
"AS_M_1",2.142477
"AS_M_1",2.14254
"AS_M_1",2.142547
"AS_M_1",2.142549
"AS_M_1",2.14255
"AS_M_1",2.14261
"AS_M_1",2.14265
"AS_M_1",2.142696
"AS_M_1",2.142811
"AS_M_1",2.143107
"AS_M_1",2.14333
"AS_M_1",2.143627
"AS_M_1",2.144462
"AS_M_1",2.14497
"AS_M_1",2.145519
"AS_M_1",2.146073
"AS_M_1",2.146029
"AS_M_1",2.145711
"AS_M_1",2.145767
"AS_M_1",2.14576
"AS_M_1",2.146183
"AS_M_1",2.146606
"AS_M_1",2.146877
"AS_M_1",2.147022
"AS_M_1",2.14714
"AS_M_1",2.147372
"AS_M_1",2.14747
"AS_M_1",2.147825
"AS_M_1",2.148148
"AS_M_1",2.147841
"AS_M_1",2.147661
"AS_M_1",2.148148
"AS_M_1",2.147767
"AS_M_1",2.147081
"AS_M_1",2.146871
"AS_M_1",2.146757
"AS_M_1",2.146901
"AS_M_1",2.146779
"AS_M_1",2.146651
"AS_M_1",2.146588
"AS_M_1",2.146607
"AS_M_1",2.146591
"AS_M_1",2.146563
"AS_M_1",2.146406
"AS_M_1",2.14616
"AS_M_1",2.146018
"AS_M_1",2.145937
"AS_M_1",2.144479
"AS_M_1",2.144491
"AS_M_1",2.144506
"AS_M_1",2.144528
"AS_M_1",2.144532
"AS_M_1",2.144541
"AS_M_1",2.144536
"AS_M_1",2.144517
"AS_M_1",2.1445
"AS_M_1",2.14447
"AS_M_1",2.14444
"AS_M_1",2.144416
"AS_M_1",2.144406
"AS_M_1",2.144403
"AS_M_1",2.144395
"AS_M_1",2.144374
"AS_M_1",2.14432
"AS_M_1",2.144287
"AS_M_1",2.144269
"AS_M_1",2.144303
"AS_M_1",2.144322
"AS_M_1",2.144342
"AS_M_1",2.144378
"AS_M_1",2.144531
"AS_M_1",2.14458
"AS_M_1",2.144689
"AS_M_1",2.144768
"AS_M_1",2.144735
"AS_M_1",2.144669
"AS_M_1",2.144609
"AS_M_1",2.144543
"AS_M_1",2.14457
"AS_M_1",2.144596
"AS_M_1",2.144647
"AS_M_1",2.144679
"AS_M_1",2.144714
"AS_M_1",2.144768
"AS_M_1",2.144851
"AS_M_1",2.144956
"AS_M_1",2.145062
"AS_M_1",2.145189
"AS_M_1",2.145321
"AS_M_1",2.14682
"AS_M_1",2.146393
"AS_M_1",2.146676
"AS_M_1",2.146915
"AS_M_1",2.147282
"AS_M_1",2.147446
"AS_M_1",2.147627
"AS_M_1",2.147734
"AS_M_1",2.147817
"AS_M_1",2.147585
"AS_M_1",2.148124
"AS_M_1",2.147856
"AS_M_1",2.147521
"AS_M_1",2.147199
"AS_M_1",2.14659
"AS_M_1",2.147094
"AS_M_1",2.146711
"AS_M_1",2.146721
"AS_M_1",2.146705
"AS_M_1",2.146709
"AS_M_1",2.14662
"AS_M_1",2.146644
"AS_M_1",2.146594
"AS_M_1",2.146535
"AS_M_1",2.146466
"AS_M_1",2.146394
"AS_M_1",2.146294
"AS_M_1",2.146201
"AS_M_1",2.14613
"AS_M_1",2.146057
"AS_M_1",2.146011
"AS_M_1",1.549734
"AS_M_1",1.54975
"AS_M_1",1.549748
"AS_M_1",1.549774
"AS_M_1",1.549787
"AS_M_1",1.549798
"AS_M_1",1.549773
"AS_M_1",1.549756
"AS_M_1",1.549737
"AS_M_1",1.549705
"AS_M_1",1.549674
"AS_M_1",1.549639
"AS_M_1",1.549599
"AS_M_1",1.549564
"AS_M_1",1.549561
"AS_M_1",1.549546
"AS_M_1",1.549547
"AS_M_1",1.549551
"AS_M_1",1.549576
"AS_M_1",1.549608
"AS_M_1",1.549636
"AS_M_1",1.549638
"AS_M_1",1.549654
"AS_M_1",1.549677
"AS_M_1",1.549695
"AS_M_1",1.5497
"AS_M_1",1.549694
"AS_M_1",1.54969
"AS_M_1",1.549693
"AS_M_1",1.549692
"AS_M_1",1.549656
"AS_M_1",1.549621
"AS_M_1",1.549585
"AS_M_1",1.549564
"AS_M_1",1.549548
"AS_M_1",1.549557
"AS_M_1",1.549566
"AS_M_1",1.549683
"AS_M_1",1.549877
"AS_M_1",1.550132
"AS_M_1",1.550453
"AS_M_1",1.551288
"AS_M_1",1.551972
"AS_M_1",1.552648
"AS_M_1",1.553366
"AS_M_1",1.553881
"AS_M_1",1.554051
"AS_M_1",1.554232
"AS_M_1",1.55433
"AS_M_1",1.554467
"AS_M_1",1.554597
"AS_M_1",1.554716
"AS_M_1",1.554785
"AS_M_1",1.555346
"AS_M_1",1.555177
"AS_M_1",1.555196
"AS_M_1",1.555194
"AS_M_1",1.555075
"AS_M_1",1.554792
"AS_M_1",1.55455
"AS_M_1",1.553584
"AS_M_1",1.55387
"AS_M_1",1.553797
"AS_M_1",1.553643
"AS_M_1",1.553264
"AS_M_1",1.553305
"AS_M_1",1.55373
"AS_M_1",1.553279
"AS_M_1",1.553241
"AS_M_1",1.553276
"AS_M_1",1.553193
"AS_M_1",1.553128
"AS_M_1",1.553118
"AS_M_1",1.551974
"AS_M_1",1.551969
"AS_M_1",1.55196
"AS_M_1",1.551946
"AS_M_1",1.551962
"AS_M_1",1.551963
"AS_M_1",1.551997
"AS_M_1",1.551955
"AS_M_1",1.551926
"AS_M_1",1.551935
"AS_M_1",1.551965
"AS_M_1",1.551978
"AS_M_1",1.551965
"AS_M_1",1.551944
"AS_M_1",1.551915
"AS_M_1",1.551819
"AS_M_1",1.551786
"AS_M_1",1.551781
"AS_M_1",1.55181
"AS_M_1",1.55194
"AS_M_1",1.551991
"AS_M_1",1.551983
"AS_M_1",1.551977
"AS_M_1",1.551967
"AS_M_1",1.551946
"AS_M_1",1.551923
"AS_M_1",1.551908
"AS_M_1",1.551916
"AS_M_1",1.551926
"AS_M_1",1.551929
"AS_M_1",1.551951
"AS_M_1",1.55196
"AS_M_1",1.551952
"AS_M_1",1.551969
"AS_M_1",1.552023
"AS_M_1",1.552115
"AS_M_1",1.552192
"AS_M_1",1.552263
"AS_M_1",1.552409
"AS_M_1",1.552681
"AS_M_1",1.552869
"AS_M_1",1.553027
"AS_M_1",1.553263
"AS_M_1",1.553594
"AS_M_1",1.553683
"AS_M_1",1.553869
"AS_M_1",1.553931
"AS_M_1",1.553865
"AS_M_1",1.5539
"AS_M_1",1.553968
"AS_M_1",1.554057
"AS_M_1",1.554154
"AS_M_1",1.554213
"AS_M_1",1.554235
"AS_M_1",1.554286
"AS_M_1",1.554276
"AS_M_1",1.554311
"AS_M_1",1.554335
"AS_M_1",1.554249
"AS_M_1",1.553955
"AS_M_1",1.553786
"AS_M_1",1.553699
"AS_M_1",1.55388
"AS_M_1",1.554198
"AS_M_1",1.554221
"AS_M_1",1.554199
"AS_M_1",1.554315
"AS_M_1",1.554272
"AS_M_1",1.554218
"AS_M_1",1.554201
"AS_M_1",1.55412
"AS_M_1",1.554
"AS_M_1",1.553993
"AS_M_1",1.553128
"AS_M_1",1.553147
"AS_M_1",1.553083
"AS_M_1",1.553078
"AS_M_1",1.553085
"AS_M_1",1.553088
"AS_M_1",1.553081
"AS_M_1",1.553042
"AS_M_1",1.553036
"AS_M_1",1.553042
"AS_M_1",1.553084
"AS_M_1",1.553092
"AS_M_1",1.553084
"AS_M_1",1.553041
"AS_M_1",1.553012
"AS_M_1",1.553029
"AS_M_1",1.553022
"AS_M_1",1.552982
"AS_M_1",1.552968
"AS_M_1",1.553018
"AS_M_1",1.553004
"AS_M_1",1.553036
"AS_M_1",1.553179
"AS_M_1",1.553537
"AS_M_1",1.553742
"AS_M_1",1.55416
"AS_M_1",1.554167
"AS_M_1",1.554173
"AS_M_1",1.554249
"AS_M_1",1.554377
"AS_M_1",1.554534
"AS_M_1",1.554639
"AS_M_1",1.554742
"AS_M_1",1.55476
"AS_M_1",1.554629
"AS_M_1",1.55428
"AS_M_1",1.554066
"AS_M_1",1.553871
"AS_M_1",1.553592
"AS_M_1",1.553787
"AS_M_1",1.553882
"AS_M_1",1.553989
"AS_M_1",1.554161
"AS_M_1",1.554261
"AS_M_1",1.554329
"AS_M_1",1.554381
"AS_M_1",1.554352
"AS_M_1",1.554345
"AS_M_1",1.554355
"AS_M_1",1.55434
"AS_M_1",1.554321
"AS_M_1",1.554264
"AS_M_1",1.554248
"AS_M_1",1.554222
"AS_M_1",1.554216
"AS_M_1",1.554175
"AS_M_1",1.554169
"AS_M_1",1.554164
"AS_M_1",1.554189
"AS_M_1",1.554189
"AS_M_1",1.554197
"AS_M_1",1.554202
"AS_M_1",1.554249
"AS_M_1",1.554292
"AS_M_1",1.554268
"AS_M_1",1.554258
"AS_M_1",1.554203
"AS_M_1",1.554196
"AS_M_1",1.554146
"AS_M_1",1.554109
"AS_M_1",1.554079
"AS_M_1",1.554064
"AS_M_1",1.55404
"AS_M_1",1.650533
"AS_M_1",1.650536
"AS_M_1",1.650518
"AS_M_1",1.650522
"AS_M_1",1.650537
"AS_M_1",1.650547
"AS_M_1",1.650502
"AS_M_1",1.650486
"AS_M_1",1.650424
"AS_M_1",1.65038
"AS_M_1",1.65037
"AS_M_1",1.650341
"AS_M_1",1.650302
"AS_M_1",1.650291
"AS_M_1",1.650308
"AS_M_1",1.650306
"AS_M_1",1.650312
"AS_M_1",1.650328
"AS_M_1",1.650419
"AS_M_1",1.650461
"AS_M_1",1.650533
"AS_M_1",1.650594
"AS_M_1",1.650736
"AS_M_1",1.650838
"AS_M_1",1.650972
"AS_M_1",1.6511
"AS_M_1",1.651293
"AS_M_1",1.651423
"AS_M_1",1.65159
"AS_M_1",1.651742
"AS_M_1",1.651945
"AS_M_1",1.65214
"AS_M_1",1.652821
"AS_M_1",1.653113
"AS_M_1",1.653273
"AS_M_1",1.653485
"AS_M_1",1.65356
"AS_M_1",1.653731
"AS_M_1",1.653868
"AS_M_1",1.654206
"AS_M_1",1.654274
"AS_M_1",1.654296
"AS_M_1",1.654239
"AS_M_1",1.654238
"AS_M_1",1.654198
"AS_M_1",1.654109
"AS_M_1",1.65394
"AS_M_1",1.653871
"AS_M_1",1.653764
"AS_M_1",1.653729
"AS_M_1",1.653731
"AS_M_1",1.653637
"AS_M_1",1.653452
"AS_M_1",1.653592
"AS_M_1",1.653743
"AS_M_1",1.653719
"AS_M_1",1.653692
"AS_M_1",1.653702
"AS_M_1",1.653765
"AS_M_1",1.653811
"AS_M_1",1.653865
"AS_M_1",1.653896
"AS_M_1",1.653929
"AS_M_1",1.653927
"AS_M_1",1.653944
"AS_M_1",1.653965
"AS_M_1",1.654025
"AS_M_1",1.654107
"AS_M_1",1.654142
"AS_M_1",1.654122
"AS_M_1",1.653857
"AS_M_1",1.653742
"AS_M_1",1.653589
"AS_M_1",1.653463
"AS_M_1",1.652311
"AS_M_1",1.652301
"AS_M_1",1.652284
"AS_M_1",1.652295
"AS_M_1",1.652287
"AS_M_1",1.652302
"AS_M_1",1.652294
"AS_M_1",1.652282
"AS_M_1",1.6523
"AS_M_1",1.652442
"AS_M_1",1.652493
"AS_M_1",1.652545
"AS_M_1",1.652596
"AS_M_1",1.652653
"AS_M_1",1.652715
"AS_M_1",1.652798
"AS_M_1",1.652816
"AS_M_1",1.652786
"AS_M_1",1.652819
"AS_M_1",1.652892
"AS_M_1",1.652964
"AS_M_1",1.653136
"AS_M_1",1.653238
"AS_M_1",1.653333
"AS_M_1",1.653425
"AS_M_1",1.653596
"AS_M_1",1.653702
"AS_M_1",1.653821
"AS_M_1",1.653936
"AS_M_1",1.653932
"AS_M_1",1.653907
"AS_M_1",1.653683
"AS_M_1",1.653544
"AS_M_1",1.653586
"AS_M_1",1.653895
"AS_M_1",1.654251
"AS_M_1",1.654292
"AS_M_1",1.653967
"AS_M_1",1.653857
"AS_M_1",1.653803
"AS_M_1",1.653799
"AS_M_1",1.653841
"AS_M_1",1.65382
"AS_M_1",1.653771
"AS_M_1",1.653707
"AS_M_1",1.653629
"AS_M_1",1.653607
"AS_M_1",1.653616
"AS_M_1",1.653705
"AS_M_1",1.65378
"AS_M_1",1.653831
"AS_M_1",1.653881
"AS_M_1",1.653966
"AS_M_1",1.654046
"AS_M_1",1.654103
"AS_M_1",1.654104
"AS_M_1",1.654171
"AS_M_1",1.65421
"AS_M_1",1.654214
"AS_M_1",1.654234
"AS_M_1",1.654337
"AS_M_1",1.654406
"AS_M_1",1.654456
"AS_M_1",1.654505
"AS_M_1",1.654519
"AS_M_1",1.654526
"AS_M_1",1.654527
"AS_M_1",1.65448
"AS_M_1",1.654401
"AS_M_1",1.654257
"AS_M_1",1.654196
"AS_M_1",1.65414
"AS_M_1",1.65406
"AS_M_1",1.653081
"AS_M_1",1.653062
"AS_M_1",1.653059
"AS_M_1",1.653085
"AS_M_1",1.65312
"AS_M_1",1.653124
"AS_M_1",1.653155
"AS_M_1",1.653192
"AS_M_1",1.65324
"AS_M_1",1.653302
"AS_M_1",1.653341
"AS_M_1",1.653319
"AS_M_1",1.653311
"AS_M_1",1.653318
"AS_M_1",1.653347
"AS_M_1",1.653353
"AS_M_1",1.653345
"AS_M_1",1.653306
"AS_M_1",1.653305
"AS_M_1",1.653303
"AS_M_1",1.653321
"AS_M_1",1.653329
"AS_M_1",1.653371
"AS_M_1",1.653445
"AS_M_1",1.653651
"AS_M_1",1.653792
"AS_M_1",1.653888
"AS_M_1",1.653742
"AS_M_1",1.653712
"AS_M_1",1.653714
"AS_M_1",1.653885
"AS_M_1",1.654106
"AS_M_1",1.654241
"AS_M_1",1.654319
"AS_M_1",1.654337
"AS_M_1",1.654356
"AS_M_1",1.654408
"AS_M_1",1.654479
"AS_M_1",1.654529
"AS_M_1",1.654389
"AS_M_1",1.654367
"AS_M_1",1.654252
"AS_M_1",1.654084
"AS_M_1",1.65419
"AS_M_1",1.654354
"AS_M_1",1.654477
"AS_M_1",1.654444
"AS_M_1",1.654467
"AS_M_1",1.654481
"AS_M_1",1.65445
"AS_M_1",1.654392
"AS_M_1",1.654294
"AS_M_1",1.654253
"AS_M_1",1.654202
"AS_M_1",1.654173
"AS_M_1",1.654149
"AS_M_1",1.654101
"AS_M_1",1.654019
"AS_M_1",1.653939
"AS_M_1",1.653874
"AS_M_1",1.653841
"AS_M_1",1.653837
"AS_M_1",1.653886
"AS_M_1",1.654052
"AS_M_1",1.65411
"AS_M_1",1.654173
"AS_M_1",1.654217
"AS_M_1",1.654282
"AS_M_1",1.65433
"AS_M_1",1.654363
"AS_M_1",1.654394
"AS_M_1",1.654396
"AS_M_1",1.654374
"AS_M_2",1.743169
"AS_M_2",1.743172
"AS_M_2",1.743181
"AS_M_2",1.743181
"AS_M_2",1.743193
"AS_M_2",1.74322
"AS_M_2",1.743266
"AS_M_2",1.743341
"AS_M_2",1.743413
"AS_M_2",1.743486
"AS_M_2",1.743588
"AS_M_2",1.743661
"AS_M_2",1.743811
"AS_M_2",1.743908
"AS_M_2",1.743975
"AS_M_2",1.744051
"AS_M_2",1.74406
"AS_M_2",1.744061
"AS_M_2",1.744006
"AS_M_2",1.743967
"AS_M_2",1.743945
"AS_M_2",1.743931
"AS_M_2",1.743899
"AS_M_2",1.743863
"AS_M_2",1.743799
"AS_M_2",1.743725
"AS_M_2",1.743671
"AS_M_2",1.743637
"AS_M_2",1.743659
"AS_M_2",1.743698
"AS_M_2",1.74375
"AS_M_2",1.743739
"AS_M_2",1.743731
"AS_M_2",1.743716
"AS_M_2",1.743685
"AS_M_2",1.743663
"AS_M_2",1.743679
"AS_M_2",1.743691
"AS_M_2",1.743665
"AS_M_2",1.743628
"AS_M_2",1.743589
"AS_M_2",1.743698
"AS_M_2",1.743753
"AS_M_2",1.743758
"AS_M_2",1.74368
"AS_M_2",1.743739
"AS_M_2",1.743896
"AS_M_2",1.744027
"AS_M_2",1.744199
"AS_M_2",1.744284
"AS_M_2",1.74421
"AS_M_2",1.744188
"AS_M_2",1.744136
"AS_M_2",1.744117
"AS_M_2",1.744091
"AS_M_2",1.744044
"AS_M_2",1.744055
"AS_M_2",1.744072
"AS_M_2",1.744063
"AS_M_2",1.744013
"AS_M_2",1.743978
"AS_M_2",1.743991
"AS_M_2",1.744033
"AS_M_2",1.744044
"AS_M_2",1.744069
"AS_M_2",1.744081
"AS_M_2",1.74411
"AS_M_2",1.744145
"AS_M_2",1.744109
"AS_M_2",1.744086
"AS_M_2",1.744076
"AS_M_2",1.744128
"AS_M_2",1.744623
"AS_M_2",1.74461
"AS_M_2",1.744616
"AS_M_2",1.744614
"AS_M_2",1.744622
"AS_M_2",1.744629
"AS_M_2",1.744651
"AS_M_2",1.74469
"AS_M_2",1.74478
"AS_M_2",1.744839
"AS_M_2",1.744955
"AS_M_2",1.745014
"AS_M_2",1.745068
"AS_M_2",1.745044
"AS_M_2",1.74493
"AS_M_2",1.744871
"AS_M_2",1.744801
"AS_M_2",1.744719
"AS_M_2",1.74465
"AS_M_2",1.744623
"AS_M_2",1.744604
"AS_M_2",1.744564
"AS_M_2",1.744537
"AS_M_2",1.744517
"AS_M_2",1.744513
"AS_M_2",1.744526
"AS_M_2",1.744581
"AS_M_2",1.744572
"AS_M_2",1.744563
"AS_M_2",1.744575
"AS_M_2",1.744601
"AS_M_2",1.744589
"AS_M_2",1.744555
"AS_M_2",1.744456
"AS_M_2",1.7443
"AS_M_2",1.744283
"AS_M_2",1.744293
"AS_M_2",1.744484
"AS_M_2",1.744508
"AS_M_2",1.744449
"AS_M_2",1.744484
"AS_M_2",1.744501
"AS_M_2",1.744541
"AS_M_2",1.744546
"AS_M_2",1.744562
"AS_M_2",1.744589
"AS_M_2",1.744637
"AS_M_2",1.744665
"AS_M_2",1.74475
"AS_M_2",1.744819
"AS_M_2",1.744877
"AS_M_2",1.744847
"AS_M_2",1.744748
"AS_M_2",1.744629
"AS_M_2",1.744596
"AS_M_2",1.744587
"AS_M_2",1.744586
"AS_M_2",1.744588
"AS_M_2",1.744628
"AS_M_2",1.744651
"AS_M_2",1.744684
"AS_M_2",1.744704
"AS_M_2",1.744776
"AS_M_2",1.744813
"AS_M_2",1.744871
"AS_M_2",1.744898
"AS_M_2",1.744927
"AS_M_2",1.74497
"AS_M_2",1.744985
"AS_M_2",1.744985
"AS_M_2",1.744913
"AS_M_2",1.744886
"AS_M_2",1.74487
"AS_M_2",1.745338
"AS_M_2",1.745355
"AS_M_2",1.745361
"AS_M_2",1.745311
"AS_M_2",1.745249
"AS_M_2",1.745165
"AS_M_2",1.745128
"AS_M_2",1.74511
"AS_M_2",1.745079
"AS_M_2",1.745039
"AS_M_2",1.745093
"AS_M_2",1.745098
"AS_M_2",1.745093
"AS_M_2",1.74508
"AS_M_2",1.74502
"AS_M_2",1.745024
"AS_M_2",1.745086
"AS_M_2",1.74516
"AS_M_2",1.745165
"AS_M_2",1.745126
"AS_M_2",1.745043
"AS_M_2",1.744976
"AS_M_2",1.744952
"AS_M_2",1.745029
"AS_M_2",1.745098
"AS_M_2",1.745171
"AS_M_2",1.74524
"AS_M_2",1.745272
"AS_M_2",1.745337
"AS_M_2",1.745398
"AS_M_2",1.745416
"AS_M_2",1.745466
"AS_M_2",1.745522
"AS_M_2",1.745755
"AS_M_2",1.745973
"AS_M_2",1.746036
"AS_M_2",1.746074
"AS_M_2",1.746109
"AS_M_2",1.746132
"AS_M_2",1.746145
"AS_M_2",1.74617
"AS_M_2",1.746154
"AS_M_2",1.746171
"AS_M_2",1.746222
"AS_M_2",1.74621
"AS_M_2",1.746162
"AS_M_2",1.746097
"AS_M_2",1.746108
"AS_M_2",1.746114
"AS_M_2",1.74619
"AS_M_2",1.746266
"AS_M_2",1.746281
"AS_M_2",1.746268
"AS_M_2",1.746263
"AS_M_2",1.746269
"AS_M_2",1.746284
"AS_M_2",1.746272
"AS_M_2",1.746236
"AS_M_2",1.746194
"AS_M_2",1.746184
"AS_M_2",1.746164
"AS_M_2",1.74614
"AS_M_2",1.746159
"AS_M_2",1.746149
"AS_M_2",1.74617
"AS_M_2",1.746173
"AS_M_2",1.746137
"AS_M_2",1.746104
"AS_M_2",1.74607
"AS_M_2",1.746051
"AS_M_2",1.745983
"AS_M_2",1.745924
"AS_M_2",1.777194
"AS_M_2",1.777246
"AS_M_2",1.777243
"AS_M_2",1.777256
"AS_M_2",1.777253
"AS_M_2",1.777246
"AS_M_2",1.777171
"AS_M_2",1.777151
"AS_M_2",1.777174
"AS_M_2",1.777215
"AS_M_2",1.777321
"AS_M_2",1.777448
"AS_M_2",1.777549
"AS_M_2",1.777654
"AS_M_2",1.777782
"AS_M_2",1.777907
"AS_M_2",1.778013
"AS_M_2",1.778117
"AS_M_2",1.778192
"AS_M_2",1.778251
"AS_M_2",1.778282
"AS_M_2",1.778284
"AS_M_2",1.778307
"AS_M_2",1.778341
"AS_M_2",1.778394
"AS_M_2",1.778459
"AS_M_2",1.778509
"AS_M_2",1.778569
"AS_M_2",1.778652
"AS_M_2",1.778781
"AS_M_2",1.778857
"AS_M_2",1.778823
"AS_M_2",1.778724
"AS_M_2",1.778701
"AS_M_2",1.778683
"AS_M_2",1.778657
"AS_M_2",1.77865
"AS_M_2",1.778655
"AS_M_2",1.778691
"AS_M_2",1.77872
"AS_M_2",1.778741
"AS_M_2",1.778748
"AS_M_2",1.778768
"AS_M_2",1.778773
"AS_M_2",1.778771
"AS_M_2",1.778793
"AS_M_2",1.778798
"AS_M_2",1.77879
"AS_M_2",1.778785
"AS_M_2",1.778843
"AS_M_2",1.778878
"AS_M_2",1.778912
"AS_M_2",1.778896
"AS_M_2",1.778832
"AS_M_2",1.778746
"AS_M_2",1.778627
"AS_M_2",1.778552
"AS_M_2",1.778476
"AS_M_2",1.778403
"AS_M_2",1.778365
"AS_M_2",1.778298
"AS_M_2",1.778222
"AS_M_2",1.778138
"AS_M_2",1.778169
"AS_M_2",1.77816
"AS_M_2",1.77819
"AS_M_2",1.778177
"AS_M_2",1.778189
"AS_M_2",1.778164
"AS_M_2",1.778117
"AS_M_2",1.778074
"AS_M_2",1.778021
"AS_M_2",1.777451
"AS_M_2",1.777443
"AS_M_2",1.777442
"AS_M_2",1.77746
"AS_M_2",1.777466
"AS_M_2",1.777488
"AS_M_2",1.777472
"AS_M_2",1.77745
"AS_M_2",1.777413
"AS_M_2",1.777389
"AS_M_2",1.777381
"AS_M_2",1.777368
"AS_M_2",1.777355
"AS_M_2",1.777312
"AS_M_2",1.777271
"AS_M_2",1.777241
"AS_M_2",1.777234
"AS_M_2",1.777226
"AS_M_2",1.777226
"AS_M_2",1.777211
"AS_M_2",1.777199
"AS_M_2",1.77719
"AS_M_2",1.777239
"AS_M_2",1.777261
"AS_M_2",1.777274
"AS_M_2",1.777289
"AS_M_2",1.777298
"AS_M_2",1.777292
"AS_M_2",1.777286
"AS_M_2",1.777282
"AS_M_2",1.777327
"AS_M_2",1.777335
"AS_M_2",1.777306
"AS_M_2",1.777224
"AS_M_2",1.77713
"AS_M_2",1.777073
"AS_M_2",1.777079
"AS_M_2",1.777151
"AS_M_2",1.777307
"AS_M_2",1.777396
"AS_M_2",1.777541
"AS_M_2",1.777692
"AS_M_2",1.777936
"AS_M_2",1.778022
"AS_M_2",1.778119
"AS_M_2",1.77822
"AS_M_2",1.778243
"AS_M_2",1.77829
"AS_M_2",1.778275
"AS_M_2",1.778264
"AS_M_2",1.778202
"AS_M_2",1.778226
"AS_M_2",1.778307
"AS_M_2",1.778405
"AS_M_2",1.778405
"AS_M_2",1.778286
"AS_M_2",1.778232
"AS_M_2",1.778268
"AS_M_2",1.77829
"AS_M_2",1.77829
"AS_M_2",1.778254
"AS_M_2",1.778241
"AS_M_2",1.778334
"AS_M_2",1.778422
"AS_M_2",1.778514
"AS_M_2",1.778614
"AS_M_2",1.778756
"AS_M_2",1.77881
"AS_M_2",1.778878
"AS_M_2",1.778942
"AS_M_2",1.779001
"AS_M_2",1.779052
"AS_M_2",1.779102
"AS_M_2",1.777319
"AS_M_2",1.777289
"AS_M_2",1.777255
"AS_M_2",1.777219
"AS_M_2",1.777174
"AS_M_2",1.777152
"AS_M_2",1.777134
"AS_M_2",1.77713
"AS_M_2",1.777085
"AS_M_2",1.777029
"AS_M_2",1.776996
"AS_M_2",1.777013
"AS_M_2",1.777116
"AS_M_2",1.777189
"AS_M_2",1.777269
"AS_M_2",1.777376
"AS_M_2",1.777468
"AS_M_2",1.777485
"AS_M_2",1.777502
"AS_M_2",1.777525
"AS_M_2",1.777582
"AS_M_2",1.77764
"AS_M_2",1.777675
"AS_M_2",1.777739
"AS_M_2",1.777852
"AS_M_2",1.777914
"AS_M_2",1.778067
"AS_M_2",1.77823
"AS_M_2",1.778417
"AS_M_2",1.77883
"AS_M_2",1.778935
"AS_M_2",1.778946
"AS_M_2",1.779034
"AS_M_2",1.779041
"AS_M_2",1.7791
"AS_M_2",1.779291
"AS_M_2",1.779246
"AS_M_2",1.779104
"AS_M_2",1.779083
"AS_M_2",1.779159
"AS_M_2",1.779311
"AS_M_2",1.77945
"AS_M_2",1.779638
"AS_M_2",1.779936
"AS_M_2",1.780185
"AS_M_2",1.780364
"AS_M_2",1.780529
"AS_M_2",1.78063
"AS_M_2",1.780612
"AS_M_2",1.780564
"AS_M_2",1.780519
"AS_M_2",1.780416
"AS_M_2",1.780397
"AS_M_2",1.780372
"AS_M_2",1.780342
"AS_M_2",1.780285
"AS_M_2",1.780263
"AS_M_2",1.780261
"AS_M_2",1.78029
"AS_M_2",1.780288
"AS_M_2",1.780219
"AS_M_2",1.780115
"AS_M_2",1.780023
"AS_M_2",1.77996
"AS_M_2",1.779925
"AS_M_2",1.779829
"AS_M_2",1.779721
"AS_M_2",1.779548
"AS_M_2",1.779415
"AS_M_2",1.779315
"AS_M_2",1.779209
"AS_M_2",1.779107
"AS_M_2",1.779049
"AS_M_2",1.77731
"AS_M_2",1.777292
"AS_M_2",1.77725
"AS_M_2",1.777231
"AS_M_2",1.777197
"AS_M_2",1.77719
"AS_M_2",1.77715
"AS_M_2",1.777129
"AS_M_2",1.777138
"AS_M_2",1.777147
"AS_M_2",1.777138
"AS_M_2",1.777113
"AS_M_2",1.777085
"AS_M_2",1.77708
"AS_M_2",1.77709
"AS_M_2",1.777062
"AS_M_2",1.77706
"AS_M_2",1.777074
"AS_M_2",1.7771
"AS_M_2",1.777104
"AS_M_2",1.777084
"AS_M_2",1.777041
"AS_M_2",1.776974
"AS_M_2",1.77692
"AS_M_2",1.776874
"AS_M_2",1.776826
"AS_M_2",1.776828
"AS_M_2",1.776824
"AS_M_2",1.776849
"AS_M_2",1.776913
"AS_M_2",1.776999
"AS_M_2",1.777106
"AS_M_2",1.777282
"AS_M_2",1.777567
"AS_M_2",1.777974
"AS_M_2",1.777749
"AS_M_2",1.77812
"AS_M_2",1.778091
"AS_M_2",1.777846
"AS_M_2",1.777744
"AS_M_2",1.777635
"AS_M_2",1.777737
"AS_M_2",1.777884
"AS_M_2",1.777844
"AS_M_2",1.777619
"AS_M_2",1.777417
"AS_M_2",1.777235
"AS_M_2",1.777246
"AS_M_2",1.777451
"AS_M_2",1.777549
"AS_M_2",1.777521
"AS_M_2",1.777509
"AS_M_2",1.777547
"AS_M_2",1.777573
"AS_M_2",1.77767
"AS_M_2",1.777626
"AS_M_2",1.777583
"AS_M_2",1.77755
"AS_M_2",1.777558
"AS_M_2",1.777448
"AS_M_2",1.777327
"AS_M_2",1.777198
"AS_M_2",1.777018
"AS_M_2",1.776902
"AS_M_2",1.77683
"AS_M_2",1.776791
"AS_M_2",1.776814
"AS_M_2",1.776795
"AS_M_2",1.776853
"AS_M_2",1.776888
"AS_M_2",1.776935
"AS_M_2",1.776941
"AS_M_2",1.776989
"AS_M_2",1.77547
"AS_M_2",1.775465
"AS_M_2",1.775424
"AS_M_2",1.775371
"AS_M_2",1.775336
"AS_M_2",1.775318
"AS_M_2",1.775292
"AS_M_2",1.775272
"AS_M_2",1.775268
"AS_M_2",1.775259
"AS_M_2",1.775241
"AS_M_2",1.775235
"AS_M_2",1.775238
"AS_M_2",1.775232
"AS_M_2",1.775228
"AS_M_2",1.775221
"AS_M_2",1.775219
"AS_M_2",1.775263
"AS_M_2",1.775262
"AS_M_2",1.775252
"AS_M_2",1.775221
"AS_M_2",1.775208
"AS_M_2",1.775185
"AS_M_2",1.775169
"AS_M_2",1.775161
"AS_M_2",1.775136
"AS_M_2",1.775128
"AS_M_2",1.775221
"AS_M_2",1.775322
"AS_M_2",1.775396
"AS_M_2",1.775418
"AS_M_2",1.775585
"AS_M_2",1.775733
"AS_M_2",1.776067
"AS_M_2",1.776227
"AS_M_2",1.776335
"AS_M_2",1.776428
"AS_M_2",1.776425
"AS_M_2",1.776384
"AS_M_2",1.77626
"AS_M_2",1.776066
"AS_M_2",1.776046
"AS_M_2",1.77612
"AS_M_2",1.776111
"AS_M_2",1.776065
"AS_M_2",1.775903
"AS_M_2",1.775865
"AS_M_2",1.775885
"AS_M_2",1.776055
"AS_M_2",1.776179
"AS_M_2",1.776371
"AS_M_2",1.776582
"AS_M_2",1.776898
"AS_M_2",1.777166
"AS_M_2",1.777285
"AS_M_2",1.777418
"AS_M_2",1.777389
"AS_M_2",1.777338
"AS_M_2",1.777303
"AS_M_2",1.77731
"AS_M_2",1.777327
"AS_M_2",1.777353
"AS_M_2",1.777367
"AS_M_2",1.777374
"AS_M_2",1.777351
"AS_M_2",1.777307
"AS_M_2",1.777229
"AS_M_2",1.777141
"AS_M_2",1.777046
"AS_M_2",1.776996
"AS_M_2",1.776952
"AS_M_2",1.776916
"AS_M_2",1.776856
"AS_M_2",1.775144
"AS_M_2",1.775073
"AS_M_2",1.774952
"AS_M_2",1.774826
"AS_M_2",1.774674
"AS_M_2",1.774493
"AS_M_2",1.774312
"AS_M_2",1.774146
"AS_M_2",1.774014
"AS_M_2",1.773874
"AS_M_2",1.773794
"AS_M_2",1.773732
"AS_M_2",1.773673
"AS_M_2",1.77363
"AS_M_2",1.773585
"AS_M_2",1.773574
"AS_M_2",1.773509
"AS_M_2",1.773446
"AS_M_2",1.773404
"AS_M_2",1.773235
"AS_M_2",1.773104
"AS_M_2",1.772919
"AS_M_2",1.772824
"AS_M_2",1.772817
"AS_M_2",1.772495
"AS_M_2",1.772246
"AS_M_2",1.771928
"AS_M_2",1.771605
"AS_M_2",1.771702
"AS_M_2",1.771863
"AS_M_2",1.771946
"AS_M_2",1.771702
"AS_M_2",1.771575
"AS_M_2",1.771697
"AS_M_2",1.771778
"AS_M_2",1.771657
"AS_M_2",1.771782
"AS_M_2",1.771931
"AS_M_2",1.772099
"AS_M_2",1.772292
"AS_M_2",1.772546
"AS_M_2",1.772805
"AS_M_2",1.773054
"AS_M_2",1.773188
"AS_M_2",1.77329
"AS_M_2",1.773445
"AS_M_2",1.773509
"AS_M_2",1.773508
"AS_M_2",1.77349
"AS_M_2",1.773467
"AS_M_2",1.773387
"AS_M_2",1.773337
"AS_M_2",1.773347
"AS_M_2",1.773363
"AS_M_2",1.773314
"AS_M_2",1.773264
"AS_M_2",1.773261
"AS_M_2",1.773315
"AS_M_2",1.773353
"AS_M_2",1.77341
"AS_M_2",1.773471
"AS_M_2",1.773552
"AS_M_2",1.773643
"AS_M_2",1.773819
"AS_M_2",1.773938
"AS_M_2",1.774086
"AS_M_2",1.774202
"AS_M_2",1.774329
"AS_M_2",1.774441
"AS_M_2",1.774519
"AS_M_2",1.774591
"AS_M_2",1.774562
"AS_M_2",1.774539
"AS_M_2",1.774526
"AS_M_2",1.774535
"AS_M_2",1.762576
"AS_M_2",1.762535
"AS_M_2",1.76251
"AS_M_2",1.762484
"AS_M_2",1.762469
"AS_M_2",1.762426
"AS_M_2",1.762405
"AS_M_2",1.762372
"AS_M_2",1.762354
"AS_M_2",1.762385
"AS_M_2",1.762425
"AS_M_2",1.762419
"AS_M_2",1.762396
"AS_M_2",1.762353
"AS_M_2",1.762309
"AS_M_2",1.762293
"AS_M_2",1.762314
"AS_M_2",1.762372
"AS_M_2",1.76256
"AS_M_2",1.762782
"AS_M_2",1.76329
"AS_M_2",1.763306
"AS_M_2",1.763402
"AS_M_2",1.763454
"AS_M_2",1.763476
"AS_M_2",1.763453
"AS_M_2",1.763462
"AS_M_2",1.763412
"AS_M_2",1.763327
"AS_M_2",1.763301
"AS_M_2",1.763264
"AS_M_2",1.763211
"AS_M_2",1.763082
"AS_M_2",1.762933
"AS_M_2",1.762838
"AS_M_2",1.762831
"AS_M_2",1.762855
"AS_M_2",1.763035
"AS_M_2",1.763142
"AS_M_2",1.763191
"AS_M_2",1.763064
"AS_M_2",1.762935
"AS_M_2",1.762877
"AS_M_2",1.762835
"AS_M_2",1.762782
"AS_M_2",1.762814
"AS_M_2",1.762878
"AS_M_2",1.762915
"AS_M_2",1.762976
"AS_M_2",1.76294
"AS_M_2",1.762908
"AS_M_2",1.762853
"AS_M_2",1.762831
"AS_M_2",1.762906
"AS_M_2",1.762903
"AS_M_2",1.762847
"AS_M_2",1.762801
"AS_M_2",1.762815
"AS_M_2",1.76284
"AS_M_2",1.76282
"AS_M_2",1.762795
"AS_M_2",1.762739
"AS_M_2",1.762694
"AS_M_2",1.762658
"AS_M_2",1.762608
"AS_M_2",1.762532
"AS_M_2",1.762457
"AS_M_2",1.762364
"AS_M_2",1.762297
"AS_M_2",1.762311
"AS_M_2",1.76228
"AS_M_2",1.762273
"AS_M_2",1.762235
"AS_M_2",1.763222
"AS_M_2",1.763198
"AS_M_2",1.763204
"AS_M_2",1.763214
"AS_M_2",1.76324
"AS_M_2",1.76328
"AS_M_2",1.763335
"AS_M_2",1.76335
"AS_M_2",1.763375
"AS_M_2",1.763376
"AS_M_2",1.763355
"AS_M_2",1.763341
"AS_M_2",1.76333
"AS_M_2",1.763337
"AS_M_2",1.763383
"AS_M_2",1.763376
"AS_M_2",1.763397
"AS_M_2",1.763401
"AS_M_2",1.763356
"AS_M_2",1.763329
"AS_M_2",1.763305
"AS_M_2",1.7633
"AS_M_2",1.763288
"AS_M_2",1.76327
"AS_M_2",1.763264
"AS_M_2",1.763322
"AS_M_2",1.76343
"AS_M_2",1.763489
"AS_M_2",1.763476
"AS_M_2",1.763563
"AS_M_2",1.76362
"AS_M_2",1.763731
"AS_M_2",1.763823
"AS_M_2",1.763929
"AS_M_2",1.76403
"AS_M_2",1.764061
"AS_M_2",1.76408
"AS_M_2",1.764025
"AS_M_2",1.763882
"AS_M_2",1.763856
"AS_M_2",1.763752
"AS_M_2",1.763735
"AS_M_2",1.763878
"AS_M_2",1.763874
"AS_M_2",1.763813
"AS_M_2",1.763706
"AS_M_2",1.763646
"AS_M_2",1.763652
"AS_M_2",1.763729
"AS_M_2",1.763777
"AS_M_2",1.763799
"AS_M_2",1.763821
"AS_M_2",1.763855
"AS_M_2",1.763921
"AS_M_2",1.763943
"AS_M_2",1.763924
"AS_M_2",1.763925
"AS_M_2",1.763984
"AS_M_2",1.763988
"AS_M_2",1.763954
"AS_M_2",1.763906
"AS_M_2",1.763839
"AS_M_2",1.763812
"AS_M_2",1.763784
"AS_M_2",1.76373
"AS_M_2",1.763653
"AS_M_2",1.763616
"AS_M_2",1.763593
"AS_M_2",1.763575
"AS_M_2",1.763577
"AS_M_2",1.763587
"AS_M_2",1.763556
"AS_M_2",1.76353
"AS_M_2",1.763266
"AS_M_2",1.763265
"AS_M_2",1.763268
"AS_M_2",1.763265
"AS_M_2",1.76327
"AS_M_2",1.763259
"AS_M_2",1.763254
"AS_M_2",1.763256
"AS_M_2",1.76327
"AS_M_2",1.763296
"AS_M_2",1.763323
"AS_M_2",1.763384
"AS_M_2",1.763422
"AS_M_2",1.76347
"AS_M_2",1.763522
"AS_M_2",1.763582
"AS_M_2",1.763611
"AS_M_2",1.763611
"AS_M_2",1.763598
"AS_M_2",1.763596
"AS_M_2",1.763591
"AS_M_2",1.763583
"AS_M_2",1.763564
"AS_M_2",1.763526
"AS_M_2",1.763488
"AS_M_2",1.763442
"AS_M_2",1.763365
"AS_M_2",1.763305
"AS_M_2",1.763267
"AS_M_2",1.763242
"AS_M_2",1.763236
"AS_M_2",1.763277
"AS_M_2",1.763286
"AS_M_2",1.763299
"AS_M_2",1.763389
"AS_M_2",1.763471
"AS_M_2",1.763526
"AS_M_2",1.763517
"AS_M_2",1.763531
"AS_M_2",1.763649
"AS_M_2",1.763767
"AS_M_2",1.763982
"AS_M_2",1.764188
"AS_M_2",1.764219
"AS_M_2",1.764258
"AS_M_2",1.764292
"AS_M_2",1.764425
"AS_M_2",1.764504
"AS_M_2",1.764529
"AS_M_2",1.764487
"AS_M_2",1.764348
"AS_M_2",1.764237
"AS_M_2",1.764159
"AS_M_2",1.764076
"AS_M_2",1.763943
"AS_M_2",1.76394
"AS_M_2",1.763924
"AS_M_2",1.763852
"AS_M_2",1.763822
"AS_M_2",1.763866
"AS_M_2",1.763931
"AS_M_2",1.76396
"AS_M_2",1.763987
"AS_M_2",1.764024
"AS_M_2",1.764058
"AS_M_2",1.764082
"AS_M_2",1.764137
"AS_M_2",1.7642
"AS_M_2",1.764226
"AS_M_2",1.764244
"AS_M_2",1.764262
"AS_M_2",1.764268
"ME_F_1",1.731348
"ME_F_1",1.73143
"ME_F_1",1.731424
"ME_F_1",1.731456
"ME_F_1",1.731491
"ME_F_1",1.731575
"ME_F_1",1.731574
"ME_F_1",1.731526
"ME_F_1",1.73141
"ME_F_1",1.731367
"ME_F_1",1.731367
"ME_F_1",1.731377
"ME_F_1",1.731332
"ME_F_1",1.731348
"ME_F_1",1.731444
"ME_F_1",1.731447
"ME_F_1",1.731433
"ME_F_1",1.731443
"ME_F_1",1.731564
"ME_F_1",1.731856
"ME_F_1",1.73216
"ME_F_1",1.732374
"ME_F_1",1.732299
"ME_F_1",1.732352
"ME_F_1",1.73245
"ME_F_1",1.732615
"ME_F_1",1.732701
"ME_F_1",1.732731
"ME_F_1",1.7327
"ME_F_1",1.732688
"ME_F_1",1.732682
"ME_F_1",1.732657
"ME_F_1",1.732611
"ME_F_1",1.732674
"ME_F_1",1.732788
"ME_F_1",1.732803
"ME_F_1",1.732818
"ME_F_1",1.732831
"ME_F_1",1.732905
"ME_F_1",1.733009
"ME_F_1",1.733059
"ME_F_1",1.733126
"ME_F_1",1.733096
"ME_F_1",1.733092
"ME_F_1",1.733096
"ME_F_1",1.733082
"ME_F_1",1.733156
"ME_F_1",1.733242
"ME_F_1",1.733334
"ME_F_1",1.733376
"ME_F_1",1.733263
"ME_F_1",1.73323
"ME_F_1",1.733238
"ME_F_1",1.733294
"ME_F_1",1.733359
"ME_F_1",1.733331
"ME_F_1",1.733326
"ME_F_1",1.733297
"ME_F_1",1.733239
"ME_F_1",1.73318
"ME_F_1",1.733104
"ME_F_1",1.733052
"ME_F_1",1.732988
"ME_F_1",1.732915
"ME_F_1",1.732843
"ME_F_1",1.732769
"ME_F_1",1.732733
"ME_F_1",1.732729
"ME_F_1",1.73277
"ME_F_1",1.732752
"ME_F_1",1.73276
"ME_F_1",1.732798
"ME_F_1",1.732793
"ME_F_1",1.732321
"ME_F_1",1.732327
"ME_F_1",1.732446
"ME_F_1",1.732523
"ME_F_1",1.732583
"ME_F_1",1.732643
"ME_F_1",1.732786
"ME_F_1",1.732922
"ME_F_1",1.733066
"ME_F_1",1.733119
"ME_F_1",1.73334
"ME_F_1",1.733427
"ME_F_1",1.733607
"ME_F_1",1.733602
"ME_F_1",1.733631
"ME_F_1",1.733752
"ME_F_1",1.733836
"ME_F_1",1.733888
"ME_F_1",1.733935
"ME_F_1",1.733914
"ME_F_1",1.733877
"ME_F_1",1.733892
"ME_F_1",1.733877
"ME_F_1",1.733847
"ME_F_1",1.733808
"ME_F_1",1.73379
"ME_F_1",1.733803
"ME_F_1",1.733763
"ME_F_1",1.733712
"ME_F_1",1.733675
"ME_F_1",1.733702
"ME_F_1",1.733732
"ME_F_1",1.733832
"ME_F_1",1.733877
"ME_F_1",1.734079
"ME_F_1",1.734135
"ME_F_1",1.734141
"ME_F_1",1.734055
"ME_F_1",1.733989
"ME_F_1",1.733936
"ME_F_1",1.733934
"ME_F_1",1.733979
"ME_F_1",1.734
"ME_F_1",1.733969
"ME_F_1",1.733948
"ME_F_1",1.733899
"ME_F_1",1.73389
"ME_F_1",1.73399
"ME_F_1",1.734065
"ME_F_1",1.73414
"ME_F_1",1.73424
"ME_F_1",1.734272
"ME_F_1",1.734292
"ME_F_1",1.73436
"ME_F_1",1.734465
"ME_F_1",1.734513
"ME_F_1",1.734462
"ME_F_1",1.73438
"ME_F_1",1.734324
"ME_F_1",1.734357
"ME_F_1",1.734417
"ME_F_1",1.734429
"ME_F_1",1.73442
"ME_F_1",1.734417
"ME_F_1",1.73443
"ME_F_1",1.734412
"ME_F_1",1.73435
"ME_F_1",1.734342
"ME_F_1",1.734344
"ME_F_1",1.734365
"ME_F_1",1.73439
"ME_F_1",1.734326
"ME_F_1",1.734251
"ME_F_1",1.732401
"ME_F_1",1.732407
"ME_F_1",1.732363
"ME_F_1",1.732286
"ME_F_1",1.732264
"ME_F_1",1.732212
"ME_F_1",1.732167
"ME_F_1",1.732175
"ME_F_1",1.732161
"ME_F_1",1.732147
"ME_F_1",1.732146
"ME_F_1",1.732145
"ME_F_1",1.732114
"ME_F_1",1.732105
"ME_F_1",1.732218
"ME_F_1",1.732394
"ME_F_1",1.732438
"ME_F_1",1.732432
"ME_F_1",1.732305
"ME_F_1",1.732425
"ME_F_1",1.732617
"ME_F_1",1.732821
"ME_F_1",1.732944
"ME_F_1",1.732865
"ME_F_1",1.732873
"ME_F_1",1.732961
"ME_F_1",1.733003
"ME_F_1",1.732907
"ME_F_1",1.732867
"ME_F_1",1.732789
"ME_F_1",1.732726
"ME_F_1",1.732571
"ME_F_1",1.732442
"ME_F_1",1.732284
"ME_F_1",1.732138
"ME_F_1",1.732126
"ME_F_1",1.732089
"ME_F_1",1.732
"ME_F_1",1.731955
"ME_F_1",1.731916
"ME_F_1",1.731842
"ME_F_1",1.7318
"ME_F_1",1.731788
"ME_F_1",1.731884
"ME_F_1",1.731908
"ME_F_1",1.731848
"ME_F_1",1.731835
"ME_F_1",1.731878
"ME_F_1",1.731894
"ME_F_1",1.731887
"ME_F_1",1.731866
"ME_F_1",1.731935
"ME_F_1",1.731995
"ME_F_1",1.732109
"ME_F_1",1.732249
"ME_F_1",1.732303
"ME_F_1",1.732325
"ME_F_1",1.732331
"ME_F_1",1.732412
"ME_F_1",1.732495
"ME_F_1",1.732518
"ME_F_1",1.732489
"ME_F_1",1.732444
"ME_F_1",1.732433
"ME_F_1",1.732397
"ME_F_1",1.732363
"ME_F_1",1.732325
"ME_F_1",1.732298
"ME_F_1",1.732243
"ME_F_1",1.732189
"ME_F_1",1.732139
"ME_F_1",1.732219
"ME_F_1",1.732282
"ME_F_1",1.706117
"ME_F_1",1.7061
"ME_F_1",1.706074
"ME_F_1",1.706035
"ME_F_1",1.706017
"ME_F_1",1.706004
"ME_F_1",1.706008
"ME_F_1",1.706028
"ME_F_1",1.706058
"ME_F_1",1.706119
"ME_F_1",1.706177
"ME_F_1",1.706233
"ME_F_1",1.706277
"ME_F_1",1.706378
"ME_F_1",1.706491
"ME_F_1",1.706588
"ME_F_1",1.706678
"ME_F_1",1.706741
"ME_F_1",1.706826
"ME_F_1",1.706802
"ME_F_1",1.706891
"ME_F_1",1.706965
"ME_F_1",1.707029
"ME_F_1",1.707095
"ME_F_1",1.707113
"ME_F_1",1.707139
"ME_F_1",1.707174
"ME_F_1",1.707191
"ME_F_1",1.707197
"ME_F_1",1.707192
"ME_F_1",1.707238
"ME_F_1",1.707295
"ME_F_1",1.707404
"ME_F_1",1.707555
"ME_F_1",1.707698
"ME_F_1",1.707822
"ME_F_1",1.707842
"ME_F_1",1.707842
"ME_F_1",1.707869
"ME_F_1",1.707869
"ME_F_1",1.707905
"ME_F_1",1.707897
"ME_F_1",1.707899
"ME_F_1",1.707874
"ME_F_1",1.70778
"ME_F_1",1.707713
"ME_F_1",1.70765
"ME_F_1",1.707552
"ME_F_1",1.70747
"ME_F_1",1.707435
"ME_F_1",1.707362
"ME_F_1",1.707351
"ME_F_1",1.707339
"ME_F_1",1.70749
"ME_F_1",1.707503
"ME_F_1",1.707478
"ME_F_1",1.707465
"ME_F_1",1.70751
"ME_F_1",1.707541
"ME_F_1",1.707585
"ME_F_1",1.707677
"ME_F_1",1.707787
"ME_F_1",1.707938
"ME_F_1",1.707963
"ME_F_1",1.707819
"ME_F_1",1.70783
"ME_F_1",1.707872
"ME_F_1",1.707891
"ME_F_1",1.707871
"ME_F_1",1.707803
"ME_F_1",1.707744
"ME_F_1",1.707676
"ME_F_1",1.707644
"ME_F_1",1.70718
"ME_F_1",1.707219
"ME_F_1",1.707292
"ME_F_1",1.707334
"ME_F_1",1.707369
"ME_F_1",1.707469
"ME_F_1",1.707551
"ME_F_1",1.707695
"ME_F_1",1.707865
"ME_F_1",1.70805
"ME_F_1",1.708171
"ME_F_1",1.708259
"ME_F_1",1.708404
"ME_F_1",1.708496
"ME_F_1",1.708667
"ME_F_1",1.708701
"ME_F_1",1.708783
"ME_F_1",1.708774
"ME_F_1",1.708834
"ME_F_1",1.708863
"ME_F_1",1.708894
"ME_F_1",1.708877
"ME_F_1",1.708898
"ME_F_1",1.708874
"ME_F_1",1.708853
"ME_F_1",1.708844
"ME_F_1",1.708806
"ME_F_1",1.70877
"ME_F_1",1.708741
"ME_F_1",1.708712
"ME_F_1",1.708698
"ME_F_1",1.70866
"ME_F_1",1.708588
"ME_F_1",1.708507
"ME_F_1",1.708457
"ME_F_1",1.708496
"ME_F_1",1.708603
"ME_F_1",1.708757
"ME_F_1",1.708778
"ME_F_1",1.708719
"ME_F_1",1.708658
"ME_F_1",1.708583
"ME_F_1",1.708564
"ME_F_1",1.708551
"ME_F_1",1.708534
"ME_F_1",1.708539
"ME_F_1",1.708509
"ME_F_1",1.708514
"ME_F_1",1.708493
"ME_F_1",1.708482
"ME_F_1",1.708448
"ME_F_1",1.708405
"ME_F_1",1.708372
"ME_F_1",1.708339
"ME_F_1",1.708324
"ME_F_1",1.708306
"ME_F_1",1.708283
"ME_F_1",1.708245
"ME_F_1",1.70821
"ME_F_1",1.708171
"ME_F_1",1.708145
"ME_F_1",1.708123
"ME_F_1",1.708104
"ME_F_1",1.708069
"ME_F_1",1.708056
"ME_F_1",1.708087
"ME_F_1",1.70809
"ME_F_1",1.708079
"ME_F_1",1.708061
"ME_F_1",1.70801
"ME_F_1",1.707957
"ME_F_1",1.707825
"ME_F_1",1.706556
"ME_F_1",1.706578
"ME_F_1",1.706592
"ME_F_1",1.706655
"ME_F_1",1.706683
"ME_F_1",1.7067
"ME_F_1",1.706708
"ME_F_1",1.706691
"ME_F_1",1.706696
"ME_F_1",1.706707
"ME_F_1",1.706717
"ME_F_1",1.706723
"ME_F_1",1.706723
"ME_F_1",1.706721
"ME_F_1",1.706705
"ME_F_1",1.706681
"ME_F_1",1.706649
"ME_F_1",1.706627
"ME_F_1",1.706603
"ME_F_1",1.706506
"ME_F_1",1.706444
"ME_F_1",1.706344
"ME_F_1",1.706264
"ME_F_1",1.706232
"ME_F_1",1.706335
"ME_F_1",1.706413
"ME_F_1",1.706462
"ME_F_1",1.706576
"ME_F_1",1.70666
"ME_F_1",1.70678
"ME_F_1",1.706923
"ME_F_1",1.70705
"ME_F_1",1.707181
"ME_F_1",1.707333
"ME_F_1",1.707453
"ME_F_1",1.707516
"ME_F_1",1.707608
"ME_F_1",1.707527
"ME_F_1",1.707394
"ME_F_1",1.707223
"ME_F_1",1.707102
"ME_F_1",1.707045
"ME_F_1",1.707062
"ME_F_1",1.707177
"ME_F_1",1.707189
"ME_F_1",1.707219
"ME_F_1",1.707273
"ME_F_1",1.707397
"ME_F_1",1.707536
"ME_F_1",1.70765
"ME_F_1",1.707748
"ME_F_1",1.707745
"ME_F_1",1.707733
"ME_F_1",1.707722
"ME_F_1",1.707595
"ME_F_1",1.707438
"ME_F_1",1.707331
"ME_F_1",1.707295
"ME_F_1",1.707305
"ME_F_1",1.707265
"ME_F_1",1.707216
"ME_F_1",1.707159
"ME_F_1",1.707131
"ME_F_1",1.707118
"ME_F_1",1.707171
"ME_F_1",1.707191
"ME_F_1",1.707258
"ME_F_1",1.707295
"ME_F_1",1.707239
"ME_F_1",1.707187
"ME_F_1",1.707057
"ME_F_1",1.707001
"ME_F_1",1.706946
"ME_F_1",1.70676
"ME_F_1",1.706818
"ME_F_1",1.706932
"ME_F_1",1.707005
"ME_F_1",1.707109
"ME_F_1",1.70719
"ME_F_1",1.707227
"ME_F_1",1.707261
"ME_F_1",1.707272
"ME_F_1",1.707274
"ME_F_1",1.707215
"ME_F_1",1.707232
"ME_F_1",1.707226
"ME_F_1",1.707266
"ME_F_1",1.707365
"ME_F_1",1.707382
"ME_F_1",1.707433
"ME_F_1",1.70749
"ME_F_1",1.707577
"ME_F_1",1.707705
"ME_F_1",1.707877
"ME_F_1",1.708029
"ME_F_1",1.708135
"ME_F_1",1.708167
"ME_F_1",1.708152
"ME_F_1",1.708144
"ME_F_1",1.707912
"ME_F_1",1.707884
"ME_F_1",1.707796
"ME_F_1",1.707772
"ME_F_1",1.707852
"ME_F_1",1.707866
"ME_F_1",1.707936
"ME_F_1",1.707881
"ME_F_1",1.707875
"ME_F_1",1.707872
"ME_F_1",1.70798
"ME_F_1",1.708026
"ME_F_1",1.708097
"ME_F_1",1.707975
"ME_F_1",1.707869
"ME_F_1",1.707752
"ME_F_1",1.707825
"ME_F_1",1.707837
"ME_F_1",1.707831
"ME_F_1",1.707813
"ME_F_1",1.707816
"ME_F_1",1.707813
"ME_F_1",1.707918
"ME_F_1",1.708019
"ME_F_1",1.708239
"ME_F_1",1.708359
"ME_F_1",1.708465
"ME_F_1",1.708525
"ME_F_1",1.708482
"ME_F_1",1.708512
"ME_F_1",1.708494
"ME_F_1",1.708517
"ME_F_1",1.708488
"ME_F_1",1.708463
"ME_F_1",1.708414
"ME_F_1",1.708362
"ME_F_1",1.708321
"ME_F_1",1.708302
"ME_F_1",1.708246
"ME_F_1",1.708166
"ME_F_1",1.708085
"ME_F_1",1.708034
"ME_F_1",1.707966
"ME_F_1",1.707918
"ME_F_1",1.707876
"ME_F_1",1.707786
"ME_F_1",1.707802
"ME_F_1",1.708447
"ME_F_1",1.708437
"ME_F_1",1.708443
"ME_F_1",1.708455
"ME_F_1",1.708445
"ME_F_1",1.708369
"ME_F_1",1.708326
"ME_F_1",1.708286
"ME_F_1",1.708197
"ME_F_1",1.708204
"ME_F_1",1.708225
"ME_F_1",1.708257
"ME_F_1",1.708286
"ME_F_1",1.708262
"ME_F_1",1.708212
"ME_F_1",1.708171
"ME_F_1",1.708172
"ME_F_1",1.708239
"ME_F_1",1.708249
"ME_F_1",1.708233
"ME_F_1",1.708194
"ME_F_1",1.708182
"ME_F_1",1.708173
"ME_F_1",1.708207
"ME_F_1",1.708214
"ME_F_1",1.7082
"ME_F_1",1.708186
"ME_F_1",1.708212
"ME_F_1",1.708212
"ME_F_1",1.708209
"ME_F_1",1.708228
"ME_F_1",1.708249
"ME_F_1",1.708241
"ME_F_1",1.708248
"ME_F_1",1.708228
"ME_F_1",1.708221
"ME_F_1",1.708205
"ME_F_1",1.708199
"ME_F_1",1.708183
"ME_F_1",1.70818
"ME_F_1",1.70812
"ME_F_1",1.708139
"ME_F_1",1.708116
"ME_F_1",1.708136
"ME_F_1",1.708104
"ME_F_1",1.708031
"ME_F_1",1.707979
"ME_F_1",1.707906
"ME_F_1",1.707906
"ME_F_1",1.70793
"ME_F_1",1.707931
"ME_F_1",1.707931
"ME_F_1",1.707925
"ME_F_1",1.707834
"ME_F_1",1.707755
"ME_F_1",1.707645
"ME_F_1",1.707512
"ME_F_1",1.707431
"ME_F_1",1.707369
"ME_F_1",1.707302
"ME_F_1",1.707279
"ME_F_1",1.707258
"ME_F_1",1.707245
"ME_F_1",1.70721
"ME_F_1",1.70721
"ME_F_1",1.707243
"ME_F_1",1.707231
"ME_F_1",1.707259
"ME_F_1",1.707351
"ME_F_1",1.707405
"ME_F_1",1.707436
"ME_F_1",1.707451
"ME_F_1",1.707496
"ME_F_1",1.707673
"ME_F_1",1.707721
"ME_F_1",1.707753
"ME_F_1",1.707813
"ME_F_1",1.707904
"ME_F_1",1.707986
"ME_F_1",1.708071
"ME_F_1",1.708183
"ME_F_1",1.70821
"ME_F_1",1.708227
"ME_F_1",1.70827
"ME_F_1",1.708339
"ME_F_1",1.708453
"ME_F_1",1.708521
"ME_F_1",1.708601
"ME_F_1",1.708636
"ME_F_1",1.70866
"ME_F_1",1.708682
"ME_F_1",1.708681
"ME_F_1",1.708702
"ME_F_1",1.708701
"ME_F_1",1.708739
"ME_F_1",1.708741
"ME_F_1",1.708665
"ME_F_1",1.708581
"ME_F_1",1.708505
"ME_F_1",1.708432
"ME_F_1",1.708347
"ME_F_1",1.708303
"ME_F_1",1.708212
"ME_F_1",1.708123
"ME_F_1",1.708125
"ME_F_1",1.708172
"ME_F_1",1.708203
"ME_F_1",1.708213
"ME_F_1",1.708163
"ME_F_1",1.708133
"ME_F_1",1.708139
"ME_F_1",1.708053
"ME_F_1",1.707982
"ME_F_1",1.707884
"ME_F_1",1.707835
"ME_F_1",1.7078
"ME_F_1",1.70778
"ME_F_1",1.707779
"ME_F_1",1.707824
"ME_F_1",1.707884
"ME_F_1",1.707923
"ME_F_1",1.707922
"ME_F_1",1.707916
"ME_F_1",1.707878
"ME_F_1",1.707836
"ME_F_1",1.707804
"ME_F_1",1.707718
"ME_F_1",1.707653
"ME_F_1",1.707561
"ME_F_1",1.707514
"ME_F_1",1.707488
"ME_F_1",1.707504
"ME_F_1",1.707545
"ME_F_1",1.707561
"ME_F_1",1.707566
"ME_F_1",1.707546
"ME_F_1",1.707485
"ME_F_1",1.707427
"ME_F_1",1.707304
"ME_F_1",1.707133
"ME_F_1",1.70697
"ME_F_1",1.706964
"ME_F_1",1.706775
"ME_F_1",1.706774
"ME_F_1",1.706831
"ME_F_1",1.706861
"ME_F_1",1.722067
"ME_F_1",1.722028
"ME_F_1",1.722004
"ME_F_1",1.722023
"ME_F_1",1.721984
"ME_F_1",1.721956
"ME_F_1",1.721913
"ME_F_1",1.721869
"ME_F_1",1.721913
"ME_F_1",1.721916
"ME_F_1",1.721926
"ME_F_1",1.721959
"ME_F_1",1.722036
"ME_F_1",1.722074
"ME_F_1",1.722112
"ME_F_1",1.722165
"ME_F_1",1.722265
"ME_F_1",1.722435
"ME_F_1",1.722737
"ME_F_1",1.7234
"ME_F_1",1.723523
"ME_F_1",1.723799
"ME_F_1",1.724151
"ME_F_1",1.724466
"ME_F_1",1.724535
"ME_F_1",1.724476
"ME_F_1",1.724488
"ME_F_1",1.724572
"ME_F_1",1.724989
"ME_F_1",1.725061
"ME_F_1",1.725055
"ME_F_1",1.725077
"ME_F_1",1.724938
"ME_F_1",1.724763
"ME_F_1",1.724618
"ME_F_1",1.724475
"ME_F_1",1.724337
"ME_F_1",1.7243
"ME_F_1",1.724349
"ME_F_1",1.724305
"ME_F_1",1.724149
"ME_F_1",1.72404
"ME_F_1",1.724029
"ME_F_1",1.724102
"ME_F_1",1.724187
"ME_F_1",1.724255
"ME_F_1",1.724315
"ME_F_1",1.72438
"ME_F_1",1.724339
"ME_F_1",1.7244
"ME_F_1",1.724449
"ME_F_1",1.724528
"ME_F_1",1.72454
"ME_F_1",1.724564
"ME_F_1",1.724479
"ME_F_1",1.724388
"ME_F_1",1.724381
"ME_F_1",1.724437
"ME_F_1",1.724483
"ME_F_1",1.724468
"ME_F_1",1.724401
"ME_F_1",1.724434
"ME_F_1",1.724548
"ME_F_1",1.724626
"ME_F_1",1.724762
"ME_F_1",1.724849
"ME_F_1",1.724942
"ME_F_1",1.725026
"ME_F_1",1.725068
"ME_F_1",1.725149
"ME_F_1",1.725218
"ME_F_1",1.725311
"ME_F_1",1.725554
"ME_F_1",1.725274
"ME_F_1",1.725301
"ME_F_1",1.725337
"ME_F_1",1.725313
"ME_F_1",1.725302
"ME_F_1",1.725271
"ME_F_1",1.725228
"ME_F_1",1.725172
"ME_F_1",1.725127
"ME_F_1",1.725069
"ME_F_1",1.725041
"ME_F_1",1.724974
"ME_F_1",1.724922
"ME_F_1",1.724875
"ME_F_1",1.724874
"ME_F_1",1.724951
"ME_F_1",1.724952
"ME_F_1",1.724978
"ME_F_1",1.725046
"ME_F_1",1.725145
"ME_F_1",1.725191
"ME_F_1",1.725192
"ME_F_1",1.725168
"ME_F_1",1.725204
"ME_F_1",1.725263
"ME_F_1",1.725356
"ME_F_1",1.725528
"ME_F_1",1.725585
"ME_F_1",1.725695
"ME_F_1",1.725677
"ME_F_1",1.725699
"ME_F_1",1.725661
"ME_F_1",1.725683
"ME_F_1",1.725702
"ME_F_1",1.725778
"ME_F_1",1.725799
"ME_F_1",1.725825
"ME_F_1",1.725769
"ME_F_1",1.725739
"ME_F_1",1.725711
"ME_F_1",1.725677
"ME_F_1",1.725643
"ME_F_1",1.725578
"ME_F_1",1.725502
"ME_F_1",1.72539
"ME_F_1",1.725328
"ME_F_1",1.725274
"ME_F_1",1.72534
"ME_F_1",1.725427
"ME_F_1",1.725459
"ME_F_1",1.725455
"ME_F_1",1.72545
"ME_F_1",1.725442
"ME_F_1",1.725422
"ME_F_1",1.7254
"ME_F_1",1.725388
"ME_F_1",1.725394
"ME_F_1",1.725435
"ME_F_1",1.725465
"ME_F_1",1.725481
"ME_F_1",1.725536
"ME_F_1",1.725594
"ME_F_1",1.725642
"ME_F_1",1.725675
"ME_F_1",1.725682
"ME_F_1",1.725737
"ME_F_1",1.725721
"ME_F_1",1.725703
"ME_F_1",1.725702
"ME_F_1",1.725691
"ME_F_1",1.725655
"ME_F_1",1.725621
"ME_F_1",1.725609
"ME_F_1",1.724447
"ME_F_1",1.724396
"ME_F_1",1.72441
"ME_F_1",1.724383
"ME_F_1",1.724296
"ME_F_1",1.724219
"ME_F_1",1.724172
"ME_F_1",1.724157
"ME_F_1",1.724148
"ME_F_1",1.724164
"ME_F_1",1.724226
"ME_F_1",1.724396
"ME_F_1",1.724461
"ME_F_1",1.724518
"ME_F_1",1.724513
"ME_F_1",1.724458
"ME_F_1",1.724434
"ME_F_1",1.724438
"ME_F_1",1.724419
"ME_F_1",1.724429
"ME_F_1",1.724486
"ME_F_1",1.724576
"ME_F_1",1.724692
"ME_F_1",1.724814
"ME_F_1",1.724882
"ME_F_1",1.724942
"ME_F_1",1.725041
"ME_F_1",1.725292
"ME_F_1",1.7254
"ME_F_1",1.725469
"ME_F_1",1.725517
"ME_F_1",1.725509
"ME_F_1",1.725499
"ME_F_1",1.725459
"ME_F_1",1.725312
"ME_F_1",1.725154
"ME_F_1",1.725036
"ME_F_1",1.724919
"ME_F_1",1.724815
"ME_F_1",1.724701
"ME_F_1",1.724625
"ME_F_1",1.72463
"ME_F_1",1.724598
"ME_F_1",1.724729
"ME_F_1",1.724766
"ME_F_1",1.724824
"ME_F_1",1.724845
"ME_F_1",1.72484
"ME_F_1",1.724799
"ME_F_1",1.724722
"ME_F_1",1.724633
"ME_F_1",1.724558
"ME_F_1",1.724525
"ME_F_1",1.724441
"ME_F_1",1.724476
"ME_F_1",1.724441
"ME_F_1",1.724412
"ME_F_1",1.724347
"ME_F_1",1.724272
"ME_F_1",1.724225
"ME_F_1",1.724136
"ME_F_1",1.724048
"ME_F_1",1.723964
"ME_F_1",1.723955
"ME_F_1",1.723883
"ME_F_1",1.723864
"ME_F_1",1.723797
"ME_F_1",1.723726
"ME_F_1",1.723666
"ME_F_1",1.723627
"ME_F_1",1.723694
"ME_F_1",1.72394
"ME_M_1",1.758873
"ME_M_1",1.75877
"ME_M_1",1.758644
"ME_M_1",1.758554
"ME_M_1",1.758525
"ME_M_1",1.7585
"ME_M_1",1.758477
"ME_M_1",1.75843
"ME_M_1",1.758392
"ME_M_1",1.758344
"ME_M_1",1.758303
"ME_M_1",1.758295
"ME_M_1",1.758287
"ME_M_1",1.758294
"ME_M_1",1.75834
"ME_M_1",1.758413
"ME_M_1",1.758538
"ME_M_1",1.758598
"ME_M_1",1.758684
"ME_M_1",1.758811
"ME_M_1",1.759894
"ME_M_1",1.760508
"ME_M_1",1.760764
"ME_M_1",1.760543
"ME_M_1",1.760799
"ME_M_1",1.761213
"ME_M_1",1.761634
"ME_M_1",1.761963
"ME_M_1",1.762231
"ME_M_1",1.762176
"ME_M_1",1.762175
"ME_M_1",1.762321
"ME_M_1",1.762661
"ME_M_1",1.76297
"ME_M_1",1.763188
"ME_M_1",1.76298
"ME_M_1",1.763299
"ME_M_1",1.763414
"ME_M_1",1.763487
"ME_M_1",1.763591
"ME_M_1",1.763588
"ME_M_1",1.763534
"ME_M_1",1.763463
"ME_M_1",1.763403
"ME_M_1",1.763319
"ME_M_1",1.76326
"ME_M_1",1.763221
"ME_M_1",1.763152
"ME_M_1",1.763201
"ME_M_1",1.763294
"ME_M_1",1.763334
"ME_M_1",1.76337
"ME_M_1",1.763367
"ME_M_1",1.763413
"ME_M_1",1.763415
"ME_M_1",1.763444
"ME_M_1",1.763473
"ME_M_1",1.763448
"ME_M_1",1.763395
"ME_M_1",1.763373
"ME_M_1",1.76333
"ME_M_1",1.763285
"ME_M_1",1.763268
"ME_M_1",1.763257
"ME_M_1",1.763262
"ME_M_1",1.763229
"ME_M_1",1.763158
"ME_M_1",1.763097
"ME_M_1",1.763078
"ME_M_1",1.763069
"ME_M_1",1.763053
"ME_M_1",1.763005
"ME_M_1",1.762926
"ME_M_1",1.763065
"ME_M_1",1.763026
"ME_M_1",1.762988
"ME_M_1",1.762966
"ME_M_1",1.762946
"ME_M_1",1.76294
"ME_M_1",1.762927
"ME_M_1",1.762881
"ME_M_1",1.762865
"ME_M_1",1.762843
"ME_M_1",1.762843
"ME_M_1",1.762818
"ME_M_1",1.762783
"ME_M_1",1.762759
"ME_M_1",1.762815
"ME_M_1",1.762825
"ME_M_1",1.762831
"ME_M_1",1.762812
"ME_M_1",1.762807
"ME_M_1",1.762816
"ME_M_1",1.762788
"ME_M_1",1.762783
"ME_M_1",1.762766
"ME_M_1",1.762736
"ME_M_1",1.76263
"ME_M_1",1.762494
"ME_M_1",1.762439
"ME_M_1",1.762522
"ME_M_1",1.762551
"ME_M_1",1.762568
"ME_M_1",1.762622
"ME_M_1",1.76265
"ME_M_1",1.762662
"ME_M_1",1.762671
"ME_M_1",1.762582
"ME_M_1",1.762511
"ME_M_1",1.762532
"ME_M_1",1.762549
"ME_M_1",1.762612
"ME_M_1",1.762596
"ME_M_1",1.762582
"ME_M_1",1.762609
"ME_M_1",1.762711
"ME_M_1",1.7628
"ME_M_1",1.762907
"ME_M_1",1.76296
"ME_M_1",1.7631
"ME_M_1",1.763271
"ME_M_1",1.763418
"ME_M_1",1.763489
"ME_M_1",1.763511
"ME_M_1",1.763496
"ME_M_1",1.763525
"ME_M_1",1.763561
"ME_M_1",1.763516
"ME_M_1",1.763362
"ME_M_1",1.76325
"ME_M_1",1.763178
"ME_M_1",1.763188
"ME_M_1",1.763153
"ME_M_1",1.763074
"ME_M_1",1.763042
"ME_M_1",1.762999
"ME_M_1",1.762917
"ME_M_1",1.762853
"ME_M_1",1.762798
"ME_M_1",1.762707
"ME_M_1",1.762632
"ME_M_1",1.762563
"ME_M_1",1.762477
"ME_M_1",1.762423
"ME_M_1",1.762423
"ME_M_1",1.761953
"ME_M_1",1.761979
"ME_M_1",1.762038
"ME_M_1",1.762073
"ME_M_1",1.762102
"ME_M_1",1.762135
"ME_M_1",1.762214
"ME_M_1",1.762282
"ME_M_1",1.7623
"ME_M_1",1.762332
"ME_M_1",1.762346
"ME_M_1",1.762372
"ME_M_1",1.762416
"ME_M_1",1.76244
"ME_M_1",1.762443
"ME_M_1",1.762478
"ME_M_1",1.762501
"ME_M_1",1.762526
"ME_M_1",1.762576
"ME_M_1",1.762612
"ME_M_1",1.762613
"ME_M_1",1.762563
"ME_M_1",1.76251
"ME_M_1",1.762582
"ME_M_1",1.762637
"ME_M_1",1.762766
"ME_M_1",1.762939
"ME_M_1",1.763018
"ME_M_1",1.763066
"ME_M_1",1.763107
"ME_M_1",1.763183
"ME_M_1",1.763237
"ME_M_1",1.763268
"ME_M_1",1.763326
"ME_M_1",1.763342
"ME_M_1",1.76339
"ME_M_1",1.763465
"ME_M_1",1.763552
"ME_M_1",1.763615
"ME_M_1",1.763523
"ME_M_1",1.763483
"ME_M_1",1.763456
"ME_M_1",1.763452
"ME_M_1",1.763455
"ME_M_1",1.763479
"ME_M_1",1.763525
"ME_M_1",1.76353
"ME_M_1",1.763488
"ME_M_1",1.76341
"ME_M_1",1.763379
"ME_M_1",1.76341
"ME_M_1",1.763385
"ME_M_1",1.763393
"ME_M_1",1.763359
"ME_M_1",1.763368
"ME_M_1",1.763362
"ME_M_1",1.763353
"ME_M_1",1.76334
"ME_M_1",1.763306
"ME_M_1",1.763285
"ME_M_1",1.763252
"ME_M_1",1.763213
"ME_M_1",1.763157
"ME_M_1",1.763117
"ME_M_1",1.763076
"ME_M_1",1.763043
"ME_M_1",1.762978
"ME_M_1",1.762917
"ME_M_1",1.762913
"ME_M_1",1.762897
"ME_M_1",1.762904
"ME_M_1",1.762894
"ME_M_1",1.752456
"ME_M_1",1.752536
"ME_M_1",1.752563
"ME_M_1",1.752599
"ME_M_1",1.752631
"ME_M_1",1.752758
"ME_M_1",1.752819
"ME_M_1",1.752938
"ME_M_1",1.753024
"ME_M_1",1.753098
"ME_M_1",1.753165
"ME_M_1",1.753227
"ME_M_1",1.753316
"ME_M_1",1.753402
"ME_M_1",1.753468
"ME_M_1",1.753625
"ME_M_1",1.753743
"ME_M_1",1.753898
"ME_M_1",1.754006
"ME_M_1",1.754088
"ME_M_1",1.754202
"ME_M_1",1.754325
"ME_M_1",1.754455
"ME_M_1",1.754548
"ME_M_1",1.754623
"ME_M_1",1.754703
"ME_M_1",1.754817
"ME_M_1",1.754962
"ME_M_1",1.75508
"ME_M_1",1.755208
"ME_M_1",1.755303
"ME_M_1",1.755445
"ME_M_1",1.755621
"ME_M_1",1.755786
"ME_M_1",1.755894
"ME_M_1",1.756013
"ME_M_1",1.75608
"ME_M_1",1.756119
"ME_M_1",1.756227
"ME_M_1",1.756307
"ME_M_1",1.756413
"ME_M_1",1.756534
"ME_M_1",1.756625
"ME_M_1",1.756744
"ME_M_1",1.756776
"ME_M_1",1.756782
"ME_M_1",1.756837
"ME_M_1",1.7569
"ME_M_1",1.756979
"ME_M_1",1.756991
"ME_M_1",1.75702
"ME_M_1",1.757062
"ME_M_1",1.757155
"ME_M_1",1.757263
"ME_M_1",1.757346
"ME_M_1",1.757394
"ME_M_1",1.757467
"ME_M_1",1.75748
"ME_M_1",1.757522
"ME_M_1",1.757505
"ME_M_1",1.757538
"ME_M_1",1.757576
"ME_M_1",1.757577
"ME_M_1",1.7576
"ME_M_1",1.757524
"ME_M_1",1.757443
"ME_M_1",1.757356
"ME_M_1",1.75728
"ME_M_1",1.757276
"ME_M_1",1.757294
"ME_M_1",1.757256
"ME_M_1",1.75722
"ME_M_1",1.75713
"ME_M_1",1.757955
"ME_M_1",1.757921
"ME_M_1",1.757861
"ME_M_1",1.757791
"ME_M_1",1.757712
"ME_M_1",1.757648
"ME_M_1",1.757714
"ME_M_1",1.757712
"ME_M_1",1.757715
"ME_M_1",1.757704
"ME_M_1",1.75777
"ME_M_1",1.757891
"ME_M_1",1.757955
"ME_M_1",1.757991
"ME_M_1",1.75796
"ME_M_1",1.757978
"ME_M_1",1.758012
"ME_M_1",1.758043
"ME_M_1",1.758076
"ME_M_1",1.75813
"ME_M_1",1.75814
"ME_M_1",1.758146
"ME_M_1",1.758125
"ME_M_1",1.758159
"ME_M_1",1.758191
"ME_M_1",1.758235
"ME_M_1",1.758232
"ME_M_1",1.758297
"ME_M_1",1.758328
"ME_M_1",1.758348
"ME_M_1",1.758427
"ME_M_1",1.758557
"ME_M_1",1.758632
"ME_M_1",1.758657
"ME_M_1",1.758672
"ME_M_1",1.758602
"ME_M_1",1.758581
"ME_M_1",1.758579
"ME_M_1",1.75854
"ME_M_1",1.758527
"ME_M_1",1.758525
"ME_M_1",1.75853
"ME_M_1",1.75854
"ME_M_1",1.758529
"ME_M_1",1.758504
"ME_M_1",1.758489
"ME_M_1",1.758499
"ME_M_1",1.75852
"ME_M_1",1.758516
"ME_M_1",1.758507
"ME_M_1",1.758495
"ME_M_1",1.758435
"ME_M_1",1.758393
"ME_M_1",1.758319
"ME_M_1",1.758205
"ME_M_1",1.758085
"ME_M_1",1.758
"ME_M_1",1.757936
"ME_M_1",1.757881
"ME_M_1",1.757843
"ME_M_1",1.757816
"ME_M_1",1.757797
"ME_M_1",1.757794
"ME_M_1",1.757822
"ME_M_1",1.757805
"ME_M_1",1.757785
"ME_M_1",1.757768
"ME_M_1",1.757784
"ME_M_1",1.757788
"ME_M_1",1.757787
"ME_M_1",1.757818
"ME_M_1",1.757879
"ME_M_1",1.757897
"ME_M_1",1.757806
"ME_M_1",1.75784
"ME_M_1",1.757851
"ME_M_1",1.757852
"ME_M_1",1.757841
"ME_M_1",1.757826
"ME_M_1",1.757812
"ME_M_1",1.757804
"ME_M_1",1.757782
"ME_M_1",1.757748
"ME_M_1",1.757731
"ME_M_1",1.757719
"ME_M_1",1.757717
"ME_M_1",1.757728
"ME_M_1",1.757742
"ME_M_1",1.757737
"ME_M_1",1.75772
"ME_M_1",1.757696
"ME_M_1",1.757689
"ME_M_1",1.757695
"ME_M_1",1.757707
"ME_M_1",1.75774
"ME_M_1",1.757789
"ME_M_1",1.757809
"ME_M_1",1.757839
"ME_M_1",1.757901
"ME_M_1",1.757942
"ME_M_1",1.75799
"ME_M_1",1.758039
"ME_M_1",1.7581
"ME_M_1",1.758125
"ME_M_1",1.758152
"ME_M_1",1.758182
"ME_M_1",1.758214
"ME_M_1",1.758247
"ME_M_1",1.758281
"ME_M_1",1.758291
"ME_M_1",1.758291
"ME_M_1",1.758238
"ME_M_1",1.758201
"ME_M_1",1.758143
"ME_M_1",1.758045
"ME_M_1",1.757951
"ME_M_1",1.757931
"ME_M_1",1.757909
"ME_M_1",1.758004
"ME_M_1",1.758101
"ME_M_1",1.758104
"ME_M_1",1.758119
"ME_M_1",1.758152
"ME_M_1",1.758204
"ME_M_1",1.758189
"ME_M_1",1.758173
"ME_M_1",1.758165
"ME_M_1",1.758277
"ME_M_1",1.758351
"ME_M_1",1.758371
"ME_M_1",1.758493
"ME_M_1",1.758678
"ME_M_1",1.758736
"ME_M_1",1.758799
"ME_M_1",1.758791
"ME_M_1",1.758916
"ME_M_1",1.759024
"ME_M_1",1.759067
"ME_M_1",1.759053
"ME_M_1",1.75905
"ME_M_1",1.759091
"ME_M_1",1.759132
"ME_M_1",1.759167
"ME_M_1",1.75913
"ME_M_1",1.759154
"ME_M_1",1.759121
"ME_M_1",1.735852
"ME_M_1",1.735897
"ME_M_1",1.735826
"ME_M_1",1.735786
"ME_M_1",1.735789
"ME_M_1",1.73581
"ME_M_1",1.735857
"ME_M_1",1.735855
"ME_M_1",1.735869
"ME_M_1",1.735885
"ME_M_1",1.735906
"ME_M_1",1.735939
"ME_M_1",1.735972
"ME_M_1",1.735986
"ME_M_1",1.735979
"ME_M_1",1.735987
"ME_M_1",1.736005
"ME_M_1",1.736045
"ME_M_1",1.736091
"ME_M_1",1.736089
"ME_M_1",1.736054
"ME_M_1",1.736088
"ME_M_1",1.736133
"ME_M_1",1.736123
"ME_M_1",1.73605
"ME_M_1",1.736037
"ME_M_1",1.736126
"ME_M_1",1.736215
"ME_M_1",1.736287
"ME_M_1",1.736329
"ME_M_1",1.736332
"ME_M_1",1.736359
"ME_M_1",1.736432
"ME_M_1",1.736495
"ME_M_1",1.736519
"ME_M_1",1.736538
"ME_M_1",1.736547
"ME_M_1",1.736584
"ME_M_1",1.736599
"ME_M_1",1.736622
"ME_M_1",1.736675
"ME_M_1",1.736727
"ME_M_1",1.736729
"ME_M_1",1.736686
"ME_M_1",1.736574
"ME_M_1",1.736447
"ME_M_1",1.736353
"ME_M_1",1.736337
"ME_M_1",1.736331
"ME_M_1",1.736272
"ME_M_1",1.736232
"ME_M_1",1.736197
"ME_M_1",1.73617
"ME_M_1",1.736159
"ME_M_1",1.73627
"ME_M_1",1.736322
"ME_M_1",1.736373
"ME_M_1",1.73637
"ME_M_1",1.736343
"ME_M_1",1.736339
"ME_M_1",1.736332
"ME_M_1",1.736319
"ME_M_1",1.736273
"ME_M_1",1.736228
"ME_M_1",1.736167
"ME_M_1",1.73613
"ME_M_1",1.736059
"ME_M_1",1.736043
"ME_M_1",1.736098
"ME_M_1",1.736122
"ME_M_1",1.736122
"ME_M_1",1.736098
"ME_M_1",1.73607
"ME_M_1",1.735641
"ME_M_1",1.735607
"ME_M_1",1.735603
"ME_M_1",1.735602
"ME_M_1",1.735581
"ME_M_1",1.73553
"ME_M_1",1.73552
"ME_M_1",1.735505
"ME_M_1",1.735493
"ME_M_1",1.735467
"ME_M_1",1.73547
"ME_M_1",1.735469
"ME_M_1",1.735507
"ME_M_1",1.735568
"ME_M_1",1.735638
"ME_M_1",1.735645
"ME_M_1",1.735651
"ME_M_1",1.735703
"ME_M_1",1.735848
"ME_M_1",1.73595
"ME_M_1",1.73603
"ME_M_1",1.736101
"ME_M_1",1.736171
"ME_M_1",1.736244
"ME_M_1",1.736256
"ME_M_1",1.736264
"ME_M_1",1.736181
"ME_M_1",1.736122
"ME_M_1",1.736094
"ME_M_1",1.736292
"ME_M_1",1.736442
"ME_M_1",1.736484
"ME_M_1",1.736535
"ME_M_1",1.736537
"ME_M_1",1.736592
"ME_M_1",1.736621
"ME_M_1",1.736623
"ME_M_1",1.736639
"ME_M_1",1.736556
"ME_M_1",1.73653
"ME_M_1",1.736481
"ME_M_1",1.736446
"ME_M_1",1.736431
"ME_M_1",1.736386
"ME_M_1",1.736358
"ME_M_1",1.736298
"ME_M_1",1.736286
"ME_M_1",1.736295
"ME_M_1",1.736341
"ME_M_1",1.736439
"ME_M_1",1.736644
"ME_M_1",1.736772
"ME_M_1",1.736944
"ME_M_1",1.737169
"ME_M_1",1.737328
"ME_M_1",1.737387
"ME_M_1",1.737414
"ME_M_1",1.737352
"ME_M_1",1.737192
"ME_M_1",1.737101
"ME_M_1",1.737038
"ME_M_1",1.736985
"ME_M_1",1.736846
"ME_M_1",1.736746
"ME_M_1",1.736586
"ME_M_1",1.73642
"ME_M_1",1.736307
"ME_M_1",1.736265
"ME_M_1",1.736263
"ME_M_1",1.736309
"ME_M_1",1.736432
"ME_M_1",1.736459
"ME_M_1",1.735714
"ME_M_1",1.735672
"ME_M_1",1.735627
"ME_M_1",1.735588
"ME_M_1",1.735553
"ME_M_1",1.735541
"ME_M_1",1.73558
"ME_M_1",1.735576
"ME_M_1",1.73556
"ME_M_1",1.735546
"ME_M_1",1.735535
"ME_M_1",1.735538
"ME_M_1",1.73554
"ME_M_1",1.735528
"ME_M_1",1.735528
"ME_M_1",1.735529
"ME_M_1",1.735547
"ME_M_1",1.735532
"ME_M_1",1.735581
"ME_M_1",1.735612
"ME_M_1",1.735682
"ME_M_1",1.735697
"ME_M_1",1.735713
"ME_M_1",1.735746
"ME_M_1",1.735886
"ME_M_1",1.736148
"ME_M_1",1.736327
"ME_M_1",1.736449
"ME_M_1",1.736507
"ME_M_1",1.736534
"ME_M_1",1.736559
"ME_M_1",1.736606
"ME_M_1",1.736648
"ME_M_1",1.736723
"ME_M_1",1.736736
"ME_M_1",1.736679
"ME_M_1",1.736645
"ME_M_1",1.736536
"ME_M_1",1.736527
"ME_M_1",1.736515
"ME_M_1",1.736572
"ME_M_1",1.736574
"ME_M_1",1.736607
"ME_M_1",1.736703
"ME_M_1",1.736735
"ME_M_1",1.736781
"ME_M_1",1.73683
"ME_M_1",1.736906
"ME_M_1",1.736907
"ME_M_1",1.736952
"ME_M_1",1.73698
"ME_M_1",1.736995
"ME_M_1",1.737017
"ME_M_1",1.737038
"ME_M_1",1.737033
"ME_M_1",1.737041
"ME_M_1",1.737029
"ME_M_1",1.73702
"ME_M_1",1.737044
"ME_M_1",1.737057
"ME_M_1",1.737051
"ME_M_1",1.737048
"ME_M_1",1.737052
"ME_M_1",1.737024
"ME_M_1",1.736997
"ME_M_1",1.736981
"ME_M_1",1.736959
"ME_M_1",1.736928
"ME_M_1",1.736891
"ME_M_1",1.736836
"ME_M_1",1.736791
"ME_M_1",1.736791
"ME_M_1",1.736794
"ME_M_1",1.73595
"ME_M_1",1.735942
"ME_M_1",1.735928
"ME_M_1",1.735996
"ME_M_1",1.736109
"ME_M_1",1.736185
"ME_M_1",1.736235
"ME_M_1",1.736228
"ME_M_1",1.736257
"ME_M_1",1.736299
"ME_M_1",1.7363
"ME_M_1",1.736297
"ME_M_1",1.736295
"ME_M_1",1.736305
"ME_M_1",1.736329
"ME_M_1",1.736357
"ME_M_1",1.736423
"ME_M_1",1.736468
"ME_M_1",1.736548
"ME_M_1",1.736554
"ME_M_1",1.736519
"ME_M_1",1.736502
"ME_M_1",1.736535
"ME_M_1",1.736547
"ME_M_1",1.73658
"ME_M_1",1.736566
"ME_M_1",1.736521
"ME_M_1",1.736499
"ME_M_1",1.736465
"ME_M_1",1.736438
"ME_M_1",1.736411
"ME_M_1",1.736382
"ME_M_1",1.736368
"ME_M_1",1.736375
"ME_M_1",1.736376
"ME_M_1",1.736348
"ME_M_1",1.736295
"ME_M_1",1.73625
"ME_M_1",1.736205
"ME_M_1",1.736196
"ME_M_1",1.736178
"ME_M_1",1.736162
"ME_M_1",1.736143
"ME_M_1",1.736101
"ME_M_1",1.736053
"ME_M_1",1.736011
"ME_M_1",1.73601
"ME_M_1",1.736007
"ME_M_1",1.735956
"ME_M_1",1.73592
"ME_M_1",1.735832
"ME_M_1",1.735792
"ME_M_1",1.73576
"ME_M_1",1.73585
"ME_M_1",1.736039
"ME_M_1",1.736074
"ME_M_1",1.736052
"ME_M_1",1.73601
"ME_M_1",1.736005
"ME_M_1",1.736035
"ME_M_1",1.736034
"ME_M_1",1.736049
"ME_M_1",1.736007
"ME_M_1",1.735983
"ME_M_1",1.735983
"ME_M_1",1.736007
"ME_M_1",1.736084
"ME_M_1",1.7361
"ME_M_1",1.736112
"ME_M_1",1.736131
"ME_M_1",1.736156
"ME_M_1",1.736133
"ME_M_1",1.736125
"ME_M_1",1.73606
"ME_M_1",1.736069
"ME_M_1",1.736081
"ME_M_1",1.736105
"ME_M_1",1.736132
"ME_M_1",1.736126
"ME_M_1",1.736109
"ME_M_1",1.736043
"ME_M_1",1.735892
"ME_M_1",1.735809
"ME_M_1",1.735687
"ME_M_1",1.735615
"ME_M_1",1.735611
"ME_M_1",1.735598
"ME_M_1",1.735619
"ME_M_1",1.735658
"ME_M_1",1.735713
"ME_M_1",1.735756
"ME_M_1",1.735779
"ME_M_1",1.735766
"ME_M_1",1.735683
"ME_M_1",1.735702
"ME_M_1",1.735781
"ME_M_1",1.735835
"ME_M_1",1.735883
"ME_M_1",1.735914
"ME_M_1",1.735949
"ME_M_1",1.735982
"ME_M_1",1.735981
"ME_M_1",1.735957
"ME_M_1",1.735893
"ME_M_1",1.735864
"ME_M_1",1.73583
"ME_M_1",1.735822
"ME_M_1",1.735833
"ME_M_1",1.73582
"ME_M_1",1.735826
"ME_M_1",1.73581
"ME_M_1",1.735818
"ME_M_1",1.735816
"ME_M_1",1.735826
"ME_M_1",1.73582
"ME_M_1",1.735845
"ME_M_1",1.735853
"ME_M_1",1.735868
"ME_M_1",1.73588
"ME_M_1",1.735926
"ME_M_1",1.735981
"ME_M_1",1.735996
"ME_M_1",1.736044
"ME_M_1",1.736086
"ME_M_1",1.736133
"ME_M_1",1.736193
"ME_M_1",1.736228
"ME_M_1",1.73627
"ME_M_1",1.736278
"ME_M_1",1.736325
"ME_M_1",1.736359
"ME_M_1",1.736364
"ME_M_1",1.736348
"ME_M_1",1.736342
"ME_M_1",1.736345
"ME_M_1",1.73631
"ME_M_1",1.736269
"ME_M_1",1.736282
"ME_M_1",1.7363
"ME_M_1",1.736318
"ME_M_1",1.736319
"ME_M_1",1.736296
"ME_M_1",1.736275
"ME_M_1",1.736284
"ME_M_1",1.736289
"ME_M_1",1.735772
"ME_M_1",1.735799
"ME_M_1",1.735802
"ME_M_1",1.735817
"ME_M_1",1.735813
"ME_M_1",1.735828
"ME_M_1",1.735829
"ME_M_1",1.735825
"ME_M_1",1.735824
"ME_M_1",1.735803
"ME_M_1",1.735811
"ME_M_1",1.735823
"ME_M_1",1.735845
"ME_M_1",1.735867
"ME_M_1",1.735908
"ME_M_1",1.735937
"ME_M_1",1.735989
"ME_M_1",1.736035
"ME_M_1",1.736015
"ME_M_1",1.73604
"ME_M_1",1.73613
"ME_M_1",1.736209
"ME_M_1",1.736169
"ME_M_1",1.736132
"ME_M_1",1.735981
"ME_M_1",1.735858
"ME_M_1",1.735833
"ME_M_1",1.735834
"ME_M_1",1.735871
"ME_M_1",1.735905
"ME_M_1",1.735891
"ME_M_1",1.73589
"ME_M_1",1.735873
"ME_M_1",1.735879
"ME_M_1",1.735888
"ME_M_1",1.735909
"ME_M_1",1.735915
"ME_M_1",1.735902
"ME_M_1",1.735902
"ME_M_1",1.735891
"ME_M_1",1.735894
"ME_M_1",1.735898
"ME_M_1",1.735868
"ME_M_1",1.73585
"ME_M_1",1.73584
"ME_M_1",1.735855
"ME_M_1",1.735873
"ME_M_1",1.735878
"ME_M_1",1.735918
"ME_M_1",1.73593
"ME_M_1",1.735926
"ME_M_1",1.735924
"ME_M_1",1.735988
"ME_M_1",1.736073
"ME_M_1",1.736145
"ME_M_1",1.736201
"ME_M_1",1.736136
"ME_M_1",1.736056
"ME_M_1",1.73599
"ME_M_1",1.735966
"ME_M_1",1.735967
"ME_M_1",1.735977
"ME_M_1",1.735956
"ME_M_1",1.735959
"ME_M_1",1.735959
"ME_M_1",1.735999
"ME_M_1",1.735999
"ME_M_1",1.735979
"ME_M_1",1.735954
"ME_M_1",1.73591
"ME_M_1",1.735878
"ME_M_1",1.735872
"ME_M_1",1.735857
"ME_M_2",1.743748
"ME_M_2",1.743559
"ME_M_2",1.743636
"ME_M_2",1.743769
"ME_M_2",1.74377
"ME_M_2",1.74377
"ME_M_2",1.743915
"ME_M_2",1.744081
"ME_M_2",1.743863
"ME_M_2",1.743932
"ME_M_2",1.744051
"ME_M_2",1.744202
"ME_M_2",1.744384
"ME_M_2",1.744446
"ME_M_2",1.744478
"ME_M_2",1.74455
"ME_M_2",1.744629
"ME_M_2",1.744631
"ME_M_2",1.744549
"ME_M_2",1.744466
"ME_M_2",1.744332
"ME_M_2",1.744267
"ME_M_2",1.744208
"ME_M_2",1.744097
"ME_M_2",1.743909
"ME_M_2",1.743736
"ME_M_2",1.743537
"ME_M_2",1.743319
"ME_M_2",1.743279
"ME_M_2",1.743225
"ME_M_2",1.743231
"ME_M_2",1.743268
"ME_M_2",1.74325
"ME_M_2",1.743157
"ME_M_2",1.743123
"ME_M_2",1.743202
"ME_M_2",1.743394
"ME_M_2",1.743481
"ME_M_2",1.743565
"ME_M_2",1.743618
"ME_M_2",1.74367
"ME_M_2",1.743678
"ME_M_2",1.743698
"ME_M_2",1.743602
"ME_M_2",1.743431
"ME_M_2",1.743307
"ME_M_2",1.743182
"ME_M_2",1.743094
"ME_M_2",1.743027
"ME_M_2",1.742942
"ME_M_2",1.74286
"ME_M_2",1.742681
"ME_M_2",1.742546
"ME_M_2",1.74241
"ME_M_2",1.742345
"ME_M_2",1.742329
"ME_M_2",1.742369
"ME_M_2",1.742313
"ME_M_2",1.742192
"ME_M_2",1.742057
"ME_M_2",1.741948
"ME_M_2",1.74188
"ME_M_2",1.741768
"ME_M_2",1.741679
"ME_M_2",1.741503
"ME_M_2",1.741339
"ME_M_2",1.741263
"ME_M_2",1.741532
"ME_M_2",1.741673
"ME_M_2",1.741776
"ME_M_2",1.741751
"ME_M_2",1.741686
"ME_M_2",1.741623
"ME_M_2",1.744545
"ME_M_2",1.744406
"ME_M_2",1.744364
"ME_M_2",1.744185
"ME_M_2",1.743961
"ME_M_2",1.743906
"ME_M_2",1.744009
"ME_M_2",1.74426
"ME_M_2",1.744512
"ME_M_2",1.744622
"ME_M_2",1.744579
"ME_M_2",1.744464
"ME_M_2",1.744348
"ME_M_2",1.744341
"ME_M_2",1.744332
"ME_M_2",1.744288
"ME_M_2",1.744196
"ME_M_2",1.744125
"ME_M_2",1.74406
"ME_M_2",1.744013
"ME_M_2",1.743956
"ME_M_2",1.743879
"ME_M_2",1.743797
"ME_M_2",1.743719
"ME_M_2",1.743663
"ME_M_2",1.743676
"ME_M_2",1.743671
"ME_M_2",1.74367
"ME_M_2",1.743657
"ME_M_2",1.743585
"ME_M_2",1.743552
"ME_M_2",1.743482
"ME_M_2",1.743386
"ME_M_2",1.74334
"ME_M_2",1.743267
"ME_M_2",1.743237
"ME_M_2",1.74324
"ME_M_2",1.743245
"ME_M_2",1.74323
"ME_M_2",1.743209
"ME_M_2",1.74317
"ME_M_2",1.743113
"ME_M_2",1.743077
"ME_M_2",1.743059
"ME_M_2",1.743004
"ME_M_2",1.742873
"ME_M_2",1.742774
"ME_M_2",1.742687
"ME_M_2",1.742637
"ME_M_2",1.742562
"ME_M_2",1.742508
"ME_M_2",1.742464
"ME_M_2",1.742479
"ME_M_2",1.742562
"ME_M_2",1.742561
"ME_M_2",1.742544
"ME_M_2",1.742516
"ME_M_2",1.742527
"ME_M_2",1.742517
"ME_M_2",1.742549
"ME_M_2",1.742596
"ME_M_2",1.742647
"ME_M_2",1.742673
"ME_M_2",1.742678
"ME_M_2",1.742637
"ME_M_2",1.742573
"ME_M_2",1.742574
"ME_M_2",1.742593
"ME_M_2",1.742653
"ME_M_2",1.742728
"ME_M_2",1.742731
"ME_M_2",1.742762
"ME_M_2",1.742808
"ME_M_2",1.742243
"ME_M_2",1.742581
"ME_M_2",1.742715
"ME_M_2",1.742649
"ME_M_2",1.742504
"ME_M_2",1.742507
"ME_M_2",1.74254
"ME_M_2",1.742585
"ME_M_2",1.74266
"ME_M_2",1.742703
"ME_M_2",1.742832
"ME_M_2",1.742907
"ME_M_2",1.743021
"ME_M_2",1.743228
"ME_M_2",1.743962
"ME_M_2",1.744081
"ME_M_2",1.744063
"ME_M_2",1.744016
"ME_M_2",1.743871
"ME_M_2",1.744316
"ME_M_2",1.744176
"ME_M_2",1.74413
"ME_M_2",1.744015
"ME_M_2",1.743986
"ME_M_2",1.743972
"ME_M_2",1.743976
"ME_M_2",1.743964
"ME_M_2",1.743904
"ME_M_2",1.743718
"ME_M_2",1.743477
"ME_M_2",1.742871
"ME_M_2",1.743046
"ME_M_2",1.742807
"ME_M_2",1.742804
"ME_M_2",1.742805
"ME_M_2",1.742849
"ME_M_2",1.742901
"ME_M_2",1.742936
"ME_M_2",1.74308
"ME_M_2",1.743083
"ME_M_2",1.743025
"ME_M_2",1.742945
"ME_M_2",1.742848
"ME_M_2",1.742719
"ME_M_2",1.742612
"ME_M_2",1.742469
"ME_M_2",1.742269
"ME_M_2",1.741954
"ME_M_2",1.742216
"ME_M_2",1.74183
"ME_M_2",1.74183
"ME_M_2",1.741575
"ME_M_2",1.741396
"ME_M_2",1.741425
"ME_M_2",1.741281
"ME_M_2",1.741215
"ME_M_2",1.741201
"ME_M_2",1.741142
"ME_M_2",1.740372
"ME_M_2",1.739974
"ME_M_2",1.740177
"ME_M_2",1.740316
"ME_M_2",1.740767
"ME_M_2",1.740218
"ME_M_2",1.740486
"ME_M_2",1.740574
"ME_M_2",1.740629
"ME_M_2",1.740562
"ME_M_2",1.740387
"ME_M_2",1.740291
"ME_M_2",1.740245
"ME_M_2",1.740253
"ME_M_2",1.740307
"ME_M_2",1.749796
"ME_M_2",1.749845
"ME_M_2",1.749836
"ME_M_2",1.749862
"ME_M_2",1.749808
"ME_M_2",1.749779
"ME_M_2",1.749755
"ME_M_2",1.749715
"ME_M_2",1.749621
"ME_M_2",1.74953
"ME_M_2",1.749422
"ME_M_2",1.749351
"ME_M_2",1.749273
"ME_M_2",1.749244
"ME_M_2",1.749252
"ME_M_2",1.749183
"ME_M_2",1.749113
"ME_M_2",1.748965
"ME_M_2",1.74885
"ME_M_2",1.748757
"ME_M_2",1.748667
"ME_M_2",1.74854
"ME_M_2",1.748451
"ME_M_2",1.748343
"ME_M_2",1.748301
"ME_M_2",1.748309
"ME_M_2",1.748426
"ME_M_2",1.748443
"ME_M_2",1.748428
"ME_M_2",1.74842
"ME_M_2",1.748408
"ME_M_2",1.748431
"ME_M_2",1.748485
"ME_M_2",1.748519
"ME_M_2",1.748678
"ME_M_2",1.74869
"ME_M_2",1.748661
"ME_M_2",1.748661
"ME_M_2",1.748707
"ME_M_2",1.748726
"ME_M_2",1.748702
"ME_M_2",1.748658
"ME_M_2",1.748607
"ME_M_2",1.748553
"ME_M_2",1.748468
"ME_M_2",1.748375
"ME_M_2",1.748261
"ME_M_2",1.74823
"ME_M_2",1.748253
"ME_M_2",1.748285
"ME_M_2",1.748328
"ME_M_2",1.748295
"ME_M_2",1.748324
"ME_M_2",1.748273
"ME_M_2",1.748243
"ME_M_2",1.748234
"ME_M_2",1.748256
"ME_M_2",1.748213
"ME_M_2",1.748117
"ME_M_2",1.748117
"ME_M_2",1.748123
"ME_M_2",1.748093
"ME_M_2",1.748041
"ME_M_2",1.747894
"ME_M_2",1.747682
"ME_M_2",1.74752
"ME_M_2",1.747544
"ME_M_2",1.74757
"ME_M_2",1.74763
"ME_M_2",1.747649
"ME_M_2",1.747629
"ME_M_2",1.747622
"ME_M_2",1.747642
"ME_M_2",1.746555
"ME_M_2",1.746586
"ME_M_2",1.746702
"ME_M_2",1.746824
"ME_M_2",1.746942
"ME_M_2",1.746969
"ME_M_2",1.746954
"ME_M_2",1.74693
"ME_M_2",1.747162
"ME_M_2",1.747273
"ME_M_2",1.747421
"ME_M_2",1.74747
"ME_M_2",1.747468
"ME_M_2",1.747418
"ME_M_2",1.747218
"ME_M_2",1.746967
"ME_M_2",1.746611
"ME_M_2",1.746206
"ME_M_2",1.746213
"ME_M_2",1.746113
"ME_M_2",1.745748
"ME_M_2",1.745569
"ME_M_2",1.745185
"ME_M_2",1.745149
"ME_M_2",1.745489
"ME_M_2",1.74571
"ME_M_2",1.745288
"ME_M_2",1.745443
"ME_M_2",1.745527
"ME_M_2",1.74544
"ME_M_2",1.745204
"ME_M_2",1.74497
"ME_M_2",1.744886
"ME_M_2",1.744849
"ME_M_2",1.744793
"ME_M_2",1.744828
"ME_M_2",1.744833
"ME_M_2",1.744712
"ME_M_2",1.744045
"ME_M_2",1.744321
"ME_M_2",1.74412
"ME_M_2",1.744174
"ME_M_2",1.744357
"ME_M_2",1.744469
"ME_M_2",1.744558
"ME_M_2",1.744605
"ME_M_2",1.744628
"ME_M_2",1.744686
"ME_M_2",1.744702
"ME_M_2",1.744716
"ME_M_2",1.744832
"ME_M_2",1.744958
"ME_M_2",1.745097
"ME_M_2",1.745196
"ME_M_2",1.745261
"ME_M_2",1.745358
"ME_M_2",1.745425
"ME_M_2",1.745483
"ME_M_2",1.745508
"ME_M_2",1.745494
"ME_M_2",1.745515
"ME_M_2",1.74553
"ME_M_2",1.745529
"ME_M_2",1.745525
"ME_M_2",1.745489
"ME_M_2",1.745451
"ME_M_2",1.745435
"ME_M_2",1.745436
"ME_M_2",1.745461
"ME_M_2",1.745468
"ME_M_2",1.745482
"ME_M_2",1.745511
"ME_M_2",1.745535
"ME_M_2",1.742014
"ME_M_2",1.742048
"ME_M_2",1.742067
"ME_M_2",1.742004
"ME_M_2",1.741923
"ME_M_2",1.741855
"ME_M_2",1.741804
"ME_M_2",1.741792
"ME_M_2",1.741886
"ME_M_2",1.741902
"ME_M_2",1.741912
"ME_M_2",1.741865
"ME_M_2",1.741911
"ME_M_2",1.741969
"ME_M_2",1.742191
"ME_M_2",1.742262
"ME_M_2",1.742282
"ME_M_2",1.742279
"ME_M_2",1.742273
"ME_M_2",1.742254
"ME_M_2",1.742229
"ME_M_2",1.742151
"ME_M_2",1.741902
"ME_M_2",1.741753
"ME_M_2",1.741822
"ME_M_2",1.741957
"ME_M_2",1.742175
"ME_M_2",1.742489
"ME_M_2",1.742568
"ME_M_2",1.742476
"ME_M_2",1.742201
"ME_M_2",1.742142
"ME_M_2",1.742435
"ME_M_2",1.742605
"ME_M_2",1.742784
"ME_M_2",1.742803
"ME_M_2",1.742603
"ME_M_2",1.742606
"ME_M_2",1.74276
"ME_M_2",1.742944
"ME_M_2",1.743134
"ME_M_2",1.74313
"ME_M_2",1.743051
"ME_M_2",1.743071
"ME_M_2",1.743213
"ME_M_2",1.743465
"ME_M_2",1.74344
"ME_M_2",1.743778
"ME_M_2",1.743393
"ME_M_2",1.743194
"ME_M_2",1.743027
"ME_M_2",1.74311
"ME_M_2",1.743245
"ME_M_2",1.743263
"ME_M_2",1.743245
"ME_M_2",1.743211
"ME_M_2",1.74338
"ME_M_2",1.743534
"ME_M_2",1.743791
"ME_M_2",1.744485
"ME_M_2",1.744485
"ME_M_2",1.744331
"ME_M_2",1.744391
"ME_M_2",1.744826
"ME_M_2",1.74497
"ME_M_2",1.7451
"ME_M_2",1.745227
"ME_M_2",1.745202
"ME_M_2",1.745178
"ME_M_2",1.745132
"ME_M_2",1.745103
"ME_M_2",1.745134
"ME_M_2",1.745285
"ME_M_2",1.750025
"ME_M_2",1.750241
"ME_M_2",1.75033
"ME_M_2",1.750433
"ME_M_2",1.750453
"ME_M_2",1.7507
"ME_M_2",1.750696
"ME_M_2",1.750713
"ME_M_2",1.750763
"ME_M_2",1.750814
"ME_M_2",1.750874
"ME_M_2",1.750926
"ME_M_2",1.751057
"ME_M_2",1.751188
"ME_M_2",1.751284
"ME_M_2",1.751433
"ME_M_2",1.751615
"ME_M_2",1.751773
"ME_M_2",1.751876
"ME_M_2",1.751965
"ME_M_2",1.752086
"ME_M_2",1.752265
"ME_M_2",1.752361
"ME_M_2",1.752398
"ME_M_2",1.752349
"ME_M_2",1.752331
"ME_M_2",1.752188
"ME_M_2",1.751927
"ME_M_2",1.751669
"ME_M_2",1.751114
"ME_M_2",1.751121
"ME_M_2",1.751056
"ME_M_2",1.751
"ME_M_2",1.750891
"ME_M_2",1.750575
"ME_M_2",1.750407
"ME_M_2",1.750424
"ME_M_2",1.750218
"ME_M_2",1.749874
"ME_M_2",1.749888
"ME_M_2",1.749849
"ME_M_2",1.74967
"ME_M_2",1.749768
"ME_M_2",1.749828
"ME_M_2",1.749578
"ME_M_2",1.749197
"ME_M_2",1.749133
"ME_M_2",1.748952
"ME_M_2",1.748971
"ME_M_2",1.748878
"ME_M_2",1.748723
"ME_M_2",1.748661
"ME_M_2",1.748622
"ME_M_2",1.748559
"ME_M_2",1.748453
"ME_M_2",1.748362
"ME_M_2",1.74825
"ME_M_2",1.748174
"ME_M_2",1.748192
"ME_M_2",1.748213
"ME_M_2",1.748344
"ME_M_2",1.748379
"ME_M_2",1.748469
"ME_M_2",1.748423
"ME_M_2",1.748337
"ME_M_2",1.748181
"ME_M_2",1.748107
"ME_M_2",1.748044
"ME_M_2",1.748025
"ME_M_2",1.748055
"ME_M_2",1.748079
"ME_M_2",1.748073
"ME_M_2",1.748051
"ME_M_2",1.747509
"ME_M_2",1.747576
"ME_M_2",1.747605
"ME_M_2",1.747593
"ME_M_2",1.747483
"ME_M_2",1.74737
"ME_M_2",1.747322
"ME_M_2",1.747207
"ME_M_2",1.74726
"ME_M_2",1.747316
"ME_M_2",1.747331
"ME_M_2",1.747299
"ME_M_2",1.747293
"ME_M_2",1.747272
"ME_M_2",1.747247
"ME_M_2",1.747171
"ME_M_2",1.747045
"ME_M_2",1.746881
"ME_M_2",1.746677
"ME_M_2",1.746407
"ME_M_2",1.746346
"ME_M_2",1.746392
"ME_M_2",1.746336
"ME_M_2",1.746284
"ME_M_2",1.746112
"ME_M_2",1.745948
"ME_M_2",1.745786
"ME_M_2",1.745637
"ME_M_2",1.745414
"ME_M_2",1.745473
"ME_M_2",1.745205
"ME_M_2",1.74532
"ME_M_2",1.74538
"ME_M_2",1.745365
"ME_M_2",1.745353
"ME_M_2",1.745343
"ME_M_2",1.745382
"ME_M_2",1.745396
"ME_M_2",1.745426
"ME_M_2",1.745477
"ME_M_2",1.745476
"ME_M_2",1.745476
"ME_M_2",1.745496
"ME_M_2",1.745506
"ME_M_2",1.745544
"ME_M_2",1.745564
"ME_M_2",1.745585
"ME_M_2",1.745571
"ME_M_2",1.745548
"ME_M_2",1.745543
"ME_M_2",1.745556
"ME_M_2",1.745555
"ME_M_2",1.745551
"ME_M_2",1.745532
"ME_M_2",1.745491
"ME_M_2",1.745468
"ME_M_2",1.745416
"ME_M_2",1.745381
"ME_M_2",1.745358
"ME_M_2",1.745315
"ME_M_2",1.745301
"ME_M_2",1.745278
"ME_M_2",1.745251
"ME_M_2",1.745246
"ME_M_2",1.745278
"ME_M_2",1.745331
"ME_M_2",1.745409
"ME_M_2",1.745446
"ME_M_2",1.745411
"ME_M_2",1.745397
"ME_M_2",1.745394
"ME_M_2",1.745378
"ME_M_2",1.745411
"ME_M_2",1.744906
"ME_M_2",1.744911
"ME_M_2",1.744891
"ME_M_2",1.744869
"ME_M_2",1.744807
"ME_M_2",1.744763
"ME_M_2",1.744727
"ME_M_2",1.744767
"ME_M_2",1.744773
"ME_M_2",1.744767
"ME_M_2",1.74474
"ME_M_2",1.744737
"ME_M_2",1.744708
"ME_M_2",1.744637
"ME_M_2",1.74462
"ME_M_2",1.744739
"ME_M_2",1.744762
"ME_M_2",1.74467
"ME_M_2",1.744637
"ME_M_2",1.744508
"ME_M_2",1.744425
"ME_M_2",1.744335
"ME_M_2",1.744243
"ME_M_2",1.744335
"ME_M_2",1.744397
"ME_M_2",1.744473
"ME_M_2",1.744432
"ME_M_2",1.744263
"ME_M_2",1.744096
"ME_M_2",1.744047
"ME_M_2",1.744055
"ME_M_2",1.744201
"ME_M_2",1.744208
"ME_M_2",1.74406
"ME_M_2",1.744007
"ME_M_2",1.743814
"ME_M_2",1.743664
"ME_M_2",1.743608
"ME_M_2",1.743602
"ME_M_2",1.743616
"ME_M_2",1.74357
"ME_M_2",1.743584
"ME_M_2",1.743563
"ME_M_2",1.743577
"ME_M_2",1.743634
"ME_M_2",1.7437
"ME_M_2",1.743765
"ME_M_2",1.743819
"ME_M_2",1.743877
"ME_M_2",1.744026
"ME_M_2",1.744205
"ME_M_2",1.74452
"ME_M_2",1.744591
"ME_M_2",1.744616
"ME_M_2",1.744673
"ME_M_2",1.744695
"ME_M_2",1.744742
"ME_M_2",1.744855
"ME_M_2",1.744964
"ME_M_2",1.745051
"ME_M_2",1.745064
"ME_M_2",1.744976
"ME_M_2",1.744873
"ME_M_2",1.744737
"ME_M_2",1.744591
"ME_M_2",1.744493
"ME_M_2",1.744418
"ME_M_2",1.744326
"ME_M_2",1.744225
"ME_M_2",1.744132
"ME_M_2",1.744057
"ME_M_2",1.744025
"ME_M_2",1.744062
"ME_M_2",1.747374
"ME_M_2",1.74733
"ME_M_2",1.747435
"ME_M_2",1.747481
"ME_M_2",1.747524
"ME_M_2",1.747572
"ME_M_2",1.747531
"ME_M_2",1.747452
"ME_M_2",1.747358
"ME_M_2",1.747193
"ME_M_2",1.746953
"ME_M_2",1.746551
"ME_M_2",1.746418
"ME_M_2",1.746148
"ME_M_2",1.746249
"ME_M_2",1.745976
"ME_M_2",1.745966
"ME_M_2",1.746041
"ME_M_2",1.74614
"ME_M_2",1.746199
"ME_M_2",1.746269
"ME_M_2",1.746332
"ME_M_2",1.746434
"ME_M_2",1.746531
"ME_M_2",1.74658
"ME_M_2",1.746595
"ME_M_2",1.746601
"ME_M_2",1.746641
"ME_M_2",1.746771
"ME_M_2",1.746856
"ME_M_2",1.746984
"ME_M_2",1.747045
"ME_M_2",1.747069
"ME_M_2",1.747061
"ME_M_2",1.747009
"ME_M_2",1.747047
"ME_M_2",1.747159
"ME_M_2",1.747259
"ME_M_2",1.747208
"ME_M_2",1.747207
"ME_M_2",1.747169
"ME_M_2",1.747277
"ME_M_2",1.747356
"ME_M_2",1.747392
"ME_M_2",1.747399
"ME_M_2",1.747388
"ME_M_2",1.747392
"ME_M_2",1.74735
"ME_M_2",1.747385
"ME_M_2",1.747488
"ME_M_2",1.747664
"ME_M_2",1.747728
"ME_M_2",1.74776
"ME_M_2",1.747697
"ME_M_2",1.747746
"ME_M_2",1.747788
"ME_M_2",1.747814
"ME_M_2",1.74782
"ME_M_2",1.747792
"ME_M_2",1.747734
"ME_M_2",1.747647
"ME_M_2",1.747568
"ME_M_2",1.747442
"ME_M_2",1.747366
"ME_M_2",1.747291
"ME_M_2",1.747251
"ME_M_2",1.747252
"ME_M_2",1.747169
"ME_M_2",1.747023
"ME_M_2",1.746819
"ME_M_2",1.746704
"ME_M_2",1.746637
"ME_M_2",1.74661
"ME_M_2",1.746555
"ME_M_2",1.744178
"ME_M_2",1.744206
"ME_M_2",1.744221
"ME_M_2",1.744325
"ME_M_2",1.74437
"ME_M_2",1.744409
"ME_M_2",1.744461
"ME_M_2",1.744569
"ME_M_2",1.744687
"ME_M_2",1.744803
"ME_M_2",1.744969
"ME_M_2",1.745051
"ME_M_2",1.745175
"ME_M_2",1.745274
"ME_M_2",1.745346
"ME_M_2",1.745344
"ME_M_2",1.745367
"ME_M_2",1.745365
"ME_M_2",1.745448
"ME_M_2",1.745578
"ME_M_2",1.745607
"ME_M_2",1.745572
"ME_M_2",1.745559
"ME_M_2",1.745509
"ME_M_2",1.745487
"ME_M_2",1.745428
"ME_M_2",1.74532
"ME_M_2",1.745188
"ME_M_2",1.745054
"ME_M_2",1.744858
"ME_M_2",1.744649
"ME_M_2",1.744557
"ME_M_2",1.744191
"ME_M_2",1.744154
"ME_M_2",1.744204
"ME_M_2",1.744233
"ME_M_2",1.744281
"ME_M_2",1.744406
"ME_M_2",1.744435
"ME_M_2",1.744387
"ME_M_2",1.744355
"ME_M_2",1.744308
"ME_M_2",1.744244
"ME_M_2",1.74416
"ME_M_2",1.744077
"ME_M_2",1.743981
"ME_M_2",1.743935
"ME_M_2",1.743915
"ME_M_2",1.743866
"ME_M_2",1.743878
"ME_M_2",1.743834
"ME_M_2",1.743788
"ME_M_2",1.74374
"ME_M_2",1.743711
"ME_M_2",1.743651
"ME_M_2",1.743565
"ME_M_2",1.743443
"ME_M_2",1.743346
"ME_M_2",1.743266
"ME_M_2",1.743286
"ME_M_2",1.743253
"ME_M_2",1.743236
"ME_M_2",1.743216
"ME_M_2",1.74316
"ME_M_2",1.743101
"ME_M_2",1.743053
"ME_M_2",1.742983
"ME_M_2",1.742933
"ME_M_2",1.74291
"ME_M_2",1.742967
"ME_M_2",1.743036
"ME_M_2",1.743044
"ME_M_2",1.743019
"ME_M_2",1.745084
"ME_M_2",1.745154
"ME_M_2",1.745377
"ME_M_2",1.745794
"ME_M_2",1.745991
"ME_M_2",1.746114
"ME_M_2",1.745915
"ME_M_2",1.746261
"ME_M_2",1.746175
"ME_M_2",1.746037
"ME_M_2",1.745815
"ME_M_2",1.745715
"ME_M_2",1.74559
"ME_M_2",1.745378
"ME_M_2",1.745235
"ME_M_2",1.745169
"ME_M_2",1.745117
"ME_M_2",1.74503
"ME_M_2",1.744959
"ME_M_2",1.744884
"ME_M_2",1.74481
"ME_M_2",1.74474
"ME_M_2",1.744548
"ME_M_2",1.744375
"ME_M_2",1.744169
"ME_M_2",1.743953
"ME_M_2",1.743897
"ME_M_2",1.743799
"ME_M_2",1.743779
"ME_M_2",1.743763
"ME_M_2",1.743619
"ME_M_2",1.743466
"ME_M_2",1.743364
"ME_M_2",1.743287
"ME_M_2",1.743297
"ME_M_2",1.743234
"ME_M_2",1.743083
"ME_M_2",1.74259
"ME_M_2",1.742515
"ME_M_2",1.742501
"ME_M_2",1.742362
"ME_M_2",1.742278
"ME_M_2",1.742283
"ME_M_2",1.742168
"ME_M_2",1.742071
"ME_M_2",1.741938
"ME_M_2",1.741903
"ME_M_2",1.741878
"ME_M_2",1.741935
"ME_M_2",1.741971
"ME_M_2",1.741973
"ME_M_2",1.741932
"ME_M_2",1.741868
"ME_M_2",1.741856
"ME_M_2",1.741894
"ME_M_2",1.74191
"ME_M_2",1.741967
"ME_M_2",1.742026
"ME_M_2",1.74205
"ME_M_2",1.742012
"ME_M_2",1.741983
"ME_M_2",1.741952
"ME_M_2",1.741986
"ME_M_2",1.742114
"ME_M_2",1.742178
"ME_M_2",1.742216
"ME_M_2",1.7421
"ME_M_2",1.741912
"ME_M_2",1.741805
"ME_M_2",1.74174
"ME_M_2",1.741771
"ME_M_2",1.741857
"ME_M_2",1.741974
"ME_M_3",1.766792
"ME_M_3",1.766798
"ME_M_3",1.766833
"ME_M_3",1.766938
"ME_M_3",1.766977
"ME_M_3",1.767013
"ME_M_3",1.767019
"ME_M_3",1.766994
"ME_M_3",1.766937
"ME_M_3",1.766873
"ME_M_3",1.766833
"ME_M_3",1.766825
"ME_M_3",1.766779
"ME_M_3",1.766696
"ME_M_3",1.766608
"ME_M_3",1.766518
"ME_M_3",1.766449
"ME_M_3",1.766386
"ME_M_3",1.766313
"ME_M_3",1.766298
"ME_M_3",1.766225
"ME_M_3",1.766144
"ME_M_3",1.766193
"ME_M_3",1.766238
"ME_M_3",1.766256
"ME_M_3",1.766309
"ME_M_3",1.766292
"ME_M_3",1.766192
"ME_M_3",1.7661
"ME_M_3",1.766051
"ME_M_3",1.766059
"ME_M_3",1.766031
"ME_M_3",1.766019
"ME_M_3",1.765967
"ME_M_3",1.765952
"ME_M_3",1.766
"ME_M_3",1.766051
"ME_M_3",1.766062
"ME_M_3",1.766049
"ME_M_3",1.76604
"ME_M_3",1.766035
"ME_M_3",1.76605
"ME_M_3",1.766068
"ME_M_3",1.76608
"ME_M_3",1.766081
"ME_M_3",1.766088
"ME_M_3",1.766086
"ME_M_3",1.766087
"ME_M_3",1.766123
"ME_M_3",1.766156
"ME_M_3",1.76615
"ME_M_3",1.766172
"ME_M_3",1.766138
"ME_M_3",1.766043
"ME_M_3",1.765963
"ME_M_3",1.765889
"ME_M_3",1.765845
"ME_M_3",1.765786
"ME_M_3",1.765708
"ME_M_3",1.765654
"ME_M_3",1.765597
"ME_M_3",1.765566
"ME_M_3",1.765551
"ME_M_3",1.765561
"ME_M_3",1.765524
"ME_M_3",1.76546
"ME_M_3",1.765404
"ME_M_3",1.765379
"ME_M_3",1.765378
"ME_M_3",1.765383
"ME_M_3",1.76535
"ME_M_3",1.76534
"ME_M_3",1.765296
"ME_M_3",1.764465
"ME_M_3",1.764452
"ME_M_3",1.764441
"ME_M_3",1.76444
"ME_M_3",1.764449
"ME_M_3",1.764421
"ME_M_3",1.764366
"ME_M_3",1.764304
"ME_M_3",1.764231
"ME_M_3",1.764182
"ME_M_3",1.764159
"ME_M_3",1.764132
"ME_M_3",1.764153
"ME_M_3",1.764168
"ME_M_3",1.764175
"ME_M_3",1.764152
"ME_M_3",1.764173
"ME_M_3",1.764155
"ME_M_3",1.764213
"ME_M_3",1.764225
"ME_M_3",1.764234
"ME_M_3",1.764257
"ME_M_3",1.764311
"ME_M_3",1.764336
"ME_M_3",1.7644
"ME_M_3",1.764479
"ME_M_3",1.764514
"ME_M_3",1.764581
"ME_M_3",1.764523
"ME_M_3",1.764495
"ME_M_3",1.764405
"ME_M_3",1.764412
"ME_M_3",1.764501
"ME_M_3",1.764515
"ME_M_3",1.764516
"ME_M_3",1.764501
"ME_M_3",1.764443
"ME_M_3",1.76441
"ME_M_3",1.764371
"ME_M_3",1.764345
"ME_M_3",1.764274
"ME_M_3",1.764228
"ME_M_3",1.764145
"ME_M_3",1.764086
"ME_M_3",1.764045
"ME_M_3",1.763993
"ME_M_3",1.76388
"ME_M_3",1.763774
"ME_M_3",1.763659
"ME_M_3",1.763642
"ME_M_3",1.763661
"ME_M_3",1.763669
"ME_M_3",1.763634
"ME_M_3",1.763612
"ME_M_3",1.763676
"ME_M_3",1.763669
"ME_M_3",1.763632
"ME_M_3",1.763617
"ME_M_3",1.763597
"ME_M_3",1.763603
"ME_M_3",1.763662
"ME_M_3",1.763699
"ME_M_3",1.763729
"ME_M_3",1.763754
"ME_M_3",1.763769
"ME_M_3",1.763824
"ME_M_3",1.763829
"ME_M_3",1.763835
"ME_M_3",1.763819
"ME_M_3",1.763819
"ME_M_3",1.763797
"ME_M_3",1.76378
"ME_M_3",1.763769
"ME_M_3",1.762876
"ME_M_3",1.762871
"ME_M_3",1.762871
"ME_M_3",1.762864
"ME_M_3",1.76284
"ME_M_3",1.762818
"ME_M_3",1.762793
"ME_M_3",1.762773
"ME_M_3",1.762762
"ME_M_3",1.762749
"ME_M_3",1.762756
"ME_M_3",1.762783
"ME_M_3",1.762831
"ME_M_3",1.762842
"ME_M_3",1.762845
"ME_M_3",1.76288
"ME_M_3",1.762904
"ME_M_3",1.762914
"ME_M_3",1.762958
"ME_M_3",1.763004
"ME_M_3",1.763157
"ME_M_3",1.763297
"ME_M_3",1.763405
"ME_M_3",1.763585
"ME_M_3",1.763601
"ME_M_3",1.763568
"ME_M_3",1.763498
"ME_M_3",1.763479
"ME_M_3",1.763559
"ME_M_3",1.76363
"ME_M_3",1.763658
"ME_M_3",1.763606
"ME_M_3",1.763554
"ME_M_3",1.763543
"ME_M_3",1.763526
"ME_M_3",1.763532
"ME_M_3",1.763434
"ME_M_3",1.763328
"ME_M_3",1.763225
"ME_M_3",1.763076
"ME_M_3",1.762908
"ME_M_3",1.762795
"ME_M_3",1.762668
"ME_M_3",1.762557
"ME_M_3",1.762553
"ME_M_3",1.762515
"ME_M_3",1.762462
"ME_M_3",1.762393
"ME_M_3",1.762373
"ME_M_3",1.762327
"ME_M_3",1.76232
"ME_M_3",1.762319
"ME_M_3",1.762371
"ME_M_3",1.762341
"ME_M_3",1.76233
"ME_M_3",1.76227
"ME_M_3",1.762308
"ME_M_3",1.762336
"ME_M_3",1.762357
"ME_M_3",1.762364
"ME_M_3",1.762377
"ME_M_3",1.762378
"ME_M_3",1.76237
"ME_M_3",1.762391
"ME_M_3",1.762412
"ME_M_3",1.762357
"ME_M_3",1.762252
"ME_M_3",1.762198
"ME_M_3",1.762143
"ME_M_3",1.762093
"ME_M_3",1.76205
"ME_M_3",1.761997
"ME_M_3",1.762006
"ME_M_3",1.753884
"ME_M_3",1.75389
"ME_M_3",1.753917
"ME_M_3",1.753944
"ME_M_3",1.753958
"ME_M_3",1.753974
"ME_M_3",1.753979
"ME_M_3",1.753985
"ME_M_3",1.753979
"ME_M_3",1.753961
"ME_M_3",1.753929
"ME_M_3",1.753928
"ME_M_3",1.75392
"ME_M_3",1.753925
"ME_M_3",1.753901
"ME_M_3",1.753889
"ME_M_3",1.753917
"ME_M_3",1.753936
"ME_M_3",1.754058
"ME_M_3",1.754122
"ME_M_3",1.754185
"ME_M_3",1.754194
"ME_M_3",1.754103
"ME_M_3",1.754086
"ME_M_3",1.754008
"ME_M_3",1.753972
"ME_M_3",1.753985
"ME_M_3",1.754019
"ME_M_3",1.754018
"ME_M_3",1.753974
"ME_M_3",1.754014
"ME_M_3",1.754076
"ME_M_3",1.754159
"ME_M_3",1.754289
"ME_M_3",1.754309
"ME_M_3",1.754261
"ME_M_3",1.754207
"ME_M_3",1.754127
"ME_M_3",1.754085
"ME_M_3",1.754011
"ME_M_3",1.753899
"ME_M_3",1.753774
"ME_M_3",1.753683
"ME_M_3",1.753651
"ME_M_3",1.753709
"ME_M_3",1.753751
"ME_M_3",1.75379
"ME_M_3",1.753784
"ME_M_3",1.753761
"ME_M_3",1.753731
"ME_M_3",1.753721
"ME_M_3",1.753723
"ME_M_3",1.753751
"ME_M_3",1.753774
"ME_M_3",1.753795
"ME_M_3",1.753828
"ME_M_3",1.753851
"ME_M_3",1.753866
"ME_M_3",1.753891
"ME_M_3",1.753907
"ME_M_3",1.753893
"ME_M_3",1.753839
"ME_M_3",1.753787
"ME_M_3",1.753741
"ME_M_3",1.753697
"ME_M_3",1.753632
"ME_M_3",1.753593
"ME_M_3",1.753564
"ME_M_3",1.753517
"ME_M_3",1.753455
"ME_M_3",1.753412
"ME_M_3",1.753361
"ME_M_3",1.753335
"ME_M_3",1.753023
"ME_M_3",1.753035
"ME_M_3",1.753006
"ME_M_3",1.752973
"ME_M_3",1.75295
"ME_M_3",1.752903
"ME_M_3",1.752864
"ME_M_3",1.752847
"ME_M_3",1.752834
"ME_M_3",1.752846
"ME_M_3",1.752877
"ME_M_3",1.752965
"ME_M_3",1.753022
"ME_M_3",1.753105
"ME_M_3",1.753155
"ME_M_3",1.753194
"ME_M_3",1.753215
"ME_M_3",1.753296
"ME_M_3",1.753268
"ME_M_3",1.753379
"ME_M_3",1.753439
"ME_M_3",1.753495
"ME_M_3",1.753566
"ME_M_3",1.753525
"ME_M_3",1.753366
"ME_M_3",1.753298
"ME_M_3",1.753266
"ME_M_3",1.75323
"ME_M_3",1.753167
"ME_M_3",1.753059
"ME_M_3",1.752961
"ME_M_3",1.75293
"ME_M_3",1.7529
"ME_M_3",1.752874
"ME_M_3",1.752834
"ME_M_3",1.752728
"ME_M_3",1.752637
"ME_M_3",1.752587
"ME_M_3",1.752541
"ME_M_3",1.752544
"ME_M_3",1.752585
"ME_M_3",1.752711
"ME_M_3",1.752726
"ME_M_3",1.752692
"ME_M_3",1.752613
"ME_M_3",1.752583
"ME_M_3",1.752541
"ME_M_3",1.752491
"ME_M_3",1.752478
"ME_M_3",1.752441
"ME_M_3",1.75243
"ME_M_3",1.752423
"ME_M_3",1.752398
"ME_M_3",1.752398
"ME_M_3",1.75235
"ME_M_3",1.752308
"ME_M_3",1.752327
"ME_M_3",1.752352
"ME_M_3",1.752372
"ME_M_3",1.752362
"ME_M_3",1.752411
"ME_M_3",1.752477
"ME_M_3",1.752509
"ME_M_3",1.75252
"ME_M_3",1.752525
"ME_M_3",1.752515
"ME_M_3",1.752503
"ME_M_3",1.752522
"ME_M_3",1.752522
"ME_M_3",1.752508
"ME_M_3",1.752499
"ME_M_3",1.752486
"ME_M_3",1.752476
"ME_M_3",1.752588
"ME_M_3",1.752555
"ME_M_3",1.752573
"ME_M_3",1.752562
"ME_M_3",1.752538
"ME_M_3",1.752481
"ME_M_3",1.75243
"ME_M_3",1.752407
"ME_M_3",1.752436
"ME_M_3",1.752456
"ME_M_3",1.752495
"ME_M_3",1.752508
"ME_M_3",1.752511
"ME_M_3",1.752623
"ME_M_3",1.752803
"ME_M_3",1.752954
"ME_M_3",1.753151
"ME_M_3",1.753219
"ME_M_3",1.753288
"ME_M_3",1.753395
"ME_M_3",1.753641
"ME_M_3",1.753848
"ME_M_3",1.754009
"ME_M_3",1.754105
"ME_M_3",1.754091
"ME_M_3",1.754025
"ME_M_3",1.753913
"ME_M_3",1.753866
"ME_M_3",1.753751
"ME_M_3",1.753619
"ME_M_3",1.753472
"ME_M_3",1.753341
"ME_M_3",1.753192
"ME_M_3",1.7531
"ME_M_3",1.753039
"ME_M_3",1.752949
"ME_M_3",1.752905
"ME_M_3",1.752866
"ME_M_3",1.752843
"ME_M_3",1.752779
"ME_M_3",1.752735
"ME_M_3",1.752711
"ME_M_3",1.752731
"ME_M_3",1.752706
"ME_M_3",1.752784
"ME_M_3",1.752748
"ME_M_3",1.752718
"ME_M_3",1.752693
"ME_M_3",1.752758
"ME_M_3",1.752774
"ME_M_3",1.752766
"ME_M_3",1.752774
"ME_M_3",1.752802
"ME_M_3",1.752818
"ME_M_3",1.752815
"ME_M_3",1.752811
"ME_M_3",1.752754
"ME_M_3",1.752685
"ME_M_3",1.752603
"ME_M_3",1.752543
"ME_M_3",1.752476
"ME_M_3",1.752381
"ME_M_3",1.752269
"ME_M_3",1.752179
"ME_M_3",1.752181
"ME_M_3",1.752198
"ME_M_3",1.752202
"ME_M_3",1.752142
"ME_M_3",1.752088
"ME_M_3",1.75206
"ME_M_3",1.752072
"ME_M_3",1.752033
"ME_M_3",1.75204
"ME_M_3",1.76261
"ME_M_3",1.76265
"ME_M_3",1.762668
"ME_M_3",1.762668
"ME_M_3",1.762673
"ME_M_3",1.762667
"ME_M_3",1.762699
"ME_M_3",1.762725
"ME_M_3",1.762804
"ME_M_3",1.76296
"ME_M_3",1.763033
"ME_M_3",1.763091
"ME_M_3",1.763188
"ME_M_3",1.763306
"ME_M_3",1.763409
"ME_M_3",1.763485
"ME_M_3",1.763575
"ME_M_3",1.763618
"ME_M_3",1.763701
"ME_M_3",1.763781
"ME_M_3",1.763879
"ME_M_3",1.764007
"ME_M_3",1.764087
"ME_M_3",1.764152
"ME_M_3",1.764264
"ME_M_3",1.764152
"ME_M_3",1.763986
"ME_M_3",1.764221
"ME_M_3",1.76411
"ME_M_3",1.763952
"ME_M_3",1.763857
"ME_M_3",1.763776
"ME_M_3",1.763675
"ME_M_3",1.763553
"ME_M_3",1.76349
"ME_M_3",1.763417
"ME_M_3",1.763411
"ME_M_3",1.763399
"ME_M_3",1.763342
"ME_M_3",1.76328
"ME_M_3",1.763208
"ME_M_3",1.763326
"ME_M_3",1.763319
"ME_M_3",1.763374
"ME_M_3",1.76352
"ME_M_3",1.763366
"ME_M_3",1.763336
"ME_M_3",1.763216
"ME_M_3",1.763168
"ME_M_3",1.76313
"ME_M_3",1.763062
"ME_M_3",1.76299
"ME_M_3",1.762904
"ME_M_3",1.762948
"ME_M_3",1.762879
"ME_M_3",1.762754
"ME_M_3",1.762643
"ME_M_3",1.762633
"ME_M_3",1.762627
"ME_M_3",1.763495
"ME_M_3",1.76397
"ME_M_3",1.764105
"ME_M_3",1.764271
"ME_M_3",1.764391
"ME_M_3",1.764483
"ME_M_3",1.764545
"ME_M_3",1.764624
"ME_M_3",1.764592
"ME_M_3",1.764611
"ME_M_3",1.764567
"ME_M_3",1.76459
"ME_M_3",1.764601
"ME_M_3",1.764816
"ME_M_3",1.764677
"ME_M_3",1.762236
"ME_M_3",1.762264
"ME_M_3",1.762268
"ME_M_3",1.762275
"ME_M_3",1.762287
"ME_M_3",1.762291
"ME_M_3",1.762309
"ME_M_3",1.76231
"ME_M_3",1.762267
"ME_M_3",1.762256
"ME_M_3",1.762226
"ME_M_3",1.762225
"ME_M_3",1.762168
"ME_M_3",1.76211
"ME_M_3",1.762021
"ME_M_3",1.761968
"ME_M_3",1.761902
"ME_M_3",1.761847
"ME_M_3",1.761775
"ME_M_3",1.761719
"ME_M_3",1.761734
"ME_M_3",1.761717
"ME_M_3",1.761733
"ME_M_3",1.761756
"ME_M_3",1.761775
"ME_M_3",1.761785
"ME_M_3",1.761835
"ME_M_3",1.761863
"ME_M_3",1.762012
"ME_M_3",1.762118
"ME_M_3",1.762327
"ME_M_3",1.762497
"ME_M_3",1.762745
"ME_M_3",1.762935
"ME_M_3",1.763577
"ME_M_3",1.763723
"ME_M_3",1.763844
"ME_M_3",1.764091
"ME_M_3",1.764358
"ME_M_3",1.764484
"ME_M_3",1.764497
"ME_M_3",1.764552
"ME_M_3",1.764727
"ME_M_3",1.764969
"ME_M_3",1.764946
"ME_M_3",1.764918
"ME_M_3",1.765028
"ME_M_3",1.765365
"ME_M_3",1.765419
"ME_M_3",1.765411
"ME_M_3",1.76508
"ME_M_3",1.765086
"ME_M_3",1.764922
"ME_M_3",1.764768
"ME_M_3",1.764598
"ME_M_3",1.764559
"ME_M_3",1.764609
"ME_M_3",1.764458
"ME_M_3",1.764413
"ME_M_3",1.764338
"ME_M_3",1.764038
"ME_M_3",1.763817
"ME_M_3",1.764031
"ME_M_3",1.764085
"ME_M_3",1.76386
"ME_M_3",1.763813
"ME_M_3",1.76375
"ME_M_3",1.763666
"ME_M_3",1.763559
"ME_M_3",1.763464
"ME_M_3",1.76339
"ME_M_3",1.763279
"ME_M_3",1.76321
"ME_M_3",1.763111
"ME_M_3",1.762464
"ME_M_3",1.762442
"ME_M_3",1.762471
"ME_M_3",1.7625
"ME_M_3",1.762469
"ME_M_3",1.762419
"ME_M_3",1.762365
"ME_M_3",1.76234
"ME_M_3",1.762339
"ME_M_3",1.762299
"ME_M_3",1.762264
"ME_M_3",1.762239
"ME_M_3",1.762265
"ME_M_3",1.762276
"ME_M_3",1.762324
"ME_M_3",1.762333
"ME_M_3",1.762321
"ME_M_3",1.762378
"ME_M_3",1.76238
"ME_M_3",1.762325
"ME_M_3",1.762211
"ME_M_3",1.76213
"ME_M_3",1.762213
"ME_M_3",1.762262
"ME_M_3",1.762326
"ME_M_3",1.762406
"ME_M_3",1.762438
"ME_M_3",1.762451
"ME_M_3",1.762475
"ME_M_3",1.762471
"ME_M_3",1.762425
"ME_M_3",1.762388
"ME_M_3",1.76233
"ME_M_3",1.7622
"ME_M_3",1.762108
"ME_M_3",1.762072
"ME_M_3",1.762058
"ME_M_3",1.762021
"ME_M_3",1.762072
"ME_M_3",1.762075
"ME_M_3",1.762075
"ME_M_3",1.762058
"ME_M_3",1.761931
"ME_M_3",1.761847
"ME_M_3",1.761799
"ME_M_3",1.761771
"ME_M_3",1.761799
"ME_M_3",1.761746
"ME_M_3",1.761677
"ME_M_3",1.761553
"ME_M_3",1.761572
"ME_M_3",1.761576
"ME_M_3",1.761575
"ME_M_3",1.761492
"ME_M_3",1.761481
"ME_M_3",1.761497
"ME_M_3",1.761482
"ME_M_3",1.761497
"ME_M_3",1.761492
"ME_M_3",1.761475
"ME_M_3",1.761438
"ME_M_3",1.761393
"ME_M_3",1.761328
"ME_M_3",1.761299
"ME_M_3",1.761248
"ME_M_3",1.761206
"ME_M_3",1.76115
"ME_M_3",1.761112
"ME_M_3",1.761078
"ME_M_3",1.761032
"ME_M_3",1.760981
"ME_M_3",1.76094
"ME_M_3",1.760907
"ME_M_3",1.753023
"ME_M_3",1.753043
"ME_M_3",1.753034
"ME_M_3",1.753031
"ME_M_3",1.753011
"ME_M_3",1.752973
"ME_M_3",1.752949
"ME_M_3",1.752931
"ME_M_3",1.752982
"ME_M_3",1.753004
"ME_M_3",1.752995
"ME_M_3",1.752977
"ME_M_3",1.752939
"ME_M_3",1.752967
"ME_M_3",1.752968
"ME_M_3",1.752993
"ME_M_3",1.752979
"ME_M_3",1.752995
"ME_M_3",1.753019
"ME_M_3",1.753058
"ME_M_3",1.753087
"ME_M_3",1.753098
"ME_M_3",1.753102
"ME_M_3",1.753127
"ME_M_3",1.753144
"ME_M_3",1.753193
"ME_M_3",1.753304
"ME_M_3",1.75334
"ME_M_3",1.753413
"ME_M_3",1.753416
"ME_M_3",1.753407
"ME_M_3",1.753408
"ME_M_3",1.753431
"ME_M_3",1.753428
"ME_M_3",1.753391
"ME_M_3",1.753299
"ME_M_3",1.753266
"ME_M_3",1.753403
"ME_M_3",1.75343
"ME_M_3",1.753514
"ME_M_3",1.753493
"ME_M_3",1.753276
"ME_M_3",1.753107
"ME_M_3",1.752948
"ME_M_3",1.752795
"ME_M_3",1.752693
"ME_M_3",1.752563
"ME_M_3",1.752507
"ME_M_3",1.752464
"ME_M_3",1.752491
"ME_M_3",1.752489
"ME_M_3",1.752489
"ME_M_3",1.752435
"ME_M_3",1.752412
"ME_M_3",1.75238
"ME_M_3",1.752405
"ME_M_3",1.7524
"ME_M_3",1.752434
"ME_M_3",1.752491
"ME_M_3",1.752506
"ME_M_3",1.752498
"ME_M_3",1.752558
"ME_M_3",1.752525
"ME_M_3",1.752403
"ME_M_3",1.752296
"ME_M_3",1.752146
"ME_M_3",1.752042
"ME_M_3",1.751967
"ME_M_3",1.751914
"ME_M_3",1.751879
"ME_M_3",1.751882
"ME_M_3",1.751835
"ME_M_3",1.751525
"ME_M_3",1.751523
"ME_M_3",1.751546
"ME_M_3",1.751555
"ME_M_3",1.751598
"ME_M_3",1.751605
"ME_M_3",1.751676
"ME_M_3",1.751709
"ME_M_3",1.751756
"ME_M_3",1.751804
"ME_M_3",1.751773
"ME_M_3",1.751737
"ME_M_3",1.751705
"ME_M_3",1.751663
"ME_M_3",1.751628
"ME_M_3",1.751647
"ME_M_3",1.751751
"ME_M_3",1.751886
"ME_M_3",1.752154
"ME_M_3",1.752311
"ME_M_3",1.752492
"ME_M_3",1.752649
"ME_M_3",1.75276
"ME_M_3",1.752894
"ME_M_3",1.753007
"ME_M_3",1.753152
"ME_M_3",1.75321
"ME_M_3",1.753169
"ME_M_3",1.753195
"ME_M_3",1.753321
"ME_M_3",1.75346
"ME_M_3",1.753537
"ME_M_3",1.753571
"ME_M_3",1.753608
"ME_M_3",1.753595
"ME_M_3",1.753533
"ME_M_3",1.753381
"ME_M_3",1.753329
"ME_M_3",1.753212
"ME_M_3",1.753135
"ME_M_3",1.75299
"ME_M_3",1.75287
"ME_M_3",1.752708
"ME_M_3",1.752568
"ME_M_3",1.752512
"ME_M_3",1.752391
"ME_M_3",1.752291
"ME_M_3",1.752266
"ME_M_3",1.752255
"ME_M_3",1.752265
"ME_M_3",1.752315
"ME_M_3",1.752217
"ME_M_3",1.752163
"ME_M_3",1.75207
"ME_M_3",1.752039
"ME_M_3",1.75199
"ME_M_3",1.752027
"ME_M_3",1.752023
"ME_M_3",1.752067
"ME_M_3",1.752078
"ME_M_3",1.752079
"ME_M_3",1.752082
"ME_M_3",1.752068
"ME_M_3",1.752056
"ME_M_3",1.752063
"ME_M_3",1.752046
"ME_M_3",1.752068
"ME_M_3",1.752071
"ME_M_3",1.752076
"ME_M_3",1.752058
"ME_M_3",1.752031
"ME_M_3",1.751997
"ME_M_3",1.751955
"ME_M_3",1.751134
"ME_M_3",1.75111
"ME_M_3",1.751091
"ME_M_3",1.751069
"ME_M_3",1.751031
"ME_M_3",1.750964
"ME_M_3",1.750926
"ME_M_3",1.750883
"ME_M_3",1.750834
"ME_M_3",1.750766
"ME_M_3",1.750708
"ME_M_3",1.750674
"ME_M_3",1.750655
"ME_M_3",1.750678
"ME_M_3",1.750678
"ME_M_3",1.750692
"ME_M_3",1.750723
"ME_M_3",1.750768
"ME_M_3",1.750789
"ME_M_3",1.75079
"ME_M_3",1.750815
"ME_M_3",1.750879
"ME_M_3",1.750962
"ME_M_3",1.750983
"ME_M_3",1.750892
"ME_M_3",1.750817
"ME_M_3",1.750828
"ME_M_3",1.75082
"ME_M_3",1.750812
"ME_M_3",1.750749
"ME_M_3",1.750697
"ME_M_3",1.750617
"ME_M_3",1.75054
"ME_M_3",1.750417
"ME_M_3",1.750352
"ME_M_3",1.750287
"ME_M_3",1.7502
"ME_M_3",1.750072
"ME_M_3",1.750013
"ME_M_3",1.750008
"ME_M_3",1.750017
"ME_M_3",1.750101
"ME_M_3",1.750091
"ME_M_3",1.750058
"ME_M_3",1.750041
"ME_M_3",1.749994
"ME_M_3",1.749921
"ME_M_3",1.749895
"ME_M_3",1.749855
"ME_M_3",1.749781
"ME_M_3",1.749721
"ME_M_3",1.749666
"ME_M_3",1.74973
"ME_M_3",1.749718
"ME_M_3",1.749743
"ME_M_3",1.749708
"ME_M_3",1.749676
"ME_M_3",1.749699
"ME_M_3",1.749672
"ME_M_3",1.749664
"ME_M_3",1.749657
"ME_M_3",1.749665
"ME_M_3",1.74967
"ME_M_3",1.749659
"ME_M_3",1.749681
"ME_M_3",1.749692
"ME_M_3",1.749681
"ME_M_3",1.749672
"ME_M_3",1.749667
"ME_M_3",1.749673
"ME_M_3",1.749663
"ME_M_3",1.749641
"ME_M_3",1.749617
"ME_M_4",1.854238
"ME_M_4",1.854248
"ME_M_4",1.854264
"ME_M_4",1.854285
"ME_M_4",1.854281
"ME_M_4",1.854259
"ME_M_4",1.854258
"ME_M_4",1.854261
"ME_M_4",1.854236
"ME_M_4",1.85419
"ME_M_4",1.854111
"ME_M_4",1.854034
"ME_M_4",1.853946
"ME_M_4",1.853866
"ME_M_4",1.853795
"ME_M_4",1.853766
"ME_M_4",1.853729
"ME_M_4",1.853674
"ME_M_4",1.853636
"ME_M_4",1.853564
"ME_M_4",1.85347
"ME_M_4",1.853428
"ME_M_4",1.853366
"ME_M_4",1.853286
"ME_M_4",1.853196
"ME_M_4",1.853084
"ME_M_4",1.852969
"ME_M_4",1.852887
"ME_M_4",1.852892
"ME_M_4",1.852939
"ME_M_4",1.852999
"ME_M_4",1.853068
"ME_M_4",1.853128
"ME_M_4",1.853245
"ME_M_4",1.853298
"ME_M_4",1.853307
"ME_M_4",1.853323
"ME_M_4",1.85329
"ME_M_4",1.853235
"ME_M_4",1.853099
"ME_M_4",1.853029
"ME_M_4",1.853011
"ME_M_4",1.853032
"ME_M_4",1.853031
"ME_M_4",1.853007
"ME_M_4",1.853
"ME_M_4",1.852973
"ME_M_4",1.852988
"ME_M_4",1.852985
"ME_M_4",1.852994
"ME_M_4",1.852969
"ME_M_4",1.852911
"ME_M_4",1.852809
"ME_M_4",1.852758
"ME_M_4",1.852787
"ME_M_4",1.852793
"ME_M_4",1.852782
"ME_M_4",1.852773
"ME_M_4",1.852746
"ME_M_4",1.852783
"ME_M_4",1.8528
"ME_M_4",1.852809
"ME_M_4",1.852818
"ME_M_4",1.852781
"ME_M_4",1.852775
"ME_M_4",1.852782
"ME_M_4",1.852819
"ME_M_4",1.852854
"ME_M_4",1.852869
"ME_M_4",1.852963
"ME_M_4",1.852999
"ME_M_4",1.85304
"ME_M_4",1.855108
"ME_M_4",1.85508
"ME_M_4",1.855111
"ME_M_4",1.855125
"ME_M_4",1.855149
"ME_M_4",1.855211
"ME_M_4",1.855282
"ME_M_4",1.855305
"ME_M_4",1.855315
"ME_M_4",1.855297
"ME_M_4",1.855258
"ME_M_4",1.855233
"ME_M_4",1.855198
"ME_M_4",1.855123
"ME_M_4",1.855099
"ME_M_4",1.855087
"ME_M_4",1.855087
"ME_M_4",1.855081
"ME_M_4",1.854964
"ME_M_4",1.854807
"ME_M_4",1.854634
"ME_M_4",1.854541
"ME_M_4",1.854488
"ME_M_4",1.854384
"ME_M_4",1.854289
"ME_M_4",1.854155
"ME_M_4",1.853909
"ME_M_4",1.853745
"ME_M_4",1.853659
"ME_M_4",1.853651
"ME_M_4",1.853576
"ME_M_4",1.853604
"ME_M_4",1.853663
"ME_M_4",1.8537
"ME_M_4",1.853675
"ME_M_4",1.853614
"ME_M_4",1.85355
"ME_M_4",1.8535
"ME_M_4",1.853472
"ME_M_4",1.853415
"ME_M_4",1.853355
"ME_M_4",1.853323
"ME_M_4",1.853349
"ME_M_4",1.853318
"ME_M_4",1.853299
"ME_M_4",1.853277
"ME_M_4",1.853259
"ME_M_4",1.85324
"ME_M_4",1.853188
"ME_M_4",1.853127
"ME_M_4",1.853019
"ME_M_4",1.852957
"ME_M_4",1.852883
"ME_M_4",1.85285
"ME_M_4",1.852828
"ME_M_4",1.852769
"ME_M_4",1.852716
"ME_M_4",1.852676
"ME_M_4",1.852715
"ME_M_4",1.852721
"ME_M_4",1.852733
"ME_M_4",1.852751
"ME_M_4",1.852822
"ME_M_4",1.852851
"ME_M_4",1.852901
"ME_M_4",1.852963
"ME_M_4",1.853021
"ME_M_4",1.853054
"ME_M_4",1.853067
"ME_M_4",1.853106
"ME_M_4",1.853146
"ME_M_4",1.853166
"ME_M_4",1.853177
"ME_M_4",1.854984
"ME_M_4",1.854928
"ME_M_4",1.854874
"ME_M_4",1.854803
"ME_M_4",1.854756
"ME_M_4",1.854739
"ME_M_4",1.854736
"ME_M_4",1.854717
"ME_M_4",1.854672
"ME_M_4",1.854663
"ME_M_4",1.854699
"ME_M_4",1.85473
"ME_M_4",1.854722
"ME_M_4",1.854684
"ME_M_4",1.85465
"ME_M_4",1.854663
"ME_M_4",1.854597
"ME_M_4",1.854498
"ME_M_4",1.853597
"ME_M_4",1.853547
"ME_M_4",1.853456
"ME_M_4",1.853476
"ME_M_4",1.853622
"ME_M_4",1.853775
"ME_M_4",1.853462
"ME_M_4",1.853486
"ME_M_4",1.853494
"ME_M_4",1.853499
"ME_M_4",1.853514
"ME_M_4",1.853589
"ME_M_4",1.85368
"ME_M_4",1.85372
"ME_M_4",1.853676
"ME_M_4",1.853626
"ME_M_4",1.853562
"ME_M_4",1.853641
"ME_M_4",1.853684
"ME_M_4",1.853693
"ME_M_4",1.85371
"ME_M_4",1.853695
"ME_M_4",1.853682
"ME_M_4",1.85368
"ME_M_4",1.853664
"ME_M_4",1.853593
"ME_M_4",1.853527
"ME_M_4",1.853468
"ME_M_4",1.853386
"ME_M_4",1.85333
"ME_M_4",1.853279
"ME_M_4",1.853194
"ME_M_4",1.85314
"ME_M_4",1.853178
"ME_M_4",1.853178
"ME_M_4",1.853147
"ME_M_4",1.853146
"ME_M_4",1.853105
"ME_M_4",1.853054
"ME_M_4",1.853024
"ME_M_4",1.852977
"ME_M_4",1.853056
"ME_M_4",1.853068
"ME_M_4",1.853088
"ME_M_4",1.853105
"ME_M_4",1.853163
"ME_M_4",1.853212
"ME_M_4",1.853242
"ME_M_4",1.853259
"ME_M_4",1.853249
"ME_M_4",1.853299
"ME_M_4",1.853335
"ME_M_4",1.853363
"ME_M_4",1.853395
"ME_M_4",1.853379
"ME_M_4",1.833091
"ME_M_4",1.833041
"ME_M_4",1.832934
"ME_M_4",1.83285
"ME_M_4",1.832786
"ME_M_4",1.832717
"ME_M_4",1.832631
"ME_M_4",1.832594
"ME_M_4",1.832548
"ME_M_4",1.832543
"ME_M_4",1.832624
"ME_M_4",1.832638
"ME_M_4",1.832706
"ME_M_4",1.832798
"ME_M_4",1.832746
"ME_M_4",1.832754
"ME_M_4",1.832789
"ME_M_4",1.832797
"ME_M_4",1.83277
"ME_M_4",1.832737
"ME_M_4",1.832676
"ME_M_4",1.832592
"ME_M_4",1.832559
"ME_M_4",1.832554
"ME_M_4",1.832572
"ME_M_4",1.832599
"ME_M_4",1.832566
"ME_M_4",1.832544
"ME_M_4",1.832509
"ME_M_4",1.832502
"ME_M_4",1.832468
"ME_M_4",1.832433
"ME_M_4",1.832406
"ME_M_4",1.832439
"ME_M_4",1.83248
"ME_M_4",1.832456
"ME_M_4",1.832445
"ME_M_4",1.832441
"ME_M_4",1.832461
"ME_M_4",1.832497
"ME_M_4",1.832517
"ME_M_4",1.832515
"ME_M_4",1.832574
"ME_M_4",1.832582
"ME_M_4",1.832631
"ME_M_4",1.832639
"ME_M_4",1.832628
"ME_M_4",1.832616
"ME_M_4",1.832613
"ME_M_4",1.83257
"ME_M_4",1.832546
"ME_M_4",1.832507
"ME_M_4",1.83249
"ME_M_4",1.832512
"ME_M_4",1.832523
"ME_M_4",1.832506
"ME_M_4",1.832492
"ME_M_4",1.832493
"ME_M_4",1.832541
"ME_M_4",1.83255
"ME_M_4",1.832577
"ME_M_4",1.832606
"ME_M_4",1.832666
"ME_M_4",1.832708
"ME_M_4",1.832732
"ME_M_4",1.832751
"ME_M_4",1.832769
"ME_M_4",1.832738
"ME_M_4",1.832704
"ME_M_4",1.832659
"ME_M_4",1.832609
"ME_M_4",1.832581
"ME_M_4",1.832573
"ME_M_4",1.832411
"ME_M_4",1.832386
"ME_M_4",1.832365
"ME_M_4",1.832351
"ME_M_4",1.832324
"ME_M_4",1.832302
"ME_M_4",1.83228
"ME_M_4",1.832254
"ME_M_4",1.83224
"ME_M_4",1.832268
"ME_M_4",1.832251
"ME_M_4",1.832245
"ME_M_4",1.832245
"ME_M_4",1.832255
"ME_M_4",1.832283
"ME_M_4",1.832282
"ME_M_4",1.832277
"ME_M_4",1.832291
"ME_M_4",1.832285
"ME_M_4",1.832249
"ME_M_4",1.832213
"ME_M_4",1.832162
"ME_M_4",1.832117
"ME_M_4",1.832074
"ME_M_4",1.832003
"ME_M_4",1.831947
"ME_M_4",1.831877
"ME_M_4",1.831821
"ME_M_4",1.831773
"ME_M_4",1.831756
"ME_M_4",1.831782
"ME_M_4",1.831697
"ME_M_4",1.83168
"ME_M_4",1.831572
"ME_M_4",1.831542
"ME_M_4",1.831583
"ME_M_4",1.831506
"ME_M_4",1.831499
"ME_M_4",1.831458
"ME_M_4",1.831399
"ME_M_4",1.831354
"ME_M_4",1.831212
"ME_M_4",1.831165
"ME_M_4",1.831132
"ME_M_4",1.831144
"ME_M_4",1.83119
"ME_M_4",1.831303
"ME_M_4",1.831345
"ME_M_4",1.831431
"ME_M_4",1.831489
"ME_M_4",1.831526
"ME_M_4",1.831504
"ME_M_4",1.83151
"ME_M_4",1.831532
"ME_M_4",1.831543
"ME_M_4",1.83155
"ME_M_4",1.831578
"ME_M_4",1.831638
"ME_M_4",1.831664
"ME_M_4",1.831713
"ME_M_4",1.831775
"ME_M_4",1.831822
"ME_M_4",1.831845
"ME_M_4",1.831889
"ME_M_4",1.831931
"ME_M_4",1.831985
"ME_M_4",1.832029
"ME_M_4",1.832084
"ME_M_4",1.832145
"ME_M_4",1.832241
"ME_M_4",1.832313
"ME_M_4",1.832354
"ME_M_4",1.832162
"ME_M_4",1.832165
"ME_M_4",1.832155
"ME_M_4",1.832163
"ME_M_4",1.832166
"ME_M_4",1.832165
"ME_M_4",1.832143
"ME_M_4",1.832142
"ME_M_4",1.832137
"ME_M_4",1.832144
"ME_M_4",1.832144
"ME_M_4",1.832151
"ME_M_4",1.832139
"ME_M_4",1.832169
"ME_M_4",1.832195
"ME_M_4",1.832222
"ME_M_4",1.832235
"ME_M_4",1.832254
"ME_M_4",1.832262
"ME_M_4",1.832261
"ME_M_4",1.832241
"ME_M_4",1.832222
"ME_M_4",1.832223
"ME_M_4",1.832217
"ME_M_4",1.832209
"ME_M_4",1.832175
"ME_M_4",1.832141
"ME_M_4",1.832114
"ME_M_4",1.832109
"ME_M_4",1.832081
"ME_M_4",1.832063
"ME_M_4",1.832073
"ME_M_4",1.832059
"ME_M_4",1.831972
"ME_M_4",1.831877
"ME_M_4",1.831619
"ME_M_4",1.831381
"ME_M_4",1.83135
"ME_M_4",1.831383
"ME_M_4",1.831548
"ME_M_4",1.831428
"ME_M_4",1.831304
"ME_M_4",1.831258
"ME_M_4",1.831371
"ME_M_4",1.831515
"ME_M_4",1.831667
"ME_M_4",1.831767
"ME_M_4",1.831876
"ME_M_4",1.831948
"ME_M_4",1.831956
"ME_M_4",1.831956
"ME_M_4",1.831943
"ME_M_4",1.83198
"ME_M_4",1.83204
"ME_M_4",1.832112
"ME_M_4",1.832119
"ME_M_4",1.832158
"ME_M_4",1.832278
"ME_M_4",1.832338
"ME_M_4",1.832415
"ME_M_4",1.832482
"ME_M_4",1.832585
"ME_M_4",1.832659
"ME_M_4",1.832745
"ME_M_4",1.832787
"ME_M_4",1.832783
"ME_M_4",1.832788
"ME_M_4",1.832745
"ME_M_4",1.832723
"ME_M_4",1.832691
"ME_M_4",1.832677
"ME_M_4",1.832658
"ME_M_4",1.832603
"ME_M_4",1.826785
"ME_M_4",1.826782
"ME_M_4",1.826777
"ME_M_4",1.826817
"ME_M_4",1.826794
"ME_M_4",1.826759
"ME_M_4",1.826623
"ME_M_4",1.826515
"ME_M_4",1.826442
"ME_M_4",1.826435
"ME_M_4",1.82643
"ME_M_4",1.826465
"ME_M_4",1.826589
"ME_M_4",1.826623
"ME_M_4",1.826669
"ME_M_4",1.826653
"ME_M_4",1.826689
"ME_M_4",1.826708
"ME_M_4",1.826689
"ME_M_4",1.826676
"ME_M_4",1.826674
"ME_M_4",1.826642
"ME_M_4",1.826636
"ME_M_4",1.826574
"ME_M_4",1.826518
"ME_M_4",1.826524
"ME_M_4",1.826511
"ME_M_4",1.826462
"ME_M_4",1.826379
"ME_M_4",1.826277
"ME_M_4",1.826202
"ME_M_4",1.826151
"ME_M_4",1.826165
"ME_M_4",1.826174
"ME_M_4",1.826204
"ME_M_4",1.82617
"ME_M_4",1.826143
"ME_M_4",1.82609
"ME_M_4",1.826198
"ME_M_4",1.826217
"ME_M_4",1.826275
"ME_M_4",1.826344
"ME_M_4",1.826421
"ME_M_4",1.826487
"ME_M_4",1.82652
"ME_M_4",1.826517
"ME_M_4",1.82657
"ME_M_4",1.826621
"ME_M_4",1.826622
"ME_M_4",1.826603
"ME_M_4",1.826533
"ME_M_4",1.826507
"ME_M_4",1.826482
"ME_M_4",1.826479
"ME_M_4",1.826448
"ME_M_4",1.826436
"ME_M_4",1.826467
"ME_M_4",1.826538
"ME_M_4",1.826584
"ME_M_4",1.826615
"ME_M_4",1.826646
"ME_M_4",1.826705
"ME_M_4",1.826708
"ME_M_4",1.826727
"ME_M_4",1.826748
"ME_M_4",1.826764
"ME_M_4",1.826808
"ME_M_4",1.826842
"ME_M_4",1.826872
"ME_M_4",1.826936
"ME_M_4",1.826979
"ME_M_4",1.827038
"ME_M_4",1.827075
"ME_M_4",1.8261
"ME_M_4",1.826075
"ME_M_4",1.826086
"ME_M_4",1.826132
"ME_M_4",1.826133
"ME_M_4",1.826175
"ME_M_4",1.826215
"ME_M_4",1.826268
"ME_M_4",1.826295
"ME_M_4",1.826313
"ME_M_4",1.826321
"ME_M_4",1.826353
"ME_M_4",1.826353
"ME_M_4",1.826346
"ME_M_4",1.826353
"ME_M_4",1.82633
"ME_M_4",1.826282
"ME_M_4",1.826247
"ME_M_4",1.826222
"ME_M_4",1.826241
"ME_M_4",1.826253
"ME_M_4",1.826264
"ME_M_4",1.826294
"ME_M_4",1.826345
"ME_M_4",1.826374
"ME_M_4",1.826393
"ME_M_4",1.826408
"ME_M_4",1.826418
"ME_M_4",1.826362
"ME_M_4",1.826285
"ME_M_4",1.826153
"ME_M_4",1.826147
"ME_M_4",1.826214
"ME_M_4",1.826222
"ME_M_4",1.826225
"ME_M_4",1.826104
"ME_M_4",1.826047
"ME_M_4",1.826012
"ME_M_4",1.825957
"ME_M_4",1.825858
"ME_M_4",1.825798
"ME_M_4",1.825801
"ME_M_4",1.826051
"ME_M_4",1.826265
"ME_M_4",1.826343
"ME_M_4",1.826366
"ME_M_4",1.82642
"ME_M_4",1.82651
"ME_M_4",1.826629
"ME_M_4",1.826716
"ME_M_4",1.826766
"ME_M_4",1.826825
"ME_M_4",1.826876
"ME_M_4",1.826922
"ME_M_4",1.826961
"ME_M_4",1.827017
"ME_M_4",1.827038
"ME_M_4",1.82709
"ME_M_4",1.827077
"ME_M_4",1.827061
"ME_M_4",1.827029
"ME_M_4",1.826998
"ME_M_4",1.827007
"ME_M_4",1.826963
"ME_M_4",1.826916
"ME_M_4",1.826862
"ME_M_4",1.82687
"ME_M_4",1.826936
"ME_M_4",1.826934
"ME_M_4",1.826951
"ME_M_4",1.826956
"ME_M_4",1.826919
"ME_M_4",1.826899
"ME_M_4",1.826674
"ME_M_4",1.826714
"ME_M_4",1.826743
"ME_M_4",1.826762
"ME_M_4",1.826827
"ME_M_4",1.826864
"ME_M_4",1.826919
"ME_M_4",1.826996
"ME_M_4",1.827011
"ME_M_4",1.826975
"ME_M_4",1.826894
"ME_M_4",1.826837
"ME_M_4",1.826697
"ME_M_4",1.826631
"ME_M_4",1.826598
"ME_M_4",1.826667
"ME_M_4",1.826691
"ME_M_4",1.826701
"ME_M_4",1.826714
"ME_M_4",1.826749
"ME_M_4",1.826837
"ME_M_4",1.826955
"ME_M_4",1.827076
"ME_M_4",1.82718
"ME_M_4",1.827285
"ME_M_4",1.827379
"ME_M_4",1.82743
"ME_M_4",1.827459
"ME_M_4",1.827504
"ME_M_4",1.82758
"ME_M_4",1.827647
"ME_M_4",1.827654
"ME_M_4",1.827669
"ME_M_4",1.827654
"ME_M_4",1.827623
"ME_M_4",1.827588
"ME_M_4",1.827563
"ME_M_4",1.827552
"ME_M_4",1.827556
"ME_M_4",1.827548
"ME_M_4",1.827517
"ME_M_4",1.827507
"ME_M_4",1.827492
"ME_M_4",1.827476
"ME_M_4",1.827459
"ME_M_4",1.827447
"ME_M_4",1.827424
"ME_M_4",1.827403
"ME_M_4",1.827367
"ME_M_4",1.827339
"ME_M_4",1.827328
"ME_M_4",1.827291
"ME_M_4",1.827255
"ME_M_4",1.827224
"ME_M_4",1.827205
"ME_M_4",1.827177
"ME_M_4",1.827173
"ME_M_4",1.82715
"ME_M_4",1.827165
"ME_M_4",1.827321
"ME_M_4",1.827418
"ME_M_4",1.827663
"ME_M_4",1.827828
"ME_M_4",1.82804
"ME_M_4",1.828189
"ME_M_4",1.828273
"ME_M_4",1.828311
"ME_M_4",1.828269
"ME_M_4",1.828283
"ME_M_4",1.828296
"ME_M_4",1.82829
"ME_M_4",1.828277
"ME_M_4",1.828249
"ME_M_4",1.828209
"ME_M_4",1.8262
"ME_M_4",1.826149
"ME_M_4",1.826092
"ME_M_4",1.826067
"ME_M_4",1.826101
"ME_M_4",1.826124
"ME_M_4",1.826144
"ME_M_4",1.826181
"ME_M_4",1.826374
"ME_M_4",1.82649
"ME_M_4",1.826626
"ME_M_4",1.826648
"ME_M_4",1.826706
"ME_M_4",1.82678
"ME_M_4",1.826867
"ME_M_4",1.826956
"ME_M_4",1.826973
"ME_M_4",1.827002
"ME_M_4",1.827093
"ME_M_4",1.827293
"ME_M_4",1.827692
"ME_M_4",1.828396
"ME_M_4",1.828667
"ME_M_4",1.828884
"ME_M_4",1.829178
"ME_M_4",1.829549
"ME_M_4",1.829851
"ME_M_4",1.83
"ME_M_4",1.830027
"ME_M_4",1.830133
"ME_M_4",1.830134
"ME_M_4",1.830263
"ME_M_4",1.830569
"ME_M_4",1.830605
"ME_M_4",1.830574
"ME_M_4",1.830549
"ME_M_4",1.830464
"ME_M_4",1.830475
"ME_M_4",1.830401
"ME_M_4",1.83031
"ME_M_4",1.830183
"ME_M_4",1.830059
"ME_M_4",1.829969
"ME_M_4",1.829867
"ME_M_4",1.829758
"ME_M_4",1.829668
"ME_M_4",1.829627
"ME_M_4",1.829613
"ME_M_4",1.829574
"ME_M_4",1.829487
"ME_M_4",1.829433
"ME_M_4",1.829416
"ME_M_4",1.829513
"ME_M_4",1.829564
"ME_M_4",1.829615
"ME_M_4",1.829725
"ME_M_4",1.829682
"ME_M_4",1.829652
"ME_M_4",1.829713
"ME_M_4",1.829739
"ME_M_4",1.829733
"ME_M_4",1.829728
"ME_M_4",1.829729
"ME_M_4",1.82968
"ME_M_4",1.82962
"ME_M_4",1.829552
"ME_M_4",1.829461
"ME_M_4",1.829401
"ME_M_4",1.829333
"ME_M_4",1.829273
"ME_M_4",1.829255
"ME_M_4",1.829219
"ME_M_4",1.829209
"ME_M_4",1.829363
"ME_M_4",1.829321
"ME_M_4",1.829264
"ME_M_4",1.82922
"ME_M_4",1.829172
"ME_M_4",1.829132
"ME_M_4",1.829107
"ME_M_4",1.82909
"ME_M_4",1.829069
"ME_M_4",1.82902
"ME_M_4",1.829011
"ME_M_4",1.828997
"ME_M_4",1.828998
"ME_M_4",1.82895
"ME_M_4",1.828851
"ME_M_4",1.828789
"ME_M_4",1.828748
"ME_M_4",1.828707
"ME_M_4",1.828744
"ME_M_4",1.828754
"ME_M_4",1.828773
"ME_M_4",1.828816
"ME_M_4",1.828851
"ME_M_4",1.828858
"ME_M_4",1.828859
"ME_M_4",1.82886
"ME_M_4",1.828772
"ME_M_4",1.828737
"ME_M_4",1.828709
"ME_M_4",1.828698
"ME_M_4",1.828612
"ME_M_4",1.828549
"ME_M_4",1.828476
"ME_M_4",1.828361
"ME_M_4",1.828277
"ME_M_4",1.82794
"ME_M_4",1.827826
"ME_M_4",1.828219
"ME_M_4",1.828152
"ME_M_4",1.828222
"ME_M_4",1.828301
"ME_M_4",1.828319
"ME_M_4",1.828278
"ME_M_4",1.828277
"ME_M_4",1.828296
"ME_M_4",1.82835
"ME_M_4",1.828408
"ME_M_4",1.828423
"ME_M_4",1.828439
"ME_M_4",1.828529
"ME_M_4",1.828651
"ME_M_4",1.82874
"ME_M_4",1.828808
"ME_M_4",1.828888
"ME_M_4",1.828958
"ME_M_4",1.829012
"ME_M_4",1.829052
"ME_M_4",1.829107
"ME_M_4",1.829225
"ME_M_4",1.829277
"ME_M_4",1.82932
"ME_M_4",1.829368
"ME_M_4",1.829467
"ME_M_4",1.829537
"ME_M_4",1.829595
"ME_M_4",1.82962
"ME_M_4",1.829622
"ME_M_4",1.829625
"ME_M_4",1.829642
"ME_M_4",1.829628
"ME_M_4",1.829648
"ME_M_4",1.82968
"ME_M_4",1.829707
"ME_M_4",1.830581
"ME_M_4",1.830556
"ME_M_4",1.830517
"ME_M_4",1.830489
"ME_M_4",1.830445
"ME_M_4",1.830403
"ME_M_4",1.830363
"ME_M_4",1.830357
"ME_M_4",1.830344
"ME_M_4",1.830362
"ME_M_4",1.830408
"ME_M_4",1.830442
"ME_M_4",1.830436
"ME_M_4",1.83043
"ME_M_4",1.830418
"ME_M_4",1.830403
"ME_M_4",1.830373
"ME_M_4",1.830384
"ME_M_4",1.830384
"ME_M_4",1.830427
"ME_M_4",1.830433
"ME_M_4",1.830427
"ME_M_4",1.830425
"ME_M_4",1.830355
"ME_M_4",1.830286
"ME_M_4",1.830235
"ME_M_4",1.830163
"ME_M_4",1.830049
"ME_M_4",1.830004
"ME_M_4",1.829918
"ME_M_4",1.829859
"ME_M_4",1.829751
"ME_M_4",1.829675
"ME_M_4",1.829595
"ME_M_4",1.829506
"ME_M_4",1.829428
"ME_M_4",1.829299
"ME_M_4",1.829184
"ME_M_4",1.829051
"ME_M_4",1.828944
"ME_M_4",1.828817
"ME_M_4",1.828696
"ME_M_4",1.828574
"ME_M_4",1.828481
"ME_M_4",1.828376
"ME_M_4",1.828281
"ME_M_4",1.828222
"ME_M_4",1.828291
"ME_M_4",1.828263
"ME_M_4",1.828248
"ME_M_4",1.82819
"ME_M_4",1.828127
"ME_M_4",1.828119
"ME_M_4",1.82811
"ME_M_4",1.828123
"ME_M_4",1.828361
"ME_M_4",1.828427
"ME_M_4",1.828571
"ME_M_4",1.828674
"ME_M_4",1.828704
"ME_M_4",1.828735
"ME_M_4",1.828798
"ME_M_4",1.828858
"ME_M_4",1.828858
"ME_M_4",1.828866
"ME_M_4",1.828825
"ME_M_4",1.828741
"ME_M_4",1.828628
"ME_M_4",1.82858
"ME_M_4",1.828498
"ME_M_4",1.828475
"ME_M_4",1.828555
"ME_M_4",1.828571
"ME_M_5",1.711308
"ME_M_5",1.711306
"ME_M_5",1.711326
"ME_M_5",1.711357
"ME_M_5",1.711352
"ME_M_5",1.711309
"ME_M_5",1.711277
"ME_M_5",1.711212
"ME_M_5",1.711173
"ME_M_5",1.711164
"ME_M_5",1.711198
"ME_M_5",1.711232
"ME_M_5",1.711314
"ME_M_5",1.711339
"ME_M_5",1.711348
"ME_M_5",1.711325
"ME_M_5",1.711267
"ME_M_5",1.711254
"ME_M_5",1.711072
"ME_M_5",1.710868
"ME_M_5",1.710769
"ME_M_5",1.710922
"ME_M_5",1.711311
"ME_M_5",1.711561
"ME_M_5",1.711622
"ME_M_5",1.711694
"ME_M_5",1.71187
"ME_M_5",1.711983
"ME_M_5",1.712007
"ME_M_5",1.712018
"ME_M_5",1.711998
"ME_M_5",1.712081
"ME_M_5",1.711944
"ME_M_5",1.711774
"ME_M_5",1.711651
"ME_M_5",1.71155
"ME_M_5",1.71151
"ME_M_5",1.711449
"ME_M_5",1.711398
"ME_M_5",1.711408
"ME_M_5",1.711495
"ME_M_5",1.711555
"ME_M_5",1.71159
"ME_M_5",1.711613
"ME_M_5",1.711667
"ME_M_5",1.711699
"ME_M_5",1.711745
"ME_M_5",1.711729
"ME_M_5",1.711691
"ME_M_5",1.711626
"ME_M_5",1.71155
"ME_M_5",1.711439
"ME_M_5",1.71126
"ME_M_5",1.71111
"ME_M_5",1.710996
"ME_M_5",1.710932
"ME_M_5",1.710915
"ME_M_5",1.710896
"ME_M_5",1.710942
"ME_M_5",1.710974
"ME_M_5",1.711056
"ME_M_5",1.71114
"ME_M_5",1.711196
"ME_M_5",1.711209
"ME_M_5",1.711223
"ME_M_5",1.71126
"ME_M_5",1.711319
"ME_M_5",1.711348
"ME_M_5",1.711411
"ME_M_5",1.711424
"ME_M_5",1.711404
"ME_M_5",1.711393
"ME_M_5",1.711397
"ME_M_5",1.711414
"ME_M_5",1.711412
"ME_M_5",1.71142
"ME_M_5",1.711437
"ME_M_5",1.711428
"ME_M_5",1.71142
"ME_M_5",1.711396
"ME_M_5",1.711355
"ME_M_5",1.71129
"ME_M_5",1.711222
"ME_M_5",1.711206
"ME_M_5",1.711159
"ME_M_5",1.711196
"ME_M_5",1.711202
"ME_M_5",1.711295
"ME_M_5",1.711356
"ME_M_5",1.711276
"ME_M_5",1.711308
"ME_M_5",1.711381
"ME_M_5",1.711469
"ME_M_5",1.711586
"ME_M_5",1.711626
"ME_M_5",1.711728
"ME_M_5",1.711768
"ME_M_5",1.711788
"ME_M_5",1.711749
"ME_M_5",1.711737
"ME_M_5",1.711752
"ME_M_5",1.711848
"ME_M_5",1.711986
"ME_M_5",1.712133
"ME_M_5",1.712214
"ME_M_5",1.712207
"ME_M_5",1.712172
"ME_M_5",1.71205
"ME_M_5",1.711968
"ME_M_5",1.711944
"ME_M_5",1.711935
"ME_M_5",1.711945
"ME_M_5",1.711998
"ME_M_5",1.71207
"ME_M_5",1.712182
"ME_M_5",1.712224
"ME_M_5",1.712314
"ME_M_5",1.712424
"ME_M_5",1.712505
"ME_M_5",1.712583
"ME_M_5",1.712623
"ME_M_5",1.712672
"ME_M_5",1.71271
"ME_M_5",1.712704
"ME_M_5",1.712662
"ME_M_5",1.712607
"ME_M_5",1.712517
"ME_M_5",1.712386
"ME_M_5",1.712293
"ME_M_5",1.712208
"ME_M_5",1.712175
"ME_M_5",1.712107
"ME_M_5",1.712049
"ME_M_5",1.712027
"ME_M_5",1.711997
"ME_M_5",1.712061
"ME_M_5",1.712086
"ME_M_5",1.71211
"ME_M_5",1.712148
"ME_M_5",1.712186
"ME_M_5",1.712244
"ME_M_5",1.712269
"ME_M_5",1.712286
"ME_M_5",1.712307
"ME_M_5",1.712316
"ME_M_5",1.712328
"ME_M_5",1.712351
"ME_M_5",1.712365
"ME_M_5",1.712392
"ME_M_5",1.712392
"ME_M_5",1.712394
"ME_M_5",1.712438
"ME_M_5",1.712495
"ME_M_5",1.712511
"ME_M_5",1.71242
"ME_M_5",1.712344
"ME_M_5",1.712221
"ME_M_5",1.712161
"ME_M_5",1.712099
"ME_M_5",1.712082
"ME_M_5",1.712115
"ME_M_5",1.71211
"ME_M_5",1.712111
"ME_M_5",1.712145
"ME_M_5",1.712122
"ME_M_5",1.712144
"ME_M_5",1.712125
"ME_M_5",1.712135
"ME_M_5",1.712146
"ME_M_5",1.712136
"ME_M_5",1.712137
"ME_M_5",1.712057
"ME_M_5",1.711983
"ME_M_5",1.711953
"ME_M_5",1.71195
"ME_M_5",1.712013
"ME_M_5",1.712017
"ME_M_5",1.712041
"ME_M_5",1.712088
"ME_M_5",1.712216
"ME_M_5",1.712304
"ME_M_5",1.712357
"ME_M_5",1.712366
"ME_M_5",1.712394
"ME_M_5",1.712383
"ME_M_5",1.712417
"ME_M_5",1.712418
"ME_M_5",1.712441
"ME_M_5",1.712482
"ME_M_5",1.712461
"ME_M_5",1.712452
"ME_M_5",1.712443
"ME_M_5",1.712411
"ME_M_5",1.712376
"ME_M_5",1.712339
"ME_M_5",1.712308
"ME_M_5",1.712284
"ME_M_5",1.712246
"ME_M_5",1.71222
"ME_M_5",1.712229
"ME_M_5",1.712253
"ME_M_5",1.712268
"ME_M_5",1.712283
"ME_M_5",1.712326
"ME_M_5",1.712418
"ME_M_5",1.712466
"ME_M_5",1.712501
"ME_M_5",1.712574
"ME_M_5",1.712651
"ME_M_5",1.712694
"ME_M_5",1.712736
"ME_M_5",1.712758
"ME_M_5",1.71277
"ME_M_5",1.712736
"ME_M_5",1.712716
"ME_M_5",1.712705
"ME_M_5",1.712689
"ME_M_5",1.712696
"ME_M_5",1.71271
"ME_M_5",1.749516
"ME_M_5",1.749551
"ME_M_5",1.749622
"ME_M_5",1.749737
"ME_M_5",1.749767
"ME_M_5",1.74986
"ME_M_5",1.749915
"ME_M_5",1.749984
"ME_M_5",1.750078
"ME_M_5",1.750173
"ME_M_5",1.750246
"ME_M_5",1.750406
"ME_M_5",1.750579
"ME_M_5",1.75074
"ME_M_5",1.750975
"ME_M_5",1.751274
"ME_M_5",1.751429
"ME_M_5",1.751509
"ME_M_5",1.751434
"ME_M_5",1.751485
"ME_M_5",1.751755
"ME_M_5",1.752006
"ME_M_5",1.751846
"ME_M_5",1.751499
"ME_M_5",1.751458
"ME_M_5",1.751464
"ME_M_5",1.751463
"ME_M_5",1.751446
"ME_M_5",1.7514
"ME_M_5",1.751358
"ME_M_5",1.751395
"ME_M_5",1.751531
"ME_M_5",1.751629
"ME_M_5",1.751698
"ME_M_5",1.751721
"ME_M_5",1.751811
"ME_M_5",1.751845
"ME_M_5",1.751922
"ME_M_5",1.75194
"ME_M_5",1.751965
"ME_M_5",1.752006
"ME_M_5",1.751992
"ME_M_5",1.751953
"ME_M_5",1.751927
"ME_M_5",1.751883
"ME_M_5",1.751795
"ME_M_5",1.751697
"ME_M_5",1.751585
"ME_M_5",1.751528
"ME_M_5",1.751415
"ME_M_5",1.751288
"ME_M_5",1.751249
"ME_M_5",1.751222
"ME_M_5",1.751152
"ME_M_5",1.751184
"ME_M_5",1.751201
"ME_M_5",1.751188
"ME_M_5",1.751152
"ME_M_5",1.751102
"ME_M_5",1.751111
"ME_M_5",1.751108
"ME_M_5",1.751139
"ME_M_5",1.751169
"ME_M_5",1.751223
"ME_M_5",1.751257
"ME_M_5",1.751282
"ME_M_5",1.751291
"ME_M_5",1.751304
"ME_M_5",1.751269
"ME_M_5",1.751192
"ME_M_5",1.751143
"ME_M_5",1.751063
"ME_M_5",1.751002
"ME_M_5",1.750988
"ME_M_5",1.751059
"ME_M_5",1.75107
"ME_M_5",1.751036
"ME_M_5",1.751067
"ME_M_5",1.751111
"ME_M_5",1.751146
"ME_M_5",1.751188
"ME_M_5",1.751213
"ME_M_5",1.751203
"ME_M_5",1.751199
"ME_M_5",1.75114
"ME_M_5",1.751255
"ME_M_5",1.751515
"ME_M_5",1.751659
"ME_M_5",1.751794
"ME_M_5",1.751889
"ME_M_5",1.751896
"ME_M_5",1.751923
"ME_M_5",1.751975
"ME_M_5",1.752065
"ME_M_5",1.752116
"ME_M_5",1.752137
"ME_M_5",1.752182
"ME_M_5",1.752297
"ME_M_5",1.752446
"ME_M_5",1.752511
"ME_M_5",1.752596
"ME_M_5",1.752705
"ME_M_5",1.752839
"ME_M_5",1.752929
"ME_M_5",1.753024
"ME_M_5",1.753093
"ME_M_5",1.753072
"ME_M_5",1.753075
"ME_M_5",1.753001
"ME_M_5",1.752953
"ME_M_5",1.752844
"ME_M_5",1.75278
"ME_M_5",1.752727
"ME_M_5",1.752659
"ME_M_5",1.75262
"ME_M_5",1.75258
"ME_M_5",1.752548
"ME_M_5",1.752497
"ME_M_5",1.752413
"ME_M_5",1.752349
"ME_M_5",1.75229
"ME_M_5",1.752242
"ME_M_5",1.752183
"ME_M_5",1.752109
"ME_M_5",1.752073
"ME_M_5",1.752099
"ME_M_5",1.752124
"ME_M_5",1.752094
"ME_M_5",1.752066
"ME_M_5",1.752049
"ME_M_5",1.752035
"ME_M_5",1.752
"ME_M_5",1.751915
"ME_M_5",1.751853
"ME_M_5",1.751814
"ME_M_5",1.751777
"ME_M_5",1.751765
"ME_M_5",1.751701
"ME_M_5",1.751623
"ME_M_5",1.751553
"ME_M_5",1.751476
"ME_M_5",1.751441
"ME_M_5",1.751436
"ME_M_5",1.751392
"ME_M_5",1.751415
"ME_M_5",1.751269
"ME_M_5",1.751264
"ME_M_5",1.751276
"ME_M_5",1.751242
"ME_M_5",1.751211
"ME_M_5",1.751187
"ME_M_5",1.751177
"ME_M_5",1.751169
"ME_M_5",1.751186
"ME_M_5",1.751212
"ME_M_5",1.751249
"ME_M_5",1.751248
"ME_M_5",1.751236
"ME_M_5",1.751253
"ME_M_5",1.751305
"ME_M_5",1.751334
"ME_M_5",1.751339
"ME_M_5",1.751382
"ME_M_5",1.751452
"ME_M_5",1.751472
"ME_M_5",1.751491
"ME_M_5",1.751409
"ME_M_5",1.751439
"ME_M_5",1.751523
"ME_M_5",1.751605
"ME_M_5",1.751671
"ME_M_5",1.751718
"ME_M_5",1.751746
"ME_M_5",1.751737
"ME_M_5",1.751688
"ME_M_5",1.751543
"ME_M_5",1.751433
"ME_M_5",1.751375
"ME_M_5",1.751304
"ME_M_5",1.751189
"ME_M_5",1.751111
"ME_M_5",1.751047
"ME_M_5",1.751063
"ME_M_5",1.751135
"ME_M_5",1.751235
"ME_M_5",1.75127
"ME_M_5",1.751335
"ME_M_5",1.751414
"ME_M_5",1.751469
"ME_M_5",1.751489
"ME_M_5",1.751432
"ME_M_5",1.751393
"ME_M_5",1.751352
"ME_M_5",1.751308
"ME_M_5",1.751251
"ME_M_5",1.751208
"ME_M_5",1.751156
"ME_M_5",1.751148
"ME_M_5",1.751172
"ME_M_5",1.751194
"ME_M_5",1.751217
"ME_M_5",1.75121
"ME_M_5",1.751219
"ME_M_5",1.751282
"ME_M_5",1.751274
"ME_M_5",1.751255
"ME_M_5",1.751224
"ME_M_5",1.751196
"ME_M_5",1.751163
"ME_M_5",1.751133
"ME_M_5",1.751138
"ME_M_5",1.751146
"ME_M_5",1.751127
"ME_M_5",1.751114
"ME_M_5",1.751128
"ME_M_5",1.751162
"ME_M_5",1.751164
"ME_M_5",1.751197
"ME_M_5",1.752532
"ME_M_5",1.752647
"ME_M_5",1.752725
"ME_M_5",1.752732
"ME_M_5",1.752674
"ME_M_5",1.752626
"ME_M_5",1.752601
"ME_M_5",1.752626
"ME_M_5",1.752716
"ME_M_5",1.752738
"ME_M_5",1.752703
"ME_M_5",1.752672
"ME_M_5",1.752635
"ME_M_5",1.752679
"ME_M_5",1.752831
"ME_M_5",1.752754
"ME_M_5",1.752808
"ME_M_5",1.752917
"ME_M_5",1.752955
"ME_M_5",1.753006
"ME_M_5",1.753069
"ME_M_5",1.753097
"ME_M_5",1.753091
"ME_M_5",1.753084
"ME_M_5",1.753043
"ME_M_5",1.753035
"ME_M_5",1.753049
"ME_M_5",1.753017
"ME_M_5",1.752978
"ME_M_5",1.752986
"ME_M_5",1.752986
"ME_M_5",1.752953
"ME_M_5",1.752931
"ME_M_5",1.752921
"ME_M_5",1.75284
"ME_M_5",1.752788
"ME_M_5",1.752779
"ME_M_5",1.752811
"ME_M_5",1.752789
"ME_M_5",1.752762
"ME_M_5",1.752695
"ME_M_5",1.752691
"ME_M_5",1.752705
"ME_M_5",1.752654
"ME_M_5",1.752588
"ME_M_5",1.752525
"ME_M_5",1.75248
"ME_M_5",1.752434
"ME_M_5",1.752406
"ME_M_5",1.752388
"ME_M_5",1.752411
"ME_M_5",1.752484
"ME_M_5",1.752524
"ME_M_5",1.752534
"ME_M_5",1.752521
"ME_M_5",1.752641
"ME_M_5",1.752705
"ME_M_5",1.752725
"ME_M_5",1.752751
"ME_M_5",1.752682
"ME_M_5",1.752672
"ME_M_5",1.752673
"ME_M_5",1.752667
"ME_M_5",1.752625
"ME_M_5",1.752612
"ME_M_5",1.752601
"ME_M_5",1.752627
"ME_M_5",1.752741
"ME_M_5",1.753199
"ME_M_5",1.752967
"ME_M_5",1.753139
"ME_M_5",1.75343
"ME_M_5",1.753376
"ME_M_5",1.753489
"ME_M_5",1.753524
"ME_M_5",1.753546
"ME_M_5",1.753557
"ME_M_5",1.753589
"ME_M_5",1.753653
"ME_M_5",1.753772
"ME_M_5",1.753797
"ME_M_5",1.753889
"ME_M_5",1.753961
"ME_M_5",1.753957
"ME_M_5",1.754054
"ME_M_5",1.754122
"ME_M_5",1.754177
"ME_M_5",1.754103
"ME_M_5",1.754052
"ME_M_5",1.75401
"ME_M_5",1.753981
"ME_M_5",1.754012
"ME_M_5",1.754026
"ME_M_5",1.753968
"ME_M_5",1.753895
"ME_M_5",1.753842
"ME_M_5",1.753907
"ME_M_5",1.754113
"ME_M_5",1.75422
"ME_M_5",1.754333
"ME_M_5",1.754398
"ME_M_5",1.754469
"ME_M_5",1.754542
"ME_M_5",1.754537
"ME_M_5",1.754564
"ME_M_5",1.754549
"ME_M_5",1.754562
"ME_M_5",1.754548
"ME_M_5",1.754563
"ME_M_5",1.754617
"ME_M_5",1.754675
"ME_M_5",1.754725
"ME_M_5",1.754759
"ME_M_5",1.754806
"ME_M_5",1.754861
"ME_M_5",1.754881
"ME_M_5",1.754915
"ME_M_5",1.754957
"ME_M_5",1.75501
"ME_M_5",1.755027
"ME_M_5",1.75508
"ME_M_5",1.755131
"ME_M_5",1.755225
"ME_M_5",1.755261
"ME_M_5",1.755247
"ME_M_5",1.755261
"ME_M_5",1.755264
"ME_M_5",1.755224
"ME_M_5",1.755175
"ME_M_5",1.755114
"ME_M_5",1.755073
"ME_M_5",1.755049
"ME_M_5",1.755018
"ME_M_5",1.75497
"ME_M_5",1.754904
"ME_M_5",1.754927
"ME_M_5",1.754952
"ME_M_5",1.754947
"ME_M_5",1.754913
"ME_M_5",1.754932
"ME_M_5",1.754923
"ME_M_5",1.754915
"ME_M_5",1.754924
"ME_M_5",1.754915
"ME_M_5",1.754898
"ME_M_5",1.754884
"ME_M_5",1.754536
"ME_M_5",1.754543
"ME_M_5",1.754516
"ME_M_5",1.754499
"ME_M_5",1.754508
"ME_M_5",1.754586
"ME_M_5",1.754611
"ME_M_5",1.754627
"ME_M_5",1.754653
"ME_M_5",1.75471
"ME_M_5",1.754755
"ME_M_5",1.754802
"ME_M_5",1.754888
"ME_M_5",1.754983
"ME_M_5",1.755042
"ME_M_5",1.755069
"ME_M_5",1.755031
"ME_M_5",1.754905
"ME_M_5",1.754828
"ME_M_5",1.754763
"ME_M_5",1.754728
"ME_M_5",1.75468
"ME_M_5",1.754838
"ME_M_5",1.754896
"ME_M_5",1.754942
"ME_M_5",1.755031
"ME_M_5",1.7551
"ME_M_5",1.755127
"ME_M_5",1.755108
"ME_M_5",1.755075
"ME_M_5",1.755083
"ME_M_5",1.755126
"ME_M_5",1.755195
"ME_M_5",1.755263
"ME_M_5",1.755296
"ME_M_5",1.755303
"ME_M_5",1.755323
"ME_M_5",1.755325
"ME_M_5",1.755425
"ME_M_5",1.755413
"ME_M_5",1.755384
"ME_M_5",1.755369
"ME_M_5",1.755441
"ME_M_5",1.755462
"ME_M_5",1.755447
"ME_M_5",1.75543
"ME_M_5",1.75544
"ME_M_5",1.755475
"ME_M_5",1.755478
"ME_M_5",1.755547
"ME_M_5",1.755591
"ME_M_5",1.755613
"ME_M_5",1.755633
"ME_M_5",1.755658
"ME_M_5",1.755685
"ME_M_5",1.755689
"ME_M_5",1.755684
"ME_M_5",1.755692
"ME_M_5",1.755702
"ME_M_5",1.755741
"ME_M_5",1.755759
"ME_M_5",1.755755
"ME_M_5",1.755767
"ME_M_5",1.755775
"ME_M_5",1.75577
"ME_M_5",1.755765
"ME_M_5",1.755777
"ME_M_5",1.755769
"ME_M_5",1.75577
"ME_M_5",1.755758
"ME_M_5",1.755737
"ME_M_5",1.755727
"ME_M_5",1.755771
"ME_M_5",1.731916
"ME_M_5",1.731856
"ME_M_5",1.731807
"ME_M_5",1.731763
"ME_M_5",1.731695
"ME_M_5",1.731637
"ME_M_5",1.73163
"ME_M_5",1.73164
"ME_M_5",1.731669
"ME_M_5",1.731697
"ME_M_5",1.731771
"ME_M_5",1.731814
"ME_M_5",1.731893
"ME_M_5",1.731949
"ME_M_5",1.73201
"ME_M_5",1.732043
"ME_M_5",1.732113
"ME_M_5",1.732209
"ME_M_5",1.732268
"ME_M_5",1.732341
"ME_M_5",1.732354
"ME_M_5",1.732436
"ME_M_5",1.732329
"ME_M_5",1.732303
"ME_M_5",1.732061
"ME_M_5",1.732056
"ME_M_5",1.732271
"ME_M_5",1.732292
"ME_M_5",1.732163
"ME_M_5",1.732018
"ME_M_5",1.732005
"ME_M_5",1.732067
"ME_M_5",1.732235
"ME_M_5",1.732306
"ME_M_5",1.732413
"ME_M_5",1.732532
"ME_M_5",1.73267
"ME_M_5",1.732748
"ME_M_5",1.732878
"ME_M_5",1.73297
"ME_M_5",1.73304
"ME_M_5",1.733097
"ME_M_5",1.733102
"ME_M_5",1.733173
"ME_M_5",1.733303
"ME_M_5",1.733438
"ME_M_5",1.733575
"ME_M_5",1.73364
"ME_M_5",1.733694
"ME_M_5",1.733685
"ME_M_5",1.7337
"ME_M_5",1.733757
"ME_M_5",1.733905
"ME_M_5",1.734
"ME_M_5",1.734038
"ME_M_5",1.734092
"ME_M_5",1.734147
"ME_M_5",1.734148
"ME_M_5",1.734034
"ME_M_5",1.733935
"ME_M_5",1.733838
"ME_M_5",1.733826
"ME_M_5",1.733757
"ME_M_5",1.733672
"ME_M_5",1.733589
"ME_M_5",1.733598
"ME_M_5",1.733641
"ME_M_5",1.733622
"ME_M_5",1.733606
"ME_M_5",1.733559
"ME_M_5",1.733528
"ME_M_5",1.733533
"ME_M_5",1.733612
"ME_M_5",1.73277
"ME_M_5",1.73278
"ME_M_5",1.732774
"ME_M_5",1.732768
"ME_M_5",1.732789
"ME_M_5",1.732818
"ME_M_5",1.732802
"ME_M_5",1.732763
"ME_M_5",1.732706
"ME_M_5",1.732701
"ME_M_5",1.732691
"ME_M_5",1.73268
"ME_M_5",1.732691
"ME_M_5",1.732752
"ME_M_5",1.732825
"ME_M_5",1.732875
"ME_M_5",1.732932
"ME_M_5",1.732981
"ME_M_5",1.732983
"ME_M_5",1.732982
"ME_M_5",1.732981
"ME_M_5",1.73298
"ME_M_5",1.732996
"ME_M_5",1.732997
"ME_M_5",1.733038
"ME_M_5",1.733136
"ME_M_5",1.733293
"ME_M_5",1.733418
"ME_M_5",1.733506
"ME_M_5",1.733561
"ME_M_5",1.733588
"ME_M_5",1.733608
"ME_M_5",1.733623
"ME_M_5",1.733613
"ME_M_5",1.733636
"ME_M_5",1.733667
"ME_M_5",1.733682
"ME_M_5",1.733691
"ME_M_5",1.733716
"ME_M_5",1.73376
"ME_M_5",1.733793
"ME_M_5",1.733826
"ME_M_5",1.733821
"ME_M_5",1.733885
"ME_M_5",1.733943
"ME_M_5",1.734035
"ME_M_5",1.734083
"ME_M_5",1.734107
"ME_M_5",1.734192
"ME_M_5",1.734291
"ME_M_5",1.734361
"ME_M_5",1.734385
"ME_M_5",1.734374
"ME_M_5",1.734302
"ME_M_5",1.734295
"ME_M_5",1.734286
"ME_M_5",1.734262
"ME_M_5",1.734242
"ME_M_5",1.734233
"ME_M_5",1.734206
"ME_M_5",1.73418
"ME_M_5",1.734169
"ME_M_5",1.734196
"ME_M_5",1.734182
"ME_M_5",1.734174
"ME_M_5",1.734112
"ME_M_5",1.734022
"ME_M_5",1.733991
"ME_M_5",1.733934
"ME_M_5",1.733945
"ME_M_5",1.733899
"ME_M_5",1.733876
"ME_M_5",1.733859
"ME_M_5",1.732809
"ME_M_5",1.732808
"ME_M_5",1.732802
"ME_M_5",1.73279
"ME_M_5",1.732834
"ME_M_5",1.732867
"ME_M_5",1.732914
"ME_M_5",1.732934
"ME_M_5",1.733027
"ME_M_5",1.733119
"ME_M_5",1.733158
"ME_M_5",1.733126
"ME_M_5",1.732927
"ME_M_5",1.732827
"ME_M_5",1.732822
"ME_M_5",1.73298
"ME_M_5",1.733083
"ME_M_5",1.733151
"ME_M_5",1.733223
"ME_M_5",1.73331
"ME_M_5",1.733354
"ME_M_5",1.73339
"ME_M_5",1.733407
"ME_M_5",1.733362
"ME_M_5",1.733313
"ME_M_5",1.733284
"ME_M_5",1.733282
"ME_M_5",1.733347
"ME_M_5",1.73344
"ME_M_5",1.733494
"ME_M_5",1.733499
"ME_M_5",1.733491
"ME_M_5",1.73356
"ME_M_5",1.733579
"ME_M_5",1.733569
"ME_M_5",1.733505
"ME_M_5",1.73355
"ME_M_5",1.733564
"ME_M_5",1.733602
"ME_M_5",1.733629
"ME_M_5",1.733615
"ME_M_5",1.733633
"ME_M_5",1.733705
"ME_M_5",1.733754
"ME_M_5",1.733778
"ME_M_5",1.73381
"ME_M_5",1.733874
"ME_M_5",1.733981
"ME_M_5",1.734055
"ME_M_5",1.734082
"ME_M_5",1.734083
"ME_M_5",1.734048
"ME_M_5",1.733961
"ME_M_5",1.733898
"ME_M_5",1.733821
"ME_M_5",1.733712
"ME_M_5",1.733649
"ME_M_5",1.733531
"ME_M_5",1.733506
"ME_M_5",1.73349
"ME_M_5",1.733585
"ME_M_5",1.733582
"ME_M_5",1.733557
"ME_M_5",1.733583
"ME_M_5",1.733608
"ME_M_5",1.733637
"ME_M_5",1.733623
"ME_M_5",1.733601
"ME_M_5",1.73361
"ME_M_5",1.733608
"ME_M_5",1.733578
"ME_M_5",1.733541
"AS_F_1",1.606215
"AS_F_1",1.60618
"AS_F_1",1.606175
"AS_F_1",1.606166
"AS_F_1",1.606168
"AS_F_1",1.606172
"AS_F_1",1.60621
"AS_F_1",1.606279
"AS_F_1",1.606384
"AS_F_1",1.606492
"AS_F_1",1.606598
"AS_F_1",1.606645
"AS_F_1",1.606673
"AS_F_1",1.606744
"AS_F_1",1.606781
"AS_F_1",1.60687
"AS_F_1",1.60699
"AS_F_1",1.607218
"AS_F_1",1.607363
"AS_F_1",1.607511
"AS_F_1",1.607653
"AS_F_1",1.607597
"AS_F_1",1.607608
"AS_F_1",1.607602
"AS_F_1",1.607635
"AS_F_1",1.607726
"AS_F_1",1.607743
"AS_F_1",1.607702
"AS_F_1",1.607631
"AS_F_1",1.607394
"AS_F_1",1.607177
"AS_F_1",1.606921
"AS_F_1",1.606692
"AS_F_1",1.606527
"AS_F_1",1.606372
"AS_F_1",1.606272
"AS_F_1",1.606143
"AS_F_1",1.606176
"AS_F_1",1.606159
"AS_F_1",1.606157
"AS_F_1",1.606164
"AS_F_1",1.606191
"AS_F_1",1.606261
"AS_F_1",1.606347
"AS_F_1",1.606387
"AS_F_1",1.606374
"AS_F_1",1.606349
"AS_F_1",1.606221
"AS_F_1",1.606139
"AS_F_1",1.606033
"AS_F_1",1.605984
"AS_F_1",1.605905
"AS_F_1",1.605802
"AS_F_1",1.605794
"AS_F_1",1.605765
"AS_F_1",1.605851
"AS_F_1",1.605952
"AS_F_1",1.606066
"AS_F_1",1.606149
"AS_F_1",1.606208
"AS_F_1",1.606196
"AS_F_1",1.606165
"AS_F_1",1.606144
"AS_F_1",1.606122
"AS_F_1",1.60603
"AS_F_1",1.605912
"AS_F_1",1.605839
"AS_F_1",1.605761
"AS_F_1",1.605671
"AS_F_1",1.605552
"AS_F_1",1.605454
"AS_F_1",1.60535
"AS_F_1",1.605255
"AS_F_1",1.605161
"AS_F_1",1.605083
"AS_F_1",1.605012
"AS_F_1",1.604972
"AS_F_1",1.604924
"AS_F_1",1.604891
"AS_F_1",1.604846
"AS_F_1",1.604793
"AS_F_1",1.604731
"AS_F_1",1.604723
"AS_F_1",1.604694
"AS_F_1",1.60472
"AS_F_1",1.604817
"AS_F_1",1.605079
"AS_F_1",1.60528
"AS_F_1",1.60553
"AS_F_1",1.605816
"AS_F_1",1.606635
"AS_F_1",1.606925
"AS_F_1",1.607183
"AS_F_1",1.607197
"AS_F_1",1.607089
"AS_F_1",1.607114
"AS_F_1",1.607116
"AS_F_1",1.607117
"AS_F_1",1.607059
"AS_F_1",1.60697
"AS_F_1",1.606848
"AS_F_1",1.606705
"AS_F_1",1.606577
"AS_F_1",1.606402
"AS_F_1",1.606172
"AS_F_1",1.605932
"AS_F_1",1.605913
"AS_F_1",1.605911
"AS_F_1",1.606128
"AS_F_1",1.605835
"AS_F_1",1.606291
"AS_F_1",1.606436
"AS_F_1",1.60655
"AS_F_1",1.60675
"AS_F_1",1.606919
"AS_F_1",1.607036
"AS_F_1",1.607126
"AS_F_1",1.607229
"AS_F_1",1.607252
"AS_F_1",1.607298
"AS_F_1",1.607241
"AS_F_1",1.607124
"AS_F_1",1.607
"AS_F_1",1.606922
"AS_F_1",1.606812
"AS_F_1",1.606717
"AS_F_1",1.606621
"AS_F_1",1.60653
"AS_F_1",1.606417
"AS_F_1",1.606316
"AS_F_1",1.606243
"AS_F_1",1.606164
"AS_F_1",1.606156
"AS_F_1",1.606154
"AS_F_1",1.606216
"AS_F_1",1.60618
"AS_F_1",1.606147
"AS_F_1",1.606135
"AS_F_1",1.606152
"AS_F_1",1.60615
"AS_F_1",1.60616
"AS_F_1",1.606158
"AS_F_1",1.606104
"AS_F_1",1.606063
"AS_F_1",1.606027
"AS_F_1",1.606001
"AS_F_1",1.606178
"AS_F_1",1.606137
"AS_F_1",1.606091
"AS_F_1",1.606132
"AS_F_1",1.606155
"AS_F_1",1.606125
"AS_F_1",1.606073
"AS_F_1",1.605989
"AS_F_1",1.605971
"AS_F_1",1.60602
"AS_F_1",1.606062
"AS_F_1",1.606077
"AS_F_1",1.606006
"AS_F_1",1.605969
"AS_F_1",1.605897
"AS_F_1",1.605873
"AS_F_1",1.605918
"AS_F_1",1.605966
"AS_F_1",1.605977
"AS_F_1",1.605819
"AS_F_1",1.605555
"AS_F_1",1.605339
"AS_F_1",1.605255
"AS_F_1",1.605279
"AS_F_1",1.605424
"AS_F_1",1.605415
"AS_F_1",1.605049
"AS_F_1",1.604881
"AS_F_1",1.605068
"AS_F_1",1.6051
"AS_F_1",1.605133
"AS_F_1",1.605173
"AS_F_1",1.605117
"AS_F_1",1.605163
"AS_F_1",1.605191
"AS_F_1",1.605097
"AS_F_1",1.605166
"AS_F_1",1.605186
"AS_F_1",1.605195
"AS_F_1",1.605173
"AS_F_1",1.605047
"AS_F_1",1.604913
"AS_F_1",1.604867
"AS_F_1",1.604732
"AS_F_1",1.604694
"AS_F_1",1.604688
"AS_F_1",1.604695
"AS_F_1",1.60475
"AS_F_1",1.604858
"AS_F_1",1.604896
"AS_F_1",1.604999
"AS_F_1",1.605109
"AS_F_1",1.605184
"AS_F_1",1.605226
"AS_F_1",1.605226
"AS_F_1",1.605213
"AS_F_1",1.605186
"AS_F_1",1.605168
"AS_F_1",1.605172
"AS_F_1",1.605147
"AS_F_1",1.605103
"AS_F_1",1.605056
"AS_F_1",1.605042
"AS_F_1",1.605065
"AS_F_1",1.605178
"AS_F_1",1.605245
"AS_F_1",1.605285
"AS_F_1",1.605344
"AS_F_1",1.605414
"AS_F_1",1.605459
"AS_F_1",1.605471
"AS_F_1",1.605471
"AS_F_1",1.605503
"AS_F_1",1.595798
"AS_F_1",1.595682
"AS_F_1",1.5956
"AS_F_1",1.595529
"AS_F_1",1.59544
"AS_F_1",1.595341
"AS_F_1",1.595274
"AS_F_1",1.595182
"AS_F_1",1.595122
"AS_F_1",1.595121
"AS_F_1",1.595161
"AS_F_1",1.595175
"AS_F_1",1.595193
"AS_F_1",1.595278
"AS_F_1",1.595306
"AS_F_1",1.59529
"AS_F_1",1.595273
"AS_F_1",1.59527
"AS_F_1",1.595294
"AS_F_1",1.595336
"AS_F_1",1.595351
"AS_F_1",1.595316
"AS_F_1",1.595226
"AS_F_1",1.595147
"AS_F_1",1.595136
"AS_F_1",1.595213
"AS_F_1",1.595287
"AS_F_1",1.595227
"AS_F_1",1.59545
"AS_F_1",1.595186
"AS_F_1",1.595242
"AS_F_1",1.595325
"AS_F_1",1.595452
"AS_F_1",1.5954
"AS_F_1",1.595411
"AS_F_1",1.595436
"AS_F_1",1.595459
"AS_F_1",1.595511
"AS_F_1",1.595541
"AS_F_1",1.59557
"AS_F_1",1.595596
"AS_F_1",1.595577
"AS_F_1",1.595587
"AS_F_1",1.595577
"AS_F_1",1.595562
"AS_F_1",1.595533
"AS_F_1",1.595524
"AS_F_1",1.595512
"AS_F_1",1.595499
"AS_F_1",1.595466
"AS_F_1",1.59543
"AS_F_1",1.595392
"AS_F_1",1.595342
"AS_F_1",1.595291
"AS_F_1",1.595253
"AS_F_1",1.595211
"AS_F_1",1.595188
"AS_F_1",1.59518
"AS_F_1",1.595158
"AS_F_1",1.595154
"AS_F_1",1.595171
"AS_F_1",1.595183
"AS_F_1",1.595231
"AS_F_1",1.595256
"AS_F_1",1.595275
"AS_F_1",1.595228
"AS_F_1",1.595209
"AS_F_1",1.595202
"AS_F_1",1.595208
"AS_F_1",1.595211
"AS_F_1",1.595194
"AS_F_1",1.595163
"AS_F_1",1.595152
"AS_F_1",1.595225
"AS_F_1",1.595256
"AS_F_1",1.595277
"AS_F_1",1.595255
"AS_F_1",1.595258
"AS_F_1",1.595251
"AS_F_1",1.595234
"AS_F_1",1.595179
"AS_F_1",1.59516
"AS_F_1",1.59523
"AS_F_1",1.595216
"AS_F_1",1.595262
"AS_F_1",1.595334
"AS_F_1",1.595368
"AS_F_1",1.595432
"AS_F_1",1.59551
"AS_F_1",1.595539
"AS_F_1",1.595577
"AS_F_1",1.595611
"AS_F_1",1.595651
"AS_F_1",1.595703
"AS_F_1",1.595738
"AS_F_1",1.595762
"AS_F_1",1.59568
"AS_F_1",1.595656
"AS_F_1",1.595574
"AS_F_1",1.595584
"AS_F_1",1.595756
"AS_F_1",1.5959
"AS_F_1",1.595952
"AS_F_1",1.595939
"AS_F_1",1.595867
"AS_F_1",1.595886
"AS_F_1",1.595859
"AS_F_1",1.595809
"AS_F_1",1.595741
"AS_F_1",1.595623
"AS_F_1",1.595486
"AS_F_1",1.595378
"AS_F_1",1.595287
"AS_F_1",1.595207
"AS_F_1",1.595155
"AS_F_1",1.595077
"AS_F_1",1.595035
"AS_F_1",1.594999
"AS_F_1",1.594981
"AS_F_1",1.594959
"AS_F_1",1.594948
"AS_F_1",1.594941
"AS_F_1",1.594945
"AS_F_1",1.594934
"AS_F_1",1.594922
"AS_F_1",1.594889
"AS_F_1",1.594891
"AS_F_1",1.594881
"AS_F_1",1.594887
"AS_F_1",1.594882
"AS_F_1",1.594847
"AS_F_1",1.594806
"AS_F_1",1.594751
"AS_F_1",1.594712
"AS_F_1",1.594651
"AS_F_1",1.594581
"AS_F_1",1.594496
"AS_F_1",1.594421
"AS_F_1",1.594347
"AS_F_1",1.594294
"AS_F_1",1.594268
"AS_F_1",1.594229
"AS_F_1",1.594248
"AS_F_1",1.594244
"AS_F_1",1.594359
"AS_F_1",1.594414
"AS_F_1",1.5945
"AS_F_1",1.594501
"AS_F_1",1.594501
"AS_F_1",1.594485
"AS_F_1",1.594447
"AS_F_1",1.594439
"AS_F_1",1.594404
"AS_F_1",1.594431
"AS_F_1",1.594423
"AS_F_1",1.594449
"AS_F_1",1.594485
"AS_F_1",1.59451
"AS_F_1",1.594514
"AS_F_1",1.594503
"AS_F_1",1.594468
"AS_F_1",1.594448
"AS_F_1",1.594565
"AS_F_1",1.594639
"AS_F_1",1.594703
"AS_F_1",1.594726
"AS_F_1",1.594594
"AS_F_1",1.594475
"AS_F_1",1.594313
"AS_F_1",1.594261
"AS_F_1",1.594291
"AS_F_1",1.59425
"AS_F_1",1.594173
"AS_F_1",1.594126
"AS_F_1",1.594161
"AS_F_1",1.594271
"AS_F_1",1.594363
"AS_F_1",1.594378
"AS_F_1",1.594377
"AS_F_1",1.594392
"AS_F_1",1.594448
"AS_F_1",1.594546
"AS_F_1",1.594609
"AS_F_1",1.59464
"AS_F_1",1.594637
"AS_F_1",1.594635
"AS_F_1",1.594617
"AS_F_1",1.594605
"AS_F_1",1.594566
"AS_F_1",1.594509
"AS_F_1",1.594461
"AS_F_1",1.594428
"AS_F_1",1.594408
"AS_F_1",1.594397
"AS_F_1",1.594429
"AS_F_1",1.594426
"AS_F_1",1.594427
"AS_F_1",1.594457
"AS_F_1",1.594485
"AS_F_1",1.594523
"AS_F_1",1.594578
"AS_F_1",1.594672
"AS_F_1",1.594739
"AS_F_1",1.594782
"AS_F_1",1.594772
"AS_F_1",1.59477
"AS_F_1",1.594759
"AS_F_1",1.594767
"AS_F_1",1.594766
"AS_F_1",1.594776
"AS_F_1",1.594767
"AS_F_1",1.59476
"AS_F_1",1.594746
"AS_F_1",1.594737
"AS_F_1",1.594739
"AS_F_1",1.594761
"AS_F_1",1.59479
"AS_F_1",1.59484
"AS_F_1",1.594905
"AS_F_1",1.591826
"AS_F_1",1.591815
"AS_F_1",1.591799
"AS_F_1",1.591764
"AS_F_1",1.591744
"AS_F_1",1.591722
"AS_F_1",1.591769
"AS_F_1",1.591809
"AS_F_1",1.591809
"AS_F_1",1.591779
"AS_F_1",1.591805
"AS_F_1",1.591882
"AS_F_1",1.591938
"AS_F_1",1.59199
"AS_F_1",1.592046
"AS_F_1",1.592117
"AS_F_1",1.592227
"AS_F_1",1.592318
"AS_F_1",1.59243
"AS_F_1",1.592534
"AS_F_1",1.592586
"AS_F_1",1.592631
"AS_F_1",1.592691
"AS_F_1",1.592689
"AS_F_1",1.592686
"AS_F_1",1.592668
"AS_F_1",1.592601
"AS_F_1",1.592569
"AS_F_1",1.592561
"AS_F_1",1.592583
"AS_F_1",1.592643
"AS_F_1",1.592713
"AS_F_1",1.592712
"AS_F_1",1.592718
"AS_F_1",1.592728
"AS_F_1",1.592734
"AS_F_1",1.592692
"AS_F_1",1.592686
"AS_F_1",1.592722
"AS_F_1",1.592821
"AS_F_1",1.592896
"AS_F_1",1.592888
"AS_F_1",1.59285
"AS_F_1",1.592812
"AS_F_1",1.592825
"AS_F_1",1.592852
"AS_F_1",1.59286
"AS_F_1",1.59285
"AS_F_1",1.592699
"AS_F_1",1.592556
"AS_F_1",1.59245
"AS_F_1",1.59231
"AS_F_1",1.592075
"AS_F_1",1.591853
"AS_F_1",1.591685
"AS_F_1",1.591585
"AS_F_1",1.591572
"AS_F_1",1.591617
"AS_F_1",1.591651
"AS_F_1",1.591754
"AS_F_1",1.591835
"AS_F_1",1.591941
"AS_F_1",1.591993
"AS_F_1",1.59204
"AS_F_1",1.592088
"AS_F_1",1.592108
"AS_F_1",1.592118
"AS_F_1",1.592115
"AS_F_1",1.592079
"AS_F_1",1.592026
"AS_F_1",1.591982
"AS_F_1",1.591906
"AS_F_1",1.591792
"AS_F_1",1.592075
"AS_F_1",1.592075
"AS_F_1",1.592072
"AS_F_1",1.592062
"AS_F_1",1.592034
"AS_F_1",1.59202
"AS_F_1",1.592006
"AS_F_1",1.591998
"AS_F_1",1.592006
"AS_F_1",1.592011
"AS_F_1",1.592026
"AS_F_1",1.592056
"AS_F_1",1.592153
"AS_F_1",1.592233
"AS_F_1",1.592328
"AS_F_1",1.592375
"AS_F_1",1.592458
"AS_F_1",1.592488
"AS_F_1",1.59253
"AS_F_1",1.592557
"AS_F_1",1.592624
"AS_F_1",1.592711
"AS_F_1",1.592798
"AS_F_1",1.592849
"AS_F_1",1.592869
"AS_F_1",1.592938
"AS_F_1",1.592966
"AS_F_1",1.593004
"AS_F_1",1.592946
"AS_F_1",1.592915
"AS_F_1",1.592843
"AS_F_1",1.592772
"AS_F_1",1.592635
"AS_F_1",1.592564
"AS_F_1",1.592502
"AS_F_1",1.592438
"AS_F_1",1.592411
"AS_F_1",1.592366
"AS_F_1",1.592358
"AS_F_1",1.59234
"AS_F_1",1.592355
"AS_F_1",1.592384
"AS_F_1",1.592403
"AS_F_1",1.592504
"AS_F_1",1.592768
"AS_F_1",1.592891
"AS_F_1",1.592999
"AS_F_1",1.593031
"AS_F_1",1.592982
"AS_F_1",1.592952
"AS_F_1",1.592921
"AS_F_1",1.592924
"AS_F_1",1.592944
"AS_F_1",1.59294
"AS_F_1",1.592901
"AS_F_1",1.592834
"AS_F_1",1.59277
"AS_F_1",1.592717
"AS_F_1",1.592688
"AS_F_1",1.592643
"AS_F_1",1.592625
"AS_F_1",1.592574
"AS_F_1",1.592573
"AS_F_1",1.592594
"AS_F_1",1.592687
"AS_F_1",1.592702
"AS_F_1",1.592732
"AS_F_1",1.592746
"AS_F_1",1.59276
"AS_F_1",1.592766
"AS_F_1",1.59276
"AS_F_1",1.592747
"AS_F_1",1.592694
"AS_F_1",1.592447
"AS_F_1",1.592646
"AS_F_1",1.592818
"AS_F_1",1.592963
"AS_F_1",1.593077
"AS_F_1",1.593195
"AS_F_1",1.593267
"AS_F_1",1.593341
"AS_F_1",1.593349
"AS_F_1",1.59335
"AS_F_1",1.593349
"AS_F_1",1.593322
"AS_F_1",1.593282
"AS_F_1",1.593243
"AS_F_1",1.593217
"AS_F_1",1.593193
"AS_F_1",1.593182
"AS_F_1",1.593247
"AS_F_1",1.593351
"AS_F_1",1.593515
"AS_F_1",1.593698
"AS_F_1",1.593728
"AS_F_1",1.59371
"AS_F_1",1.593683
"AS_F_1",1.593626
"AS_F_1",1.593557
"AS_F_1",1.593524
"AS_F_1",1.593486
"AS_F_1",1.593452
"AS_F_1",1.593349
"AS_F_1",1.593269
"AS_F_1",1.593188
"AS_F_1",1.593128
"AS_F_1",1.593069
"AS_F_1",1.593049
"AS_F_1",1.592995
"AS_F_1",1.592956
"AS_F_1",1.592893
"AS_F_1",1.592843
"AS_F_1",1.592761
"AS_F_1",1.59269
"AS_F_1",1.592631
"AS_F_1",1.592603
"AS_F_1",1.592509
"AS_F_1",1.592424
"AS_F_1",1.592366
"AS_F_1",1.592308
"AS_F_1",1.592266
"AS_F_1",1.592272
"AS_F_1",1.592317
"AS_F_1",1.592262
"AS_F_1",1.59227
"AS_F_1",1.59225
"AS_F_1",1.592289
"AS_F_1",1.592288
"AS_F_1",1.592314
"AS_F_1",1.592343
"AS_F_1",1.592335
"AS_F_1",1.59236
"AS_F_1",1.592369
"AS_F_1",1.592374
"AS_F_1",1.592341
"AS_F_1",1.592333
"AS_F_1",1.592325
"AS_F_1",1.59232
"AS_F_1",1.592281
"AS_F_1",1.592242
"AS_F_1",1.592238
"AS_F_1",1.592247
"AS_F_1",1.592281
"AS_F_1",1.592301
"AS_F_1",1.592322
"AS_F_1",1.592386
"AS_F_1",1.596576
"AS_F_1",1.596533
"AS_F_1",1.596425
"AS_F_1",1.596345
"AS_F_1",1.596253
"AS_F_1",1.596183
"AS_F_1",1.596198
"AS_F_1",1.5962
"AS_F_1",1.596218
"AS_F_1",1.596193
"AS_F_1",1.59623
"AS_F_1",1.596244
"AS_F_1",1.596274
"AS_F_1",1.596375
"AS_F_1",1.596587
"AS_F_1",1.596752
"AS_F_1",1.597359
"AS_F_1",1.597422
"AS_F_1",1.597454
"AS_F_1",1.597533
"AS_F_1",1.597689
"AS_F_1",1.59778
"AS_F_1",1.597856
"AS_F_1",1.597929
"AS_F_1",1.597921
"AS_F_1",1.598192
"AS_F_1",1.598121
"AS_F_1",1.597981
"AS_F_1",1.597943
"AS_F_1",1.597901
"AS_F_1",1.597886
"AS_F_1",1.597823
"AS_F_1",1.597679
"AS_F_1",1.597539
"AS_F_1",1.597412
"AS_F_1",1.597333
"AS_F_1",1.597412
"AS_F_1",1.597459
"AS_F_1",1.597481
"AS_F_1",1.597465
"AS_F_1",1.597464
"AS_F_1",1.597483
"AS_F_1",1.597545
"AS_F_1",1.597615
"AS_F_1",1.597709
"AS_F_1",1.597539
"AS_F_1",1.597405
"AS_F_1",1.597384
"AS_F_1",1.597427
"AS_F_1",1.597423
"AS_F_1",1.597376
"AS_F_1",1.597344
"AS_F_1",1.597365
"AS_F_1",1.597399
"AS_F_1",1.597507
"AS_F_1",1.597602
"AS_F_1",1.597636
"AS_F_1",1.597676
"AS_F_1",1.597747
"AS_F_1",1.597893
"AS_F_1",1.597832
"AS_F_1",1.59794
"AS_F_1",1.59801
"AS_F_1",1.598048
"AS_F_1",1.598027
"AS_F_1",1.597867
"AS_F_1",1.597676
"AS_F_1",1.597548
"AS_F_1",1.597381
"AS_F_1",1.597252
"AS_F_1",1.597085
"AS_F_1",1.596953
"AS_F_1",1.596844
"AS_F_1",1.596794
"AS_F_1",1.596902
"AS_F_1",1.597
"AS_F_1",1.597032
"AS_F_1",1.597077
"AS_F_1",1.597151
"AS_F_1",1.597263
"AS_F_1",1.597332
"AS_F_1",1.597346
"AS_F_1",1.597313
"AS_F_1",1.597145
"AS_F_1",1.597075
"AS_F_1",1.597025
"AS_F_1",1.597049
"AS_F_1",1.597114
"AS_F_1",1.597152
"AS_F_1",1.597186
"AS_F_1",1.597253
"AS_F_1",1.597222
"AS_F_1",1.597238
"AS_F_1",1.597258
"AS_F_1",1.597303
"AS_F_1",1.597277
"AS_F_1",1.597246
"AS_F_1",1.597192
"AS_F_1",1.59718
"AS_F_1",1.597197
"AS_F_1",1.597189
"AS_F_1",1.597195
"AS_F_1",1.597141
"AS_F_1",1.597073
"AS_F_1",1.597017
"AS_F_1",1.596969
"AS_F_1",1.596955
"AS_F_1",1.597013
"AS_F_1",1.59702
"AS_F_1",1.597035
"AS_F_1",1.597122
"AS_F_1",1.597366
"AS_F_1",1.597472
"AS_F_1",1.597534
"AS_F_1",1.597527
"AS_F_1",1.59744
"AS_F_1",1.597457
"AS_F_1",1.59738
"AS_F_1",1.597327
"AS_F_1",1.597311
"AS_F_1",1.597291
"AS_F_1",1.597249
"AS_F_1",1.597215
"AS_F_1",1.597174
"AS_F_1",1.597141
"AS_F_1",1.597144
"AS_F_1",1.597165
"AS_F_1",1.597213
"AS_F_1",1.597244
"AS_F_1",1.597252
"AS_F_1",1.597287
"AS_F_1",1.597365
"AS_F_1",1.597411
"AS_F_1",1.597437
"AS_F_1",1.597493
"AS_F_1",1.59757
"AS_F_1",1.59759
"AS_F_1",1.597591
"AS_F_1",1.597579
"AS_F_1",1.597496
"AS_F_1",1.59745
"AS_F_1",1.597407
"AS_F_1",1.59741
"AS_F_1",1.597468
"AS_F_1",1.597471
"AS_F_1",1.597485
"AS_F_1",1.59749
"AS_F_1",1.597809
"AS_F_1",1.597965
"AS_F_1",1.59806
"AS_F_1",1.598173
"AS_F_1",1.598271
"AS_F_1",1.598338
"AS_F_1",1.598379
"AS_F_1",1.598414
"AS_F_1",1.598495
"AS_F_1",1.598491
"AS_F_1",1.598487
"AS_F_1",1.598438
"AS_F_1",1.598368
"AS_F_1",1.598296
"AS_F_1",1.598235
"AS_F_1",1.59818
"AS_F_1",1.598118
"AS_F_1",1.598072
"AS_F_1",1.598019
"AS_F_1",1.597995
"AS_F_1",1.597977
"AS_F_1",1.597955
"AS_F_1",1.597954
"AS_F_1",1.597992
"AS_F_1",1.59809
"AS_F_1",1.598285
"AS_F_1",1.598413
"AS_F_1",1.598476
"AS_F_1",1.598425
"AS_F_1",1.598226
"AS_F_1",1.598089
"AS_F_1",1.597956
"AS_F_1",1.597911
"AS_F_1",1.597914
"AS_F_1",1.597876
"AS_F_1",1.597806
"AS_F_1",1.597746
"AS_F_1",1.597804
"AS_F_1",1.597841
"AS_F_1",1.597877
"AS_F_1",1.597876
"AS_F_1",1.597861
"AS_F_1",1.597852
"AS_F_1",1.597898
"AS_F_1",1.597922
"AS_F_1",1.597927
"AS_F_1",1.597923
"AS_F_1",1.597962
"AS_F_1",1.598028
"AS_F_1",1.598131
"AS_F_1",1.598156
"AS_F_1",1.598185
"AS_F_1",1.598164
"AS_F_1",1.598113
"AS_F_1",1.59806
"AS_F_1",1.598039
"AS_F_1",1.598039
"AS_F_1",1.598025
"AS_F_1",1.598
"AS_F_1",1.597966
"AS_F_1",1.59797
"AS_F_1",1.598021
"AS_F_1",1.598024
"AS_F_1",1.598045
"AS_F_1",1.598036
"AS_F_1",1.598148
"AS_F_1",1.598196
"AS_F_1",1.598261
"AS_F_1",1.598279
"AS_F_1",1.598254
"AS_F_1",1.598249
"AS_F_1",1.598276
"AS_F_1",1.598278
"AS_F_2",1.652341
"AS_F_2",1.652323
"AS_F_2",1.652331
"AS_F_2",1.652319
"AS_F_2",1.652304
"AS_F_2",1.652235
"AS_F_2",1.652208
"AS_F_2",1.652219
"AS_F_2",1.652219
"AS_F_2",1.652207
"AS_F_2",1.652194
"AS_F_2",1.652179
"AS_F_2",1.652188
"AS_F_2",1.65221
"AS_F_2",1.652196
"AS_F_2",1.652151
"AS_F_2",1.652085
"AS_F_2",1.652021
"AS_F_2",1.651967
"AS_F_2",1.651861
"AS_F_2",1.651774
"AS_F_2",1.651779
"AS_F_2",1.651921
"AS_F_2",1.652019
"AS_F_2",1.652037
"AS_F_2",1.652062
"AS_F_2",1.652078
"AS_F_2",1.652116
"AS_F_2",1.65219
"AS_F_2",1.652225
"AS_F_2",1.652143
"AS_F_2",1.652136
"AS_F_2",1.652139
"AS_F_2",1.65214
"AS_F_2",1.652098
"AS_F_2",1.652066
"AS_F_2",1.652053
"AS_F_2",1.652034
"AS_F_2",1.652012
"AS_F_2",1.65206
"AS_F_2",1.65215
"AS_F_2",1.652192
"AS_F_2",1.652307
"AS_F_2",1.652383
"AS_F_2",1.652426
"AS_F_2",1.652475
"AS_F_2",1.652573
"AS_F_2",1.652661
"AS_F_2",1.6528
"AS_F_2",1.652928
"AS_F_2",1.65303
"AS_F_2",1.653091
"AS_F_2",1.653108
"AS_F_2",1.653151
"AS_F_2",1.6532
"AS_F_2",1.653281
"AS_F_2",1.653319
"AS_F_2",1.653332
"AS_F_2",1.653323
"AS_F_2",1.653373
"AS_F_2",1.653459
"AS_F_2",1.653478
"AS_F_2",1.653463
"AS_F_2",1.653385
"AS_F_2",1.653306
"AS_F_2",1.653292
"AS_F_2",1.653256
"AS_F_2",1.653271
"AS_F_2",1.653299
"AS_F_2",1.653326
"AS_F_2",1.653369
"AS_F_2",1.653404
"AS_F_2",1.653437
"AS_F_2",1.653098
"AS_F_2",1.653026
"AS_F_2",1.653008
"AS_F_2",1.652981
"AS_F_2",1.653018
"AS_F_2",1.653017
"AS_F_2",1.652976
"AS_F_2",1.65287
"AS_F_2",1.652803
"AS_F_2",1.652768
"AS_F_2",1.652729
"AS_F_2",1.652725
"AS_F_2",1.652695
"AS_F_2",1.652731
"AS_F_2",1.65272
"AS_F_2",1.652742
"AS_F_2",1.652735
"AS_F_2",1.652728
"AS_F_2",1.652718
"AS_F_2",1.652707
"AS_F_2",1.652689
"AS_F_2",1.65267
"AS_F_2",1.652533
"AS_F_2",1.652566
"AS_F_2",1.652316
"AS_F_2",1.652428
"AS_F_2",1.652454
"AS_F_2",1.652518
"AS_F_2",1.652542
"AS_F_2",1.652491
"AS_F_2",1.652442
"AS_F_2",1.65242
"AS_F_2",1.652327
"AS_F_2",1.652207
"AS_F_2",1.652181
"AS_F_2",1.65223
"AS_F_2",1.652321
"AS_F_2",1.65242
"AS_F_2",1.6526
"AS_F_2",1.652803
"AS_F_2",1.652916
"AS_F_2",1.65294
"AS_F_2",1.652915
"AS_F_2",1.652915
"AS_F_2",1.652929
"AS_F_2",1.652985
"AS_F_2",1.653052
"AS_F_2",1.653122
"AS_F_2",1.653172
"AS_F_2",1.653215
"AS_F_2",1.653207
"AS_F_2",1.653234
"AS_F_2",1.653292
"AS_F_2",1.653336
"AS_F_2",1.653295
"AS_F_2",1.653282
"AS_F_2",1.653251
"AS_F_2",1.653266
"AS_F_2",1.653249
"AS_F_2",1.653242
"AS_F_2",1.653236
"AS_F_2",1.653179
"AS_F_2",1.653144
"AS_F_2",1.653047
"AS_F_2",1.652988
"AS_F_2",1.652968
"AS_F_2",1.652973
"AS_F_2",1.652947
"AS_F_2",1.652923
"AS_F_2",1.652856
"AS_F_2",1.652828
"AS_F_2",1.652862
"AS_F_2",1.652931
"AS_F_2",1.653838
"AS_F_2",1.653882
"AS_F_2",1.653956
"AS_F_2",1.653976
"AS_F_2",1.653988
"AS_F_2",1.653996
"AS_F_2",1.654006
"AS_F_2",1.654012
"AS_F_2",1.654041
"AS_F_2",1.654013
"AS_F_2",1.65398
"AS_F_2",1.653931
"AS_F_2",1.65384
"AS_F_2",1.653752
"AS_F_2",1.653664
"AS_F_2",1.653591
"AS_F_2",1.653505
"AS_F_2",1.653423
"AS_F_2",1.653357
"AS_F_2",1.653286
"AS_F_2",1.653273
"AS_F_2",1.653246
"AS_F_2",1.65331
"AS_F_2",1.65336
"AS_F_2",1.653432
"AS_F_2",1.653407
"AS_F_2",1.653457
"AS_F_2",1.653477
"AS_F_2",1.653541
"AS_F_2",1.653535
"AS_F_2",1.653498
"AS_F_2",1.653498
"AS_F_2",1.653526
"AS_F_2",1.653571
"AS_F_2",1.653656
"AS_F_2",1.653686
"AS_F_2",1.653682
"AS_F_2",1.653567
"AS_F_2",1.653532
"AS_F_2",1.653564
"AS_F_2",1.653681
"AS_F_2",1.653769
"AS_F_2",1.653818
"AS_F_2",1.653826
"AS_F_2",1.6538
"AS_F_2",1.653832
"AS_F_2",1.653906
"AS_F_2",1.653949
"AS_F_2",1.653942
"AS_F_2",1.653928
"AS_F_2",1.653919
"AS_F_2",1.653971
"AS_F_2",1.654005
"AS_F_2",1.654015
"AS_F_2",1.65399
"AS_F_2",1.653948
"AS_F_2",1.65386
"AS_F_2",1.653801
"AS_F_2",1.653799
"AS_F_2",1.653782
"AS_F_2",1.653748
"AS_F_2",1.65371
"AS_F_2",1.653682
"AS_F_2",1.653628
"AS_F_2",1.653638
"AS_F_2",1.653646
"AS_F_2",1.653635
"AS_F_2",1.653614
"AS_F_2",1.653569
"AS_F_2",1.653544
"AS_F_2",1.653555
"AS_F_2",1.653538
"AS_F_2",1.65356
"AS_F_2",1.615576
"AS_F_2",1.615652
"AS_F_2",1.615727
"AS_F_2",1.61578
"AS_F_2",1.615787
"AS_F_2",1.615799
"AS_F_2",1.615773
"AS_F_2",1.615777
"AS_F_2",1.615813
"AS_F_2",1.615833
"AS_F_2",1.61583
"AS_F_2",1.615851
"AS_F_2",1.615942
"AS_F_2",1.615988
"AS_F_2",1.616019
"AS_F_2",1.616033
"AS_F_2",1.616087
"AS_F_2",1.616206
"AS_F_2",1.616273
"AS_F_2",1.616295
"AS_F_2",1.616284
"AS_F_2",1.616295
"AS_F_2",1.616306
"AS_F_2",1.616339
"AS_F_2",1.616339
"AS_F_2",1.616342
"AS_F_2",1.616373
"AS_F_2",1.616382
"AS_F_2",1.616454
"AS_F_2",1.616498
"AS_F_2",1.616579
"AS_F_2",1.616617
"AS_F_2",1.616656
"AS_F_2",1.61668
"AS_F_2",1.616694
"AS_F_2",1.616709
"AS_F_2",1.616826
"AS_F_2",1.616904
"AS_F_2",1.617004
"AS_F_2",1.617036
"AS_F_2",1.617049
"AS_F_2",1.617118
"AS_F_2",1.617296
"AS_F_2",1.617447
"AS_F_2",1.617702
"AS_F_2",1.617806
"AS_F_2",1.618106
"AS_F_2",1.617897
"AS_F_2",1.618033
"AS_F_2",1.618014
"AS_F_2",1.61794
"AS_F_2",1.617878
"AS_F_2",1.617882
"AS_F_2",1.617894
"AS_F_2",1.617857
"AS_F_2",1.617747
"AS_F_2",1.617716
"AS_F_2",1.617651
"AS_F_2",1.617672
"AS_F_2",1.617706
"AS_F_2",1.61769
"AS_F_2",1.617701
"AS_F_2",1.617724
"AS_F_2",1.617757
"AS_F_2",1.617832
"AS_F_2",1.617883
"AS_F_2",1.617922
"AS_F_2",1.617999
"AS_F_2",1.618058
"AS_F_2",1.618141
"AS_F_2",1.618222
"AS_F_2",1.618282
"AS_F_2",1.618378
"AS_F_2",1.618585
"AS_F_2",1.618554
"AS_F_2",1.61858
"AS_F_2",1.618592
"AS_F_2",1.618596
"AS_F_2",1.618595
"AS_F_2",1.618588
"AS_F_2",1.618586
"AS_F_2",1.618587
"AS_F_2",1.618575
"AS_F_2",1.618578
"AS_F_2",1.618538
"AS_F_2",1.618492
"AS_F_2",1.618458
"AS_F_2",1.618511
"AS_F_2",1.618555
"AS_F_2",1.618601
"AS_F_2",1.618608
"AS_F_2",1.618544
"AS_F_2",1.618492
"AS_F_2",1.618456
"AS_F_2",1.618353
"AS_F_2",1.618211
"AS_F_2",1.618089
"AS_F_2",1.618183
"AS_F_2",1.618311
"AS_F_2",1.618455
"AS_F_2",1.618444
"AS_F_2",1.618414
"AS_F_2",1.618312
"AS_F_2",1.618267
"AS_F_2",1.618249
"AS_F_2",1.618247
"AS_F_2",1.618246
"AS_F_2",1.618174
"AS_F_2",1.618065
"AS_F_2",1.618001
"AS_F_2",1.618065
"AS_F_2",1.618276
"AS_F_2",1.618363
"AS_F_2",1.618424
"AS_F_2",1.618407
"AS_F_2",1.618355
"AS_F_2",1.618336
"AS_F_2",1.618442
"AS_F_2",1.618581
"AS_F_2",1.618798
"AS_F_2",1.618906
"AS_F_2",1.619009
"AS_F_2",1.619067
"AS_F_2",1.618987
"AS_F_2",1.618802
"AS_F_2",1.618751
"AS_F_2",1.61872
"AS_F_2",1.618869
"AS_F_2",1.618896
"AS_F_2",1.618917
"AS_F_2",1.618902
"AS_F_2",1.618983
"AS_F_2",1.619026
"AS_F_2",1.619018
"AS_F_2",1.618922
"AS_F_2",1.618823
"AS_F_2",1.618781
"AS_F_2",1.618721
"AS_F_2",1.61867
"AS_F_2",1.618542
"AS_F_2",1.618502
"AS_F_2",1.618506
"AS_F_2",1.618526
"AS_F_2",1.618514
"AS_F_2",1.618425
"AS_F_2",1.618406
"AS_F_2",1.618245
"AS_F_2",1.618379
"AS_F_2",1.618482
"AS_F_2",1.618504
"AS_F_2",1.618424
"AS_F_2",1.618443
"AS_F_2",1.618388
"AS_F_2",1.618369
"AS_F_2",1.618354
"AS_F_2",1.618274
"AS_F_2",1.618165
"AS_F_2",1.618055
"AS_F_2",1.617971
"AS_F_2",1.617994
"AS_F_2",1.618173
"AS_F_2",1.618237
"AS_F_2",1.618172
"AS_F_2",1.6181
"AS_F_2",1.61804
"AS_F_2",1.617989
"AS_F_2",1.6183
"AS_F_2",1.618237
"AS_F_2",1.618193
"AS_F_2",1.618237
"AS_F_2",1.618148
"AS_F_2",1.618126
"AS_F_2",1.618175
"AS_F_2",1.618309
"AS_F_2",1.618373
"AS_F_2",1.618364
"AS_F_2",1.618343
"AS_F_2",1.618361
"AS_F_2",1.618487
"AS_F_2",1.618584
"AS_F_2",1.618613
"AS_F_2",1.618605
"AS_F_2",1.618633
"AS_F_2",1.618633
"AS_F_2",1.61862
"AS_F_2",1.618587
"AS_F_2",1.618645
"AS_F_2",1.618712
"AS_F_2",1.618792
"AS_F_2",1.618897
"AS_F_2",1.618934
"AS_F_2",1.618964
"AS_F_2",1.618988
"AS_F_2",1.618995
"AS_F_2",1.618964
"AS_F_2",1.618961
"AS_F_2",1.618983
"AS_F_2",1.619048
"AS_F_2",1.619113
"AS_F_2",1.619126
"AS_F_2",1.619123
"AS_F_2",1.619124
"AS_F_2",1.619121
"AS_F_2",1.619072
"AS_F_2",1.619046
"AS_F_2",1.619027
"AS_F_2",1.619026
"AS_F_2",1.619019
"AS_F_2",1.619018
"AS_F_2",1.619009
"AS_F_2",1.619034
"AS_F_2",1.619032
"AS_F_2",1.619044
"AS_F_2",1.619034
"AS_F_2",1.619012
"AS_F_2",1.618991
"AS_F_2",1.618957
"AS_F_2",1.618921
"AS_F_2",1.618892
"AS_F_2",1.618857
"AS_F_2",1.599864
"AS_F_2",1.599883
"AS_F_2",1.599882
"AS_F_2",1.599889
"AS_F_2",1.59989
"AS_F_2",1.599944
"AS_F_2",1.600044
"AS_F_2",1.600163
"AS_F_2",1.600245
"AS_F_2",1.600357
"AS_F_2",1.600405
"AS_F_2",1.600491
"AS_F_2",1.600515
"AS_F_2",1.600462
"AS_F_2",1.600414
"AS_F_2",1.600373
"AS_F_2",1.600365
"AS_F_2",1.600363
"AS_F_2",1.600346
"AS_F_2",1.600331
"AS_F_2",1.60032
"AS_F_2",1.600297
"AS_F_2",1.600268
"AS_F_2",1.600225
"AS_F_2",1.600167
"AS_F_2",1.600204
"AS_F_2",1.600234
"AS_F_2",1.600323
"AS_F_2",1.60036
"AS_F_2",1.600458
"AS_F_2",1.600485
"AS_F_2",1.600498
"AS_F_2",1.60049
"AS_F_2",1.600375
"AS_F_2",1.60022
"AS_F_2",1.600124
"AS_F_2",1.600044
"AS_F_2",1.600134
"AS_F_2",1.600213
"AS_F_2",1.600227
"AS_F_2",1.60024
"AS_F_2",1.600268
"AS_F_2",1.600265
"AS_F_2",1.600295
"AS_F_2",1.600332
"AS_F_2",1.600415
"AS_F_2",1.60041
"AS_F_2",1.600362
"AS_F_2",1.600361
"AS_F_2",1.600378
"AS_F_2",1.600384
"AS_F_2",1.600355
"AS_F_2",1.600312
"AS_F_2",1.600236
"AS_F_2",1.60021
"AS_F_2",1.600145
"AS_F_2",1.600077
"AS_F_2",1.600076
"AS_F_2",1.600052
"AS_F_2",1.59998
"AS_F_2",1.599895
"AS_F_2",1.599889
"AS_F_2",1.59992
"AS_F_2",1.599963
"AS_F_2",1.599972
"AS_F_2",1.599954
"AS_F_2",1.599954
"AS_F_2",1.599948
"AS_F_2",1.59993
"AS_F_2",1.599927
"AS_F_2",1.599934
"AS_F_2",1.599955
"AS_F_2",1.59998
"AS_F_2",1.599828
"AS_F_2",1.599874
"AS_F_2",1.59991
"AS_F_2",1.599913
"AS_F_2",1.599937
"AS_F_2",1.599964
"AS_F_2",1.599976
"AS_F_2",1.599977
"AS_F_2",1.59998
"AS_F_2",1.599976
"AS_F_2",1.599981
"AS_F_2",1.599977
"AS_F_2",1.599964
"AS_F_2",1.599951
"AS_F_2",1.599946
"AS_F_2",1.599975
"AS_F_2",1.599984
"AS_F_2",1.599991
"AS_F_2",1.59999
"AS_F_2",1.599997
"AS_F_2",1.600009
"AS_F_2",1.600004
"AS_F_2",1.600028
"AS_F_2",1.600056
"AS_F_2",1.600078
"AS_F_2",1.600118
"AS_F_2",1.600205
"AS_F_2",1.600287
"AS_F_2",1.600306
"AS_F_2",1.600301
"AS_F_2",1.600304
"AS_F_2",1.600327
"AS_F_2",1.600375
"AS_F_2",1.600498
"AS_F_2",1.60033
"AS_F_2",1.600483
"AS_F_2",1.600579
"AS_F_2",1.600661
"AS_F_2",1.600728
"AS_F_2",1.600734
"AS_F_2",1.600736
"AS_F_2",1.600724
"AS_F_2",1.600672
"AS_F_2",1.600681
"AS_F_2",1.600735
"AS_F_2",1.60085
"AS_F_2",1.600981
"AS_F_2",1.601141
"AS_F_2",1.601262
"AS_F_2",1.601249
"AS_F_2",1.601255
"AS_F_2",1.601205
"AS_F_2",1.601265
"AS_F_2",1.601314
"AS_F_2",1.601452
"AS_F_2",1.601536
"AS_F_2",1.601581
"AS_F_2",1.60164
"AS_F_2",1.601706
"AS_F_2",1.601726
"AS_F_2",1.601719
"AS_F_2",1.601686
"AS_F_2",1.601637
"AS_F_2",1.601555
"AS_F_2",1.601502
"AS_F_2",1.60149
"AS_F_2",1.601473
"AS_F_2",1.601475
"AS_F_2",1.601456
"AS_F_2",1.60144
"AS_F_2",1.601416
"AS_F_2",1.60138
"AS_F_2",1.601383
"AS_F_2",1.601406
"AS_F_2",1.601407
"AS_F_2",1.601121
"AS_F_2",1.60116
"AS_F_2",1.601177
"AS_F_2",1.601186
"AS_F_2",1.601211
"AS_F_2",1.601235
"AS_F_2",1.601222
"AS_F_2",1.601175
"AS_F_2",1.60107
"AS_F_2",1.601027
"AS_F_2",1.600956
"AS_F_2",1.600985
"AS_F_2",1.600989
"AS_F_2",1.600954
"AS_F_2",1.600931
"AS_F_2",1.600939
"AS_F_2",1.600963
"AS_F_2",1.600961
"AS_F_2",1.600958
"AS_F_2",1.600997
"AS_F_2",1.601024
"AS_F_2",1.601061
"AS_F_2",1.60108
"AS_F_2",1.601125
"AS_F_2",1.601172
"AS_F_2",1.601193
"AS_F_2",1.601218
"AS_F_2",1.601292
"AS_F_2",1.60137
"AS_F_2",1.601444
"AS_F_2",1.601474
"AS_F_2",1.601464
"AS_F_2",1.60148
"AS_F_2",1.601544
"AS_F_2",1.601581
"AS_F_2",1.601613
"AS_F_2",1.601633
"AS_F_2",1.601638
"AS_F_2",1.601705
"AS_F_2",1.601763
"AS_F_2",1.601821
"AS_F_2",1.601909
"AS_F_2",1.601936
"AS_F_2",1.601931
"AS_F_2",1.601822
"AS_F_2",1.601826
"AS_F_2",1.601821
"AS_F_2",1.601837
"AS_F_2",1.601782
"AS_F_2",1.60176
"AS_F_2",1.601784
"AS_F_2",1.601919
"AS_F_2",1.602092
"AS_F_2",1.60222
"AS_F_2",1.602277
"AS_F_2",1.602322
"AS_F_2",1.602322
"AS_F_2",1.602381
"AS_F_2",1.602443
"AS_F_2",1.602551
"AS_F_2",1.602645
"AS_F_2",1.602701
"AS_F_2",1.60273
"AS_F_2",1.602693
"AS_F_2",1.60262
"AS_F_2",1.602564
"AS_F_2",1.602536
"AS_F_2",1.602498
"AS_F_2",1.602456
"AS_F_2",1.6024
"AS_F_2",1.602349
"AS_F_2",1.602279
"AS_F_2",1.602254
"AS_F_2",1.611073
"AS_F_2",1.611221
"AS_F_2",1.611344
"AS_F_2",1.611552
"AS_F_2",1.611683
"AS_F_2",1.611733
"AS_F_2",1.61174
"AS_F_2",1.611785
"AS_F_2",1.611812
"AS_F_2",1.611821
"AS_F_2",1.611823
"AS_F_2",1.611821
"AS_F_2",1.61192
"AS_F_2",1.612024
"AS_F_2",1.612137
"AS_F_2",1.612196
"AS_F_2",1.612233
"AS_F_2",1.61229
"AS_F_2",1.612326
"AS_F_2",1.612399
"AS_F_2",1.612416
"AS_F_2",1.612376
"AS_F_2",1.612366
"AS_F_2",1.612237
"AS_F_2",1.612145
"AS_F_2",1.612012
"AS_F_2",1.611896
"AS_F_2",1.611786
"AS_F_2",1.611736
"AS_F_2",1.61169
"AS_F_2",1.611616
"AS_F_2",1.611591
"AS_F_2",1.611589
"AS_F_2",1.611633
"AS_F_2",1.611678
"AS_F_2",1.611664
"AS_F_2",1.611664
"AS_F_2",1.611628
"AS_F_2",1.611636
"AS_F_2",1.611681
"AS_F_2",1.611738
"AS_F_2",1.611724
"AS_F_2",1.611694
"AS_F_2",1.611656
"AS_F_2",1.611706
"AS_F_2",1.611699
"AS_F_2",1.611773
"AS_F_2",1.611722
"AS_F_2",1.611693
"AS_F_2",1.61168
"AS_F_2",1.611655
"AS_F_2",1.611572
"AS_F_2",1.611513
"AS_F_2",1.611511
"AS_F_2",1.611456
"AS_F_2",1.611447
"AS_F_2",1.611459
"AS_F_2",1.61154
"AS_F_2",1.611645
"AS_F_2",1.611778
"AS_F_2",1.611823
"AS_F_2",1.611882
"AS_F_2",1.611855
"AS_F_2",1.611756
"AS_F_2",1.611729
"AS_F_2",1.611653
"AS_F_2",1.61157
"AS_F_2",1.611486
"AS_F_2",1.611421
"AS_F_2",1.611395
"AS_F_2",1.611368
"AS_F_2",1.611354
"AS_F_2",1.611303
"AS_F_2",1.608866
"AS_F_2",1.608934
"AS_F_2",1.608999
"AS_F_2",1.60903
"AS_F_2",1.609049
"AS_F_2",1.609084
"AS_F_2",1.609115
"AS_F_2",1.60907
"AS_F_2",1.609034
"AS_F_2",1.609
"AS_F_2",1.608954
"AS_F_2",1.608952
"AS_F_2",1.608953
"AS_F_2",1.608991
"AS_F_2",1.609046
"AS_F_2",1.609133
"AS_F_2",1.609197
"AS_F_2",1.609236
"AS_F_2",1.60925
"AS_F_2",1.60926
"AS_F_2",1.609316
"AS_F_2",1.60939
"AS_F_2",1.609473
"AS_F_2",1.609555
"AS_F_2",1.609632
"AS_F_2",1.609652
"AS_F_2",1.609636
"AS_F_2",1.609569
"AS_F_2",1.60939
"AS_F_2",1.609379
"AS_F_2",1.60953
"AS_F_2",1.60966
"AS_F_2",1.609666
"AS_F_2",1.609658
"AS_F_2",1.609609
"AS_F_2",1.609515
"AS_F_2",1.609362
"AS_F_2",1.60925
"AS_F_2",1.609195
"AS_F_2",1.609212
"AS_F_2",1.609286
"AS_F_2",1.609406
"AS_F_2",1.609481
"AS_F_2",1.609459
"AS_F_2",1.609429
"AS_F_2",1.609414
"AS_F_2",1.609448
"AS_F_2",1.609567
"AS_F_2",1.6096
"AS_F_2",1.609614
"AS_F_2",1.609655
"AS_F_2",1.609674
"AS_F_2",1.609669
"AS_F_2",1.609589
"AS_F_2",1.609518
"AS_F_2",1.609409
"AS_F_2",1.609345
"AS_F_2",1.609248
"AS_F_2",1.609178
"AS_F_2",1.609128
"AS_F_2",1.609113
"AS_F_2",1.609081
"AS_F_2",1.609077
"AS_F_2",1.609108
"AS_F_2",1.609162
"AS_F_2",1.609228
"AS_F_2",1.609256
"AS_F_2",1.609282
"AS_F_2",1.609296
"AS_F_2",1.609311
"AS_F_2",1.609297
"AS_F_2",1.609245
"AS_F_2",1.609185
"AS_F_2",1.607024
"AS_F_2",1.607011
"AS_F_2",1.607011
"AS_F_2",1.607048
"AS_F_2",1.60707
"AS_F_2",1.6071
"AS_F_2",1.607112
"AS_F_2",1.607116
"AS_F_2",1.607112
"AS_F_2",1.607112
"AS_F_2",1.607139
"AS_F_2",1.60717
"AS_F_2",1.607176
"AS_F_2",1.607168
"AS_F_2",1.607164
"AS_F_2",1.607175
"AS_F_2",1.607129
"AS_F_2",1.607087
"AS_F_2",1.607014
"AS_F_2",1.606935
"AS_F_2",1.606862
"AS_F_2",1.606801
"AS_F_2",1.606797
"AS_F_2",1.606785
"AS_F_2",1.60679
"AS_F_2",1.606801
"AS_F_2",1.60682
"AS_F_2",1.606853
"AS_F_2",1.606855
"AS_F_2",1.606903
"AS_F_2",1.606923
"AS_F_2",1.606964
"AS_F_2",1.607006
"AS_F_2",1.607013
"AS_F_2",1.607
"AS_F_2",1.606945
"AS_F_2",1.606884
"AS_F_2",1.606794
"AS_F_2",1.60674
"AS_F_2",1.606711
"AS_F_2",1.606693
"AS_F_2",1.606726
"AS_F_2",1.606735
"AS_F_2",1.606732
"AS_F_2",1.606728
"AS_F_2",1.606707
"AS_F_2",1.606698
"AS_F_2",1.606704
"AS_F_2",1.606724
"AS_F_2",1.606773
"AS_F_2",1.606794
"AS_F_2",1.606801
"AS_F_2",1.606764
"AS_F_2",1.606727
"AS_F_2",1.606704
"AS_F_2",1.606734
"AS_F_2",1.606756
"AS_F_2",1.60676
"AS_F_2",1.606765
"AS_F_2",1.606839
"AS_F_2",1.60693
"AS_F_2",1.606979
"AS_F_2",1.606989
"AS_F_2",1.606912
"AS_F_2",1.606871
"AS_F_2",1.606738
"AS_F_2",1.606731
"AS_F_2",1.606668
"AS_F_2",1.606604
"AS_F_2",1.606437
"AS_F_2",1.606305
"AS_F_2",1.606544
"AS_F_2",1.606598
"AS_F_2",1.606671
"ME_M_6",1.593831
"ME_M_6",1.593871
"ME_M_6",1.593884
"ME_M_6",1.593875
"ME_M_6",1.593854
"ME_M_6",1.593825
"ME_M_6",1.593786
"ME_M_6",1.593783
"ME_M_6",1.593763
"ME_M_6",1.593707
"ME_M_6",1.593662
"ME_M_6",1.593655
"ME_M_6",1.593705
"ME_M_6",1.593678
"ME_M_6",1.593678
"ME_M_6",1.593735
"ME_M_6",1.593729
"ME_M_6",1.593634
"ME_M_6",1.593471
"ME_M_6",1.593414
"ME_M_6",1.59366
"ME_M_6",1.593697
"ME_M_6",1.59358
"ME_M_6",1.593583
"ME_M_6",1.593775
"ME_M_6",1.594026
"ME_M_6",1.594257
"ME_M_6",1.594458
"ME_M_6",1.594387
"ME_M_6",1.594257
"ME_M_6",1.594301
"ME_M_6",1.59443
"ME_M_6",1.594579
"ME_M_6",1.59471
"ME_M_6",1.594701
"ME_M_6",1.594672
"ME_M_6",1.594657
"ME_M_6",1.5947
"ME_M_6",1.594857
"ME_M_6",1.594948
"ME_M_6",1.594956
"ME_M_6",1.594949
"ME_M_6",1.594937
"ME_M_6",1.594968
"ME_M_6",1.594953
"ME_M_6",1.594976
"ME_M_6",1.594999
"ME_M_6",1.595017
"ME_M_6",1.594967
"ME_M_6",1.59489
"ME_M_6",1.594859
"ME_M_6",1.594856
"ME_M_6",1.594821
"ME_M_6",1.594796
"ME_M_6",1.594851
"ME_M_6",1.594874
"ME_M_6",1.594909
"ME_M_6",1.594906
"ME_M_6",1.594888
"ME_M_6",1.594948
"ME_M_6",1.595027
"ME_M_6",1.595073
"ME_M_6",1.595079
"ME_M_6",1.595058
"ME_M_6",1.595055
"ME_M_6",1.595019
"ME_M_6",1.594944
"ME_M_6",1.594902
"ME_M_6",1.594964
"ME_M_6",1.594991
"ME_M_6",1.595049
"ME_M_6",1.595064
"ME_M_6",1.595068
"ME_M_6",1.594859
"ME_M_6",1.594931
"ME_M_6",1.595001
"ME_M_6",1.595013
"ME_M_6",1.595068
"ME_M_6",1.595057
"ME_M_6",1.595097
"ME_M_6",1.595154
"ME_M_6",1.595225
"ME_M_6",1.595292
"ME_M_6",1.595389
"ME_M_6",1.595392
"ME_M_6",1.59535
"ME_M_6",1.595285
"ME_M_6",1.595183
"ME_M_6",1.595125
"ME_M_6",1.595023
"ME_M_6",1.594999
"ME_M_6",1.594982
"ME_M_6",1.594935
"ME_M_6",1.594786
"ME_M_6",1.594676
"ME_M_6",1.594525
"ME_M_6",1.594724
"ME_M_6",1.595026
"ME_M_6",1.595179
"ME_M_6",1.595123
"ME_M_6",1.595064
"ME_M_6",1.595072
"ME_M_6",1.595141
"ME_M_6",1.595359
"ME_M_6",1.595453
"ME_M_6",1.595556
"ME_M_6",1.595616
"ME_M_6",1.595532
"ME_M_6",1.595582
"ME_M_6",1.595726
"ME_M_6",1.595768
"ME_M_6",1.595608
"ME_M_6",1.595562
"ME_M_6",1.595571
"ME_M_6",1.595597
"ME_M_6",1.595574
"ME_M_6",1.59556
"ME_M_6",1.59562
"ME_M_6",1.595676
"ME_M_6",1.595791
"ME_M_6",1.595774
"ME_M_6",1.595747
"ME_M_6",1.595791
"ME_M_6",1.595846
"ME_M_6",1.595823
"ME_M_6",1.595772
"ME_M_6",1.595702
"ME_M_6",1.595716
"ME_M_6",1.595695
"ME_M_6",1.595668
"ME_M_6",1.595588
"ME_M_6",1.595539
"ME_M_6",1.595532
"ME_M_6",1.595516
"ME_M_6",1.595476
"ME_M_6",1.595476
"ME_M_6",1.595467
"ME_M_6",1.595453
"ME_M_6",1.595421
"ME_M_6",1.595389
"ME_M_6",1.595397
"ME_M_6",1.595409
"ME_M_6",1.595402
"ME_M_6",1.5954
"ME_M_6",1.595391
"ME_M_6",1.595341
"ME_M_6",1.59541
"ME_M_6",1.595415
"ME_M_6",1.595453
"ME_M_6",1.595507
"ME_M_6",1.595642
"ME_M_6",1.59572
"ME_M_6",1.59584
"ME_M_6",1.595837
"ME_M_6",1.595453
"ME_M_6",1.595279
"ME_M_6",1.595138
"ME_M_6",1.595101
"ME_M_6",1.595099
"ME_M_6",1.595075
"ME_M_6",1.595028
"ME_M_6",1.595027
"ME_M_6",1.59513
"ME_M_6",1.595191
"ME_M_6",1.595191
"ME_M_6",1.595247
"ME_M_6",1.59538
"ME_M_6",1.59545
"ME_M_6",1.59552
"ME_M_6",1.595564
"ME_M_6",1.59564
"ME_M_6",1.595734
"ME_M_6",1.595826
"ME_M_6",1.595868
"ME_M_6",1.595854
"ME_M_6",1.595864
"ME_M_6",1.595846
"ME_M_6",1.595832
"ME_M_6",1.595765
"ME_M_6",1.595726
"ME_M_6",1.59569
"ME_M_6",1.595657
"ME_M_6",1.595655
"ME_M_6",1.595649
"ME_M_6",1.59571
"ME_M_6",1.595722
"ME_M_6",1.595734
"ME_M_6",1.59573
"ME_M_6",1.595722
"ME_M_6",1.595768
"ME_M_6",1.595814
"ME_M_6",1.59591
"ME_M_6",1.595898
"ME_M_6",1.595898
"ME_M_6",1.59585
"ME_M_6",1.595827
"ME_M_6",1.595817
"ME_M_6",1.595792
"ME_M_6",1.595788
"ME_M_6",1.595792
"ME_M_6",1.59583
"ME_M_6",1.59586
"ME_M_6",1.595831
"ME_M_6",1.595752
"ME_M_6",1.595658
"ME_M_6",1.59561
"ME_M_6",1.59559
"ME_M_6",1.595575
"ME_M_6",1.595635
"ME_M_6",1.595716
"ME_M_6",1.595754
"ME_M_6",1.59576
"ME_M_6",1.595761
"ME_M_6",1.595726
"ME_M_6",1.595727
"ME_M_6",1.595749
"ME_M_6",1.595765
"ME_M_6",1.595744
"ME_M_6",1.595751
"ME_M_6",1.589684
"ME_M_6",1.589732
"ME_M_6",1.589769
"ME_M_6",1.589792
"ME_M_6",1.5898
"ME_M_6",1.589811
"ME_M_6",1.589813
"ME_M_6",1.58979
"ME_M_6",1.589731
"ME_M_6",1.589672
"ME_M_6",1.58961
"ME_M_6",1.589612
"ME_M_6",1.589625
"ME_M_6",1.589643
"ME_M_6",1.589627
"ME_M_6",1.589611
"ME_M_6",1.589602
"ME_M_6",1.589605
"ME_M_6",1.589581
"ME_M_6",1.589591
"ME_M_6",1.589693
"ME_M_6",1.589769
"ME_M_6",1.589815
"ME_M_6",1.589798
"ME_M_6",1.589763
"ME_M_6",1.589716
"ME_M_6",1.589661
"ME_M_6",1.589554
"ME_M_6",1.589492
"ME_M_6",1.58947
"ME_M_6",1.589584
"ME_M_6",1.58977
"ME_M_6",1.589881
"ME_M_6",1.589871
"ME_M_6",1.589846
"ME_M_6",1.589916
"ME_M_6",1.589966
"ME_M_6",1.59007
"ME_M_6",1.590086
"ME_M_6",1.590047
"ME_M_6",1.589961
"ME_M_6",1.590028
"ME_M_6",1.590178
"ME_M_6",1.590317
"ME_M_6",1.590397
"ME_M_6",1.590374
"ME_M_6",1.590303
"ME_M_6",1.590265
"ME_M_6",1.590245
"ME_M_6",1.590265
"ME_M_6",1.590328
"ME_M_6",1.590389
"ME_M_6",1.590475
"ME_M_6",1.590531
"ME_M_6",1.590572
"ME_M_6",1.590621
"ME_M_6",1.590621
"ME_M_6",1.590626
"ME_M_6",1.590678
"ME_M_6",1.590731
"ME_M_6",1.590763
"ME_M_6",1.590758
"ME_M_6",1.590722
"ME_M_6",1.59073
"ME_M_6",1.590796
"ME_M_6",1.590864
"ME_M_6",1.5909
"ME_M_6",1.590887
"ME_M_6",1.590825
"ME_M_6",1.590732
"ME_M_6",1.590713
"ME_M_6",1.590671
"ME_M_6",1.590649
"ME_M_6",1.590211
"ME_M_6",1.590223
"ME_M_6",1.590212
"ME_M_6",1.590149
"ME_M_6",1.590066
"ME_M_6",1.590013
"ME_M_6",1.589986
"ME_M_6",1.589926
"ME_M_6",1.589843
"ME_M_6",1.589864
"ME_M_6",1.589862
"ME_M_6",1.589967
"ME_M_6",1.589928
"ME_M_6",1.589769
"ME_M_6",1.589647
"ME_M_6",1.589671
"ME_M_6",1.589724
"ME_M_6",1.589913
"ME_M_6",1.589952
"ME_M_6",1.590029
"ME_M_6",1.590189
"ME_M_6",1.590312
"ME_M_6",1.590451
"ME_M_6",1.590585
"ME_M_6",1.590784
"ME_M_6",1.590976
"ME_M_6",1.591056
"ME_M_6",1.591069
"ME_M_6",1.591111
"ME_M_6",1.591223
"ME_M_6",1.591349
"ME_M_6",1.591418
"ME_M_6",1.591376
"ME_M_6",1.591178
"ME_M_6",1.591187
"ME_M_6",1.591187
"ME_M_6",1.591126
"ME_M_6",1.591049
"ME_M_6",1.59106
"ME_M_6",1.591092
"ME_M_6",1.591149
"ME_M_6",1.59121
"ME_M_6",1.591262
"ME_M_6",1.591347
"ME_M_6",1.591393
"ME_M_6",1.59138
"ME_M_6",1.591378
"ME_M_6",1.591344
"ME_M_6",1.59132
"ME_M_6",1.591341
"ME_M_6",1.591325
"ME_M_6",1.591284
"ME_M_6",1.591227
"ME_M_6",1.591234
"ME_M_6",1.59125
"ME_M_6",1.591259
"ME_M_6",1.591212
"ME_M_6",1.591087
"ME_M_6",1.591012
"ME_M_6",1.590963
"ME_M_6",1.590934
"ME_M_6",1.590979
"ME_M_6",1.590999
"ME_M_6",1.590998
"ME_M_6",1.591018
"ME_M_6",1.591
"ME_M_6",1.59095
"ME_M_6",1.590888
"ME_M_6",1.590831
"ME_M_6",1.59087
"ME_M_6",1.590917
"ME_M_6",1.590963
"ME_M_6",1.591015
"ME_M_6",1.59101
"ME_M_6",1.590976
"ME_M_6",1.590906
"ME_M_6",1.59088
"ME_M_6",1.590858
"ME_M_6",1.590798
"ME_M_6",1.590722
"ME_M_6",1.590692
"ME_M_6",1.590654
"ME_M_6",1.590675
"ME_M_6",1.590675
"ME_M_6",1.590676
"ME_M_6",1.590726
"ME_M_6",1.590872
"ME_M_6",1.591041
"ME_M_6",1.590952
"ME_M_6",1.590867
"ME_M_6",1.590876
"ME_M_6",1.591007
"ME_M_6",1.591166
"ME_M_6",1.591367
"ME_M_6",1.591603
"ME_M_6",1.591494
"ME_M_6",1.591193
"ME_M_6",1.591016
"ME_M_6",1.590755
"ME_M_6",1.590727
"ME_M_6",1.590728
"ME_M_6",1.59081
"ME_M_6",1.590763
"ME_M_6",1.590685
"ME_M_6",1.590703
"ME_M_6",1.590832
"ME_M_6",1.590969
"ME_M_6",1.59111
"ME_M_6",1.591249
"ME_M_6",1.591308
"ME_M_6",1.591374
"ME_M_6",1.591538
"ME_M_6",1.591648
"ME_M_6",1.591655
"ME_M_6",1.591578
"ME_M_6",1.591445
"ME_M_6",1.591332
"ME_M_6",1.591209
"ME_M_6",1.59113
"ME_M_6",1.591135
"ME_M_6",1.591113
"ME_M_6",1.591101
"ME_M_6",1.591069
"ME_M_6",1.59099
"ME_M_6",1.590923
"ME_M_6",1.590849
"ME_M_6",1.59086
"ME_M_6",1.590962
"ME_M_6",1.590965
"ME_M_6",1.591001
"ME_M_6",1.591054
"ME_M_6",1.591075
"ME_M_6",1.591083
"ME_M_6",1.591073
"ME_M_6",1.590999
"ME_M_6",1.590901
"ME_M_6",1.590879
"ME_M_6",1.590895
"ME_M_6",1.590922
"ME_M_6",1.590978
"ME_M_6",1.590999
"ME_M_6",1.59101
"ME_M_6",1.590999
"ME_M_6",1.590942
"ME_M_6",1.590919
"ME_M_6",1.590868
"ME_M_6",1.592804
"ME_M_6",1.592796
"ME_M_6",1.592767
"ME_M_6",1.592763
"ME_M_6",1.59269
"ME_M_6",1.592634
"ME_M_6",1.592584
"ME_M_6",1.592574
"ME_M_6",1.592578
"ME_M_6",1.592536
"ME_M_6",1.592445
"ME_M_6",1.592303
"ME_M_6",1.592245
"ME_M_6",1.592215
"ME_M_6",1.592203
"ME_M_6",1.59222
"ME_M_6",1.592253
"ME_M_6",1.592265
"ME_M_6",1.592149
"ME_M_6",1.591959
"ME_M_6",1.591664
"ME_M_6",1.591573
"ME_M_6",1.591606
"ME_M_6",1.591685
"ME_M_6",1.591603
"ME_M_6",1.591398
"ME_M_6",1.591261
"ME_M_6",1.591285
"ME_M_6",1.591626
"ME_M_6",1.591638
"ME_M_6",1.591593
"ME_M_6",1.591494
"ME_M_6",1.59131
"ME_M_6",1.591275
"ME_M_6",1.591294
"ME_M_6",1.591317
"ME_M_6",1.591411
"ME_M_6",1.59142
"ME_M_6",1.591419
"ME_M_6",1.591417
"ME_M_6",1.591511
"ME_M_6",1.591597
"ME_M_6",1.591672
"ME_M_6",1.591752
"ME_M_6",1.59177
"ME_M_6",1.591818
"ME_M_6",1.591925
"ME_M_6",1.592024
"ME_M_6",1.592061
"ME_M_6",1.592115
"ME_M_6",1.592152
"ME_M_6",1.592236
"ME_M_6",1.592263
"ME_M_6",1.592277
"ME_M_6",1.592248
"ME_M_6",1.592131
"ME_M_6",1.592103
"ME_M_6",1.592133
"ME_M_6",1.592171
"ME_M_6",1.592257
"ME_M_6",1.592326
"ME_M_6",1.592305
"ME_M_6",1.592281
"ME_M_6",1.592253
"ME_M_6",1.592276
"ME_M_6",1.592289
"ME_M_6",1.59233
"ME_M_6",1.592365
"ME_M_6",1.592365
"ME_M_6",1.59234
"ME_M_6",1.592231
"ME_M_6",1.592117
"ME_M_6",1.592102
"ME_M_6",1.592032
"ME_M_6",1.591986
"ME_M_6",1.59189
"ME_M_6",1.591723
"ME_M_6",1.591499
"ME_M_6",1.591363
"ME_M_6",1.591447
"ME_M_6",1.591435
"ME_M_6",1.591362
"ME_M_6",1.591178
"ME_M_6",1.590959
"ME_M_6",1.590876
"ME_M_6",1.590828
"ME_M_6",1.590827
"ME_M_6",1.590912
"ME_M_6",1.590822
"ME_M_6",1.590814
"ME_M_6",1.590757
"ME_M_6",1.590754
"ME_M_6",1.590714
"ME_M_6",1.590555
"ME_M_6",1.590366
"ME_M_6",1.590249
"ME_M_6",1.590204
"ME_M_6",1.59049
"ME_M_6",1.59052
"ME_M_6",1.590459
"ME_M_6",1.590447
"ME_M_6",1.590506
"ME_M_6",1.590561
"ME_M_6",1.59074
"ME_M_6",1.590757
"ME_M_6",1.590818
"ME_M_6",1.590821
"ME_M_6",1.590975
"ME_M_6",1.591089
"ME_M_6",1.591121
"ME_M_6",1.59107
"ME_M_6",1.591016
"ME_M_6",1.59104
"ME_M_6",1.591094
"ME_M_6",1.591127
"ME_M_6",1.59111
"ME_M_6",1.591097
"ME_M_6",1.591096
"ME_M_6",1.591097
"ME_M_6",1.591131
"ME_M_6",1.591157
"ME_M_6",1.591202
"ME_M_6",1.591253
"ME_M_6",1.591273
"ME_M_6",1.591241
"ME_M_6",1.591231
"ME_M_6",1.591255
"ME_M_6",1.591354
"ME_M_6",1.591406
"ME_M_6",1.591439
"ME_M_6",1.591466
"ME_M_6",1.5914
"ME_M_6",1.591367
"ME_M_6",1.591347
"ME_M_6",1.591377
"ME_M_6",1.591425
"ME_M_6",1.591444
"ME_M_6",1.591432
"ME_M_6",1.591436
"ME_M_6",1.591423
"ME_M_6",1.591443
"ME_M_6",1.591484
"ME_M_6",1.59149
"ME_M_6",1.59146
"ME_M_6",1.59146
"ME_M_6",1.591469
"ME_M_6",1.591302
"ME_M_6",1.59133
"ME_M_6",1.591305
"ME_M_6",1.591266
"ME_M_6",1.591242
"ME_M_6",1.591246
"ME_M_6",1.591194
"ME_M_6",1.591129
"ME_M_6",1.591089
"ME_M_6",1.591217
"ME_M_6",1.591228
"ME_M_6",1.591231
"ME_M_6",1.591105
"ME_M_6",1.590941
"ME_M_6",1.590904
"ME_M_6",1.590873
"ME_M_6",1.590858
"ME_M_6",1.590784
"ME_M_6",1.590582
"ME_M_6",1.589363
"ME_M_6",1.589212
"ME_M_6",1.590038
"ME_M_6",1.589961
"ME_M_6",1.589479
"ME_M_6",1.58946
"ME_M_6",1.58944
"ME_M_6",1.589449
"ME_M_6",1.589539
"ME_M_6",1.589531
"ME_M_6",1.589688
"ME_M_6",1.589766
"ME_M_6",1.589918
"ME_M_6",1.590194
"ME_M_6",1.590464
"ME_M_6",1.590604
"ME_M_6",1.590654
"ME_M_6",1.590667
"ME_M_6",1.590557
"ME_M_6",1.590498
"ME_M_6",1.590451
"ME_M_6",1.590442
"ME_M_6",1.590511
"ME_M_6",1.590564
"ME_M_6",1.590586
"ME_M_6",1.590552
"ME_M_6",1.590527
"ME_M_6",1.59053
"ME_M_6",1.590604
"ME_M_6",1.59067
"ME_M_6",1.590826
"ME_M_6",1.590932
"ME_M_6",1.59102
"ME_M_6",1.591082
"ME_M_6",1.59104
"ME_M_6",1.591059
"ME_M_6",1.591059
"ME_M_6",1.591045
"ME_M_6",1.590961
"ME_M_6",1.59093
"ME_M_6",1.590922
"ME_M_6",1.590936
"ME_M_6",1.590963
"ME_M_6",1.590954
"ME_M_6",1.590937
"ME_M_6",1.590938
"ME_M_6",1.590922
"ME_M_6",1.590898
"ME_M_6",1.59087
"ME_M_6",1.590822
"ME_M_6",1.590778
"ME_M_6",1.590741
"ME_M_6",1.590725
"ME_M_6",1.590695
"ME_M_6",1.587787
"ME_M_6",1.587716
"ME_M_6",1.587649
"ME_M_6",1.587577
"ME_M_6",1.587561
"ME_M_6",1.587584
"ME_M_6",1.587663
"ME_M_6",1.587671
"ME_M_6",1.587663
"ME_M_6",1.587647
"ME_M_6",1.587635
"ME_M_6",1.587628
"ME_M_6",1.587568
"ME_M_6",1.5875
"ME_M_6",1.587431
"ME_M_6",1.58741
"ME_M_6",1.587482
"ME_M_6",1.587515
"ME_M_6",1.587501
"ME_M_6",1.587453
"ME_M_6",1.587379
"ME_M_6",1.587361
"ME_M_6",1.587389
"ME_M_6",1.587555
"ME_M_6",1.587629
"ME_M_6",1.587772
"ME_M_6",1.587696
"ME_M_6",1.58773
"ME_M_6",1.587761
"ME_M_6",1.587886
"ME_M_6",1.587885
"ME_M_6",1.587925
"ME_M_6",1.587861
"ME_M_6",1.587896
"ME_M_6",1.587904
"ME_M_6",1.587858
"ME_M_6",1.587892
"ME_M_6",1.587907
"ME_M_6",1.587929
"ME_M_6",1.58798
"ME_M_6",1.588021
"ME_M_6",1.588065
"ME_M_6",1.588073
"ME_M_6",1.588127
"ME_M_6",1.588164
"ME_M_6",1.588162
"ME_M_6",1.588156
"ME_M_6",1.588137
"ME_M_6",1.58817
"ME_M_6",1.588174
"ME_M_6",1.588219
"ME_M_6",1.588251
"ME_M_6",1.588296
"ME_M_6",1.588316
"ME_M_6",1.588325
"ME_M_6",1.588314
"ME_M_6",1.588296
"ME_M_6",1.588296
"ME_M_6",1.588292
"ME_M_6",1.588294
"ME_M_6",1.58829
"ME_M_6",1.588339
"ME_M_6",1.588318
"ME_M_6",1.588303
"ME_M_6",1.588279
"ME_M_6",1.588274
"ME_M_6",1.588251
"ME_M_6",1.588228
"ME_M_6",1.588248
"ME_M_6",1.588295
"ME_M_6",1.588342
"ME_M_6",1.588365
"ME_M_6",1.588378
"ME_M_6",1.588231
"ME_M_6",1.588295
"ME_M_6",1.588335
"ME_M_6",1.588327
"ME_M_6",1.588307
"ME_M_6",1.588291
"ME_M_6",1.58831
"ME_M_6",1.588333
"ME_M_6",1.58837
"ME_M_6",1.588398
"ME_M_6",1.5884
"ME_M_6",1.588367
"ME_M_6",1.588315
"ME_M_6",1.588251
"ME_M_6",1.588249
"ME_M_6",1.58824
"ME_M_6",1.588227
"ME_M_6",1.588201
"ME_M_6",1.588189
"ME_M_6",1.588195
"ME_M_6",1.588194
"ME_M_6",1.588161
"ME_M_6",1.588174
"ME_M_6",1.588191
"ME_M_6",1.588213
"ME_M_6",1.588217
"ME_M_6",1.58815
"ME_M_6",1.588088
"ME_M_6",1.588089
"ME_M_6",1.588022
"ME_M_6",1.587935
"ME_M_6",1.587829
"ME_M_6",1.58766
"ME_M_6",1.587422
"ME_M_6",1.587392
"ME_M_6",1.587323
"ME_M_6",1.587398
"ME_M_6",1.587419
"ME_M_6",1.587392
"ME_M_6",1.587329
"ME_M_6",1.587374
"ME_M_6",1.587443
"ME_M_6",1.587559
"ME_M_6",1.587594
"ME_M_6",1.587679
"ME_M_6",1.587861
"ME_M_6",1.588002
"ME_M_6",1.588165
"ME_M_6",1.588266
"ME_M_6",1.588348
"ME_M_6",1.588343
"ME_M_6",1.588255
"ME_M_6",1.588149
"ME_M_6",1.588139
"ME_M_6",1.588154
"ME_M_6",1.588152
"ME_M_6",1.588196
"ME_M_6",1.588264
"ME_M_6",1.588346
"ME_M_6",1.588369
"ME_M_6",1.588375
"ME_M_6",1.588428
"ME_M_6",1.58857
"ME_M_6",1.588678
"ME_M_6",1.588738
"ME_M_6",1.588788
"ME_M_6",1.588822
"ME_M_6",1.588831
"ME_M_6",1.588839
"ME_M_6",1.588814
"ME_M_6",1.588757
"ME_M_6",1.588726
"ME_M_6",1.588682
"ME_M_6",1.588595
"ME_M_6",1.588542
"ME_M_6",1.588482
"ME_M_6",1.588473
"ME_M_6",1.588491
"ME_M_6",1.588516
"ME_M_6",1.588539
"ME_M_6",1.588529
"ME_M_6",1.588506
"ME_M_6",1.588457
"ME_M_6",1.588425
"ME_M_6",1.588403
"ME_M_6",1.588371
"ME_M_6",1.588354
"ME_M_6",1.588347
"ME_M_6",1.588312
"ME_M_6",1.588271
"ME_M_6",1.588174
"ME_M_6",1.588135
"ME_M_6",1.588103
"ME_M_6",1.58817
"ME_M_6",1.588207
"ME_M_6",1.58813
"ME_M_6",1.587994
"ME_M_6",1.587922
"ME_M_6",1.587852
"ME_M_6",1.587798
"ME_M_6",1.587745
"ME_M_6",1.587722
"ME_M_6",1.587698
"ME_M_6",1.587711
"ME_M_6",1.587677
"ME_M_6",1.587659
"ME_M_6",1.587343
"ME_M_6",1.586825
"ME_M_6",1.587256
"ME_M_6",1.586679
"ME_M_6",1.586856
"ME_M_6",1.586771
"ME_M_6",1.586623
"ME_M_6",1.586566
"ME_M_6",1.586722
"ME_M_6",1.586846
"ME_M_6",1.586823
"ME_M_6",1.586801
"ME_M_6",1.586902
"ME_M_6",1.587074
"ME_M_6",1.587171
"ME_M_6",1.587204
"ME_M_6",1.587132
"ME_M_6",1.587186
"ME_M_6",1.587216
"ME_M_6",1.587175
"ME_M_6",1.587006
"ME_M_6",1.586928
"ME_M_6",1.586889
"ME_M_6",1.586889
"ME_M_6",1.586902
"ME_M_6",1.58695
"ME_M_6",1.586966
"ME_M_6",1.586999
"ME_M_6",1.587048
"ME_M_6",1.58709
"ME_M_6",1.587111
"ME_M_6",1.587134
"ME_M_6",1.587232
"ME_M_6",1.587317
"ME_M_6",1.58737
"ME_M_6",1.587378
"ME_M_6",1.587413
"ME_M_6",1.587475
"ME_M_6",1.587492
"ME_M_6",1.587482
"ME_M_7",1.65263
"ME_M_7",1.652637
"ME_M_7",1.652693
"ME_M_7",1.652736
"ME_M_7",1.652811
"ME_M_7",1.652845
"ME_M_7",1.652923
"ME_M_7",1.65298
"ME_M_7",1.653044
"ME_M_7",1.653113
"ME_M_7",1.653153
"ME_M_7",1.653176
"ME_M_7",1.653024
"ME_M_7",1.652972
"ME_M_7",1.652812
"ME_M_7",1.652573
"ME_M_7",1.652435
"ME_M_7",1.652438
"ME_M_7",1.652423
"ME_M_7",1.652199
"ME_M_7",1.651898
"ME_M_7",1.651622
"ME_M_7",1.65145
"ME_M_7",1.651251
"ME_M_7",1.650859
"ME_M_7",1.649802
"ME_M_7",1.649658
"ME_M_7",1.649049
"ME_M_7",1.648715
"ME_M_7",1.648237
"ME_M_7",1.6479
"ME_M_7",1.64755
"ME_M_7",1.647227
"ME_M_7",1.646778
"ME_M_7",1.646427
"ME_M_7",1.646227
"ME_M_7",1.646169
"ME_M_7",1.646008
"ME_M_7",1.645867
"ME_M_7",1.645836
"ME_M_7",1.645779
"ME_M_7",1.645195
"ME_M_7",1.644899
"ME_M_7",1.644734
"ME_M_7",1.644692
"ME_M_7",1.644795
"ME_M_7",1.644769
"ME_M_7",1.644642
"ME_M_7",1.644094
"ME_M_7",1.643624
"ME_M_7",1.643476
"ME_M_7",1.643612
"ME_M_7",1.643917
"ME_M_7",1.643619
"ME_M_7",1.643835
"ME_M_7",1.64406
"ME_M_7",1.644297
"ME_M_7",1.644572
"ME_M_7",1.64487
"ME_M_7",1.645109
"ME_M_7",1.645388
"ME_M_7",1.645647
"ME_M_7",1.645855
"ME_M_7",1.645997
"ME_M_7",1.646043
"ME_M_7",1.646217
"ME_M_7",1.646496
"ME_M_7",1.646748
"ME_M_7",1.647041
"ME_M_7",1.647218
"ME_M_7",1.64732
"ME_M_7",1.647428
"ME_M_7",1.647639
"ME_M_7",1.65344
"ME_M_7",1.653508
"ME_M_7",1.653588
"ME_M_7",1.653669
"ME_M_7",1.653895
"ME_M_7",1.654026
"ME_M_7",1.654175
"ME_M_7",1.654302
"ME_M_7",1.654371
"ME_M_7",1.654428
"ME_M_7",1.654465
"ME_M_7",1.654449
"ME_M_7",1.654426
"ME_M_7",1.654344
"ME_M_7",1.654262
"ME_M_7",1.654202
"ME_M_7",1.65402
"ME_M_7",1.653859
"ME_M_7",1.653584
"ME_M_7",1.652894
"ME_M_7",1.65285
"ME_M_7",1.652684
"ME_M_7",1.652378
"ME_M_7",1.65211
"ME_M_7",1.651967
"ME_M_7",1.651749
"ME_M_7",1.651469
"ME_M_7",1.651227
"ME_M_7",1.651005
"ME_M_7",1.650728
"ME_M_7",1.650419
"ME_M_7",1.650203
"ME_M_7",1.649943
"ME_M_7",1.649608
"ME_M_7",1.649254
"ME_M_7",1.64891
"ME_M_7",1.648484
"ME_M_7",1.648091
"ME_M_7",1.647681
"ME_M_7",1.647209
"ME_M_7",1.646572
"ME_M_7",1.64607
"ME_M_7",1.645712
"ME_M_7",1.645506
"ME_M_7",1.645638
"ME_M_7",1.645418
"ME_M_7",1.644887
"ME_M_7",1.644443
"ME_M_7",1.643847
"ME_M_7",1.643542
"ME_M_7",1.643374
"ME_M_7",1.643217
"ME_M_7",1.642855
"ME_M_7",1.642483
"ME_M_7",1.642007
"ME_M_7",1.64144
"ME_M_7",1.641256
"ME_M_7",1.641085
"ME_M_7",1.64091
"ME_M_7",1.640717
"ME_M_7",1.640399
"ME_M_7",1.640035
"ME_M_7",1.639715
"ME_M_7",1.639623
"ME_M_7",1.639606
"ME_M_7",1.639495
"ME_M_7",1.639398
"ME_M_7",1.639305
"ME_M_7",1.639374
"ME_M_7",1.639104
"ME_M_7",1.639186
"ME_M_7",1.639145
"ME_M_7",1.639185
"ME_M_7",1.656966
"ME_M_7",1.657125
"ME_M_7",1.657282
"ME_M_7",1.657398
"ME_M_7",1.657443
"ME_M_7",1.65749
"ME_M_7",1.657737
"ME_M_7",1.657744
"ME_M_7",1.657745
"ME_M_7",1.657697
"ME_M_7",1.657593
"ME_M_7",1.657524
"ME_M_7",1.657414
"ME_M_7",1.657292
"ME_M_7",1.657151
"ME_M_7",1.657048
"ME_M_7",1.656925
"ME_M_7",1.656794
"ME_M_7",1.656622
"ME_M_7",1.656465
"ME_M_7",1.656267
"ME_M_7",1.656105
"ME_M_7",1.655996
"ME_M_7",1.655875
"ME_M_7",1.655674
"ME_M_7",1.655489
"ME_M_7",1.655275
"ME_M_7",1.655002
"ME_M_7",1.654745
"ME_M_7",1.654542
"ME_M_7",1.654205
"ME_M_7",1.65382
"ME_M_7",1.653185
"ME_M_7",1.652587
"ME_M_7",1.652264
"ME_M_7",1.651766
"ME_M_7",1.65134
"ME_M_7",1.650814
"ME_M_7",1.650329
"ME_M_7",1.649899
"ME_M_7",1.649385
"ME_M_7",1.648768
"ME_M_7",1.648172
"ME_M_7",1.647628
"ME_M_7",1.647246
"ME_M_7",1.646805
"ME_M_7",1.646054
"ME_M_7",1.645012
"ME_M_7",1.644149
"ME_M_7",1.643382
"ME_M_7",1.642805
"ME_M_7",1.642133
"ME_M_7",1.641388
"ME_M_7",1.640663
"ME_M_7",1.639938
"ME_M_7",1.638899
"ME_M_7",1.63761
"ME_M_7",1.6365
"ME_M_7",1.635928
"ME_M_7",1.635745
"ME_M_7",1.635499
"ME_M_7",1.634975
"ME_M_7",1.634104
"ME_M_7",1.633444
"ME_M_7",1.632897
"ME_M_7",1.632546
"ME_M_7",1.632317
"ME_M_7",1.632027
"ME_M_7",1.631767
"ME_M_7",1.631167
"ME_M_7",1.630975
"ME_M_7",1.63081
"ME_M_7",1.682385
"ME_M_7",1.682468
"ME_M_7",1.682547
"ME_M_7",1.682628
"ME_M_7",1.682735
"ME_M_7",1.682805
"ME_M_7",1.68291
"ME_M_7",1.682988
"ME_M_7",1.68307
"ME_M_7",1.683195
"ME_M_7",1.683311
"ME_M_7",1.683429
"ME_M_7",1.683525
"ME_M_7",1.68351
"ME_M_7",1.683573
"ME_M_7",1.683456
"ME_M_7",1.683212
"ME_M_7",1.683246
"ME_M_7",1.683321
"ME_M_7",1.683377
"ME_M_7",1.683515
"ME_M_7",1.683567
"ME_M_7",1.683543
"ME_M_7",1.683448
"ME_M_7",1.683203
"ME_M_7",1.683133
"ME_M_7",1.683143
"ME_M_7",1.683188
"ME_M_7",1.683116
"ME_M_7",1.682958
"ME_M_7",1.682895
"ME_M_7",1.682759
"ME_M_7",1.682593
"ME_M_7",1.682597
"ME_M_7",1.682072
"ME_M_7",1.68184
"ME_M_7",1.681951
"ME_M_7",1.68182
"ME_M_7",1.681765
"ME_M_7",1.681744
"ME_M_7",1.681831
"ME_M_7",1.681817
"ME_M_7",1.681838
"ME_M_7",1.681899
"ME_M_7",1.681995
"ME_M_7",1.682057
"ME_M_7",1.682076
"ME_M_7",1.682059
"ME_M_7",1.682044
"ME_M_7",1.682008
"ME_M_7",1.682015
"ME_M_7",1.682013
"ME_M_7",1.682041
"ME_M_7",1.682028
"ME_M_7",1.68201
"ME_M_7",1.681948
"ME_M_7",1.681942
"ME_M_7",1.68193
"ME_M_7",1.681938
"ME_M_7",1.681955
"ME_M_7",1.681937
"ME_M_7",1.681937
"ME_M_7",1.681916
"ME_M_7",1.681896
"ME_M_7",1.68192
"ME_M_7",1.681983
"ME_M_7",1.682066
"ME_M_7",1.682108
"ME_M_7",1.682158
"ME_M_7",1.682229
"ME_M_7",1.682267
"ME_M_7",1.682305
"ME_M_7",1.682312
"ME_M_7",1.683707
"ME_M_7",1.683626
"ME_M_7",1.68355
"ME_M_7",1.683442
"ME_M_7",1.683332
"ME_M_7",1.683065
"ME_M_7",1.682865
"ME_M_7",1.682703
"ME_M_7",1.682543
"ME_M_7",1.682393
"ME_M_7",1.682195
"ME_M_7",1.682109
"ME_M_7",1.68208
"ME_M_7",1.682167
"ME_M_7",1.682193
"ME_M_7",1.681868
"ME_M_7",1.681952
"ME_M_7",1.682046
"ME_M_7",1.682059
"ME_M_7",1.682034
"ME_M_7",1.681978
"ME_M_7",1.681858
"ME_M_7",1.681826
"ME_M_7",1.681972
"ME_M_7",1.682132
"ME_M_7",1.682468
"ME_M_7",1.68248
"ME_M_7",1.682432
"ME_M_7",1.682211
"ME_M_7",1.682215
"ME_M_7",1.68229
"ME_M_7",1.682352
"ME_M_7",1.682418
"ME_M_7",1.682298
"ME_M_7",1.682248
"ME_M_7",1.682202
"ME_M_7",1.6822
"ME_M_7",1.682328
"ME_M_7",1.682405
"ME_M_7",1.682528
"ME_M_7",1.682667
"ME_M_7",1.68271
"ME_M_7",1.68276
"ME_M_7",1.682841
"ME_M_7",1.682903
"ME_M_7",1.682984
"ME_M_7",1.683012
"ME_M_7",1.683009
"ME_M_7",1.683032
"ME_M_7",1.683086
"ME_M_7",1.683116
"ME_M_7",1.683138
"ME_M_7",1.683142
"ME_M_7",1.683082
"ME_M_7",1.683033
"ME_M_7",1.682983
"ME_M_7",1.682909
"ME_M_7",1.682875
"ME_M_7",1.682868
"ME_M_7",1.682879
"ME_M_7",1.682901
"ME_M_7",1.682939
"ME_M_7",1.682948
"ME_M_7",1.682964
"ME_M_7",1.682976
"ME_M_7",1.683019
"ME_M_7",1.683042
"ME_M_7",1.683089
"ME_M_7",1.683144
"ME_M_7",1.683184
"ME_M_7",1.683217
"ME_M_7",1.683254
"ME_M_7",1.683274
"ME_M_7",1.683328
"ME_M_7",1.683211
"ME_M_7",1.683162
"ME_M_7",1.683148
"ME_M_7",1.683086
"ME_M_7",1.682937
"ME_M_7",1.682793
"ME_M_7",1.682658
"ME_M_7",1.682561
"ME_M_7",1.682496
"ME_M_7",1.682312
"ME_M_7",1.682159
"ME_M_7",1.682038
"ME_M_7",1.682105
"ME_M_7",1.682198
"ME_M_7",1.682504
"ME_M_7",1.682795
"ME_M_7",1.6828
"ME_M_7",1.682657
"ME_M_7",1.682572
"ME_M_7",1.682401
"ME_M_7",1.682458
"ME_M_7",1.682529
"ME_M_7",1.682625
"ME_M_7",1.682877
"ME_M_7",1.682905
"ME_M_7",1.682733
"ME_M_7",1.682486
"ME_M_7",1.682277
"ME_M_7",1.682534
"ME_M_7",1.682537
"ME_M_7",1.682608
"ME_M_7",1.682624
"ME_M_7",1.682588
"ME_M_7",1.682634
"ME_M_7",1.682695
"ME_M_7",1.682795
"ME_M_7",1.682873
"ME_M_7",1.682885
"ME_M_7",1.682851
"ME_M_7",1.682817
"ME_M_7",1.682782
"ME_M_7",1.682801
"ME_M_7",1.682832
"ME_M_7",1.682881
"ME_M_7",1.682886
"ME_M_7",1.682904
"ME_M_7",1.682913
"ME_M_7",1.682876
"ME_M_7",1.682831
"ME_M_7",1.682798
"ME_M_7",1.682735
"ME_M_7",1.682676
"ME_M_7",1.682636
"ME_M_7",1.682654
"ME_M_7",1.682679
"ME_M_7",1.682756
"ME_M_7",1.682836
"ME_M_7",1.682861
"ME_M_7",1.682918
"ME_M_7",1.682959
"ME_M_7",1.68304
"ME_M_7",1.683085
"ME_M_7",1.683167
"ME_M_7",1.683263
"ME_M_7",1.683416
"ME_M_7",1.683474
"ME_M_7",1.683497
"ME_M_7",1.683479
"ME_M_7",1.683418
"ME_M_7",1.683406
"ME_M_7",1.683379
"ME_M_7",1.683326
"ME_M_7",1.683087
"ME_M_7",1.682993
"ME_M_7",1.682808
"ME_M_7",1.682684
"ME_M_7",1.682419
"ME_M_7",1.682194
"ME_M_7",1.682057
"ME_M_7",1.682053
"ME_M_7",1.681922
"ME_M_7",1.68181
"ME_M_7",1.681761
"ME_M_7",1.68164
"ME_M_7",1.681547
"ME_M_7",1.681458
"ME_M_7",1.681324
"ME_M_7",1.681312
"ME_M_7",1.68122
"ME_M_7",1.681012
"ME_M_7",1.680713
"ME_M_7",1.680033
"ME_M_7",1.679885
"ME_M_7",1.679573
"ME_M_7",1.679301
"ME_M_7",1.678684
"ME_M_7",1.678386
"ME_M_7",1.678264
"ME_M_7",1.677968
"ME_M_7",1.67744
"ME_M_7",1.676933
"ME_M_7",1.676826
"ME_M_7",1.676892
"ME_M_7",1.677264
"ME_M_7",1.677366
"ME_M_7",1.676707
"ME_M_7",1.676534
"ME_M_7",1.676799
"ME_M_7",1.67635
"ME_M_7",1.676432
"ME_M_7",1.676328
"ME_M_7",1.6763
"ME_M_7",1.676289
"ME_M_7",1.676262
"ME_M_7",1.676097
"ME_M_7",1.675894
"ME_M_7",1.675732
"ME_M_7",1.67553
"ME_M_7",1.675458
"ME_M_7",1.675474
"ME_M_7",1.675558
"ME_M_7",1.675682
"ME_M_7",1.675694
"ME_M_7",1.675708
"ME_M_7",1.675711
"ME_M_7",1.675753
"ME_M_7",1.675752
"ME_M_7",1.675795
"ME_M_7",1.67585
"ME_M_7",1.675885
"ME_M_7",1.67591
"ME_M_7",1.675936
"ME_M_7",1.675946
"ME_M_7",1.675908
"ME_M_7",1.675877
"ME_M_7",1.675787
"ME_M_7",1.675701
"ME_M_7",1.675592
"ME_M_7",1.675509
"ME_M_7",1.675427
"ME_M_7",1.675329
"ME_M_7",1.675283
"ME_M_7",1.675268
"ME_M_7",1.675255
"ME_M_7",1.675284
"ME_M_7",1.681533
"ME_M_7",1.681346
"ME_M_7",1.681153
"ME_M_7",1.680944
"ME_M_7",1.680692
"ME_M_7",1.68038
"ME_M_7",1.67994
"ME_M_7",1.679561
"ME_M_7",1.679123
"ME_M_7",1.678861
"ME_M_7",1.679016
"ME_M_7",1.679082
"ME_M_7",1.679115
"ME_M_7",1.679053
"ME_M_7",1.679006
"ME_M_7",1.678876
"ME_M_7",1.678558
"ME_M_7",1.678325
"ME_M_7",1.678343
"ME_M_7",1.678257
"ME_M_7",1.678039
"ME_M_7",1.677759
"ME_M_7",1.677441
"ME_M_7",1.677114
"ME_M_7",1.676801
"ME_M_7",1.676712
"ME_M_7",1.676711
"ME_M_7",1.676577
"ME_M_7",1.676495
"ME_M_7",1.6764
"ME_M_7",1.676216
"ME_M_7",1.676144
"ME_M_7",1.67616
"ME_M_7",1.675927
"ME_M_7",1.676035
"ME_M_7",1.676088
"ME_M_7",1.676196
"ME_M_7",1.676343
"ME_M_7",1.676462
"ME_M_7",1.676575
"ME_M_7",1.676645
"ME_M_7",1.676624
"ME_M_7",1.6765
"ME_M_7",1.676447
"ME_M_7",1.676354
"ME_M_7",1.676261
"ME_M_7",1.676113
"ME_M_7",1.676034
"ME_M_7",1.675928
"ME_M_7",1.675883
"ME_M_7",1.675845
"ME_M_7",1.675818
"ME_M_7",1.675786
"ME_M_7",1.675773
"ME_M_7",1.675845
"ME_M_7",1.676062
"ME_M_7",1.676217
"ME_M_7",1.676346
"ME_M_7",1.676362
"ME_M_7",1.676408
"ME_M_7",1.676456
"ME_M_7",1.676539
"ME_M_7",1.676602
"ME_M_7",1.676681
"ME_M_7",1.676721
"ME_M_7",1.676746
"ME_M_7",1.676738
"ME_M_7",1.676758
"ME_M_7",1.676802
"ME_M_7",1.676864
"ME_M_7",1.676883
"ME_M_7",1.67688
"ME_M_7",1.676926
"ME_M_7",1.685871
"ME_M_7",1.685883
"ME_M_7",1.685922
"ME_M_7",1.685973
"ME_M_7",1.686005
"ME_M_7",1.685957
"ME_M_7",1.685878
"ME_M_7",1.685873
"ME_M_7",1.685865
"ME_M_7",1.685835
"ME_M_7",1.685818
"ME_M_7",1.685795
"ME_M_7",1.685772
"ME_M_7",1.685231
"ME_M_7",1.68475
"ME_M_7",1.684541
"ME_M_7",1.684329
"ME_M_7",1.683718
"ME_M_7",1.683272
"ME_M_7",1.682703
"ME_M_7",1.682183
"ME_M_7",1.681764
"ME_M_7",1.681296
"ME_M_7",1.680809
"ME_M_7",1.680298
"ME_M_7",1.680184
"ME_M_7",1.679906
"ME_M_7",1.679759
"ME_M_7",1.679461
"ME_M_7",1.679184
"ME_M_7",1.678588
"ME_M_7",1.678177
"ME_M_7",1.677889
"ME_M_7",1.678166
"ME_M_7",1.678115
"ME_M_7",1.677728
"ME_M_7",1.676883
"ME_M_7",1.67609
"ME_M_7",1.676042
"ME_M_7",1.676234
"ME_M_7",1.676113
"ME_M_7",1.675697
"ME_M_7",1.675392
"ME_M_7",1.675211
"ME_M_7",1.675226
"ME_M_7",1.675145
"ME_M_7",1.675136
"ME_M_7",1.675071
"ME_M_7",1.674806
"ME_M_7",1.67493
"ME_M_7",1.674967
"ME_M_7",1.675096
"ME_M_7",1.675202
"ME_M_7",1.675324
"ME_M_7",1.675427
"ME_M_7",1.675498
"ME_M_7",1.675558
"ME_M_7",1.675583
"ME_M_7",1.675634
"ME_M_7",1.675671
"ME_M_7",1.675708
"ME_M_7",1.675757
"ME_M_7",1.675797
"ME_M_7",1.675819
"ME_M_7",1.675875
"ME_M_7",1.675923
"ME_M_7",1.675977
"ME_M_7",1.676059
"ME_M_7",1.676134
"ME_M_7",1.6762
"ME_M_7",1.676301
"ME_M_7",1.676419
"ME_M_7",1.676515
"ME_M_7",1.673677
"ME_M_7",1.673743
"ME_M_7",1.673747
"ME_M_7",1.673708
"ME_M_7",1.673694
"ME_M_7",1.673664
"ME_M_7",1.673661
"ME_M_7",1.673662
"ME_M_7",1.673678
"ME_M_7",1.673715
"ME_M_7",1.673789
"ME_M_7",1.67386
"ME_M_7",1.673874
"ME_M_7",1.673848
"ME_M_7",1.673836
"ME_M_7",1.673854
"ME_M_7",1.673892
"ME_M_7",1.673938
"ME_M_7",1.674012
"ME_M_7",1.674062
"ME_M_7",1.674112
"ME_M_7",1.674222
"ME_M_7",1.674596
"ME_M_7",1.674793
"ME_M_7",1.674918
"ME_M_7",1.674995
"ME_M_7",1.675005
"ME_M_7",1.674203
"ME_M_7",1.674945
"ME_M_7",1.674321
"ME_M_7",1.674128
"ME_M_7",1.674027
"ME_M_7",1.673963
"ME_M_7",1.674003
"ME_M_7",1.674123
"ME_M_7",1.674283
"ME_M_7",1.674302
"ME_M_7",1.674054
"ME_M_7",1.673797
"ME_M_7",1.673636
"ME_M_7",1.673716
"ME_M_7",1.67395
"ME_M_7",1.674076
"ME_M_7",1.674102
"ME_M_7",1.674151
"ME_M_7",1.674262
"ME_M_7",1.674249
"ME_M_7",1.674181
"ME_M_7",1.674184
"ME_M_7",1.6742
"ME_M_7",1.674124
"ME_M_7",1.673988
"ME_M_7",1.673852
"ME_M_7",1.673831
"ME_M_7",1.673869
"ME_M_7",1.674107
"ME_M_7",1.674258
"ME_M_7",1.674397
"ME_M_7",1.674544
"ME_M_7",1.674701
"ME_M_7",1.674782
"ME_M_7",1.674776
"ME_M_7",1.674796
"ME_M_7",1.674823
"ME_M_7",1.674816
"ME_M_7",1.674813
"ME_M_7",1.674784
"ME_M_7",1.674768
"ME_M_7",1.674771
"ME_M_7",1.674772
"ME_M_7",1.674783
"ME_M_7",1.674781
"ME_M_7",1.674746
"ME_M_7",1.674576
"ME_M_7",1.674545
"ME_M_7",1.67451
"ME_M_7",1.674489
"ME_M_7",1.674471
"ME_M_7",1.674537
"ME_M_7",1.674694
"ME_M_7",1.674804
"ME_M_7",1.674862
"ME_M_7",1.674918
"ME_M_7",1.674968
"ME_M_7",1.675048
"ME_M_7",1.675113
"ME_M_7",1.675168
"ME_M_7",1.675234
"ME_M_7",1.675234
"ME_M_7",1.675204
"ME_M_7",1.675093
"ME_M_7",1.674971
"ME_M_7",1.674851
"ME_M_7",1.674807
"ME_M_7",1.674976
"ME_M_7",1.675188
"ME_M_7",1.675398
"ME_M_7",1.675439
"ME_M_7",1.675309
"ME_M_7",1.67533
"ME_M_7",1.675467
"ME_M_7",1.675592
"ME_M_7",1.675654
"ME_M_7",1.675632
"ME_M_7",1.675511
"ME_M_7",1.675386
"ME_M_7",1.675313
"ME_M_7",1.675316
"ME_M_7",1.67534
"ME_M_7",1.675379
"ME_M_7",1.675354
"ME_M_7",1.675262
"ME_M_7",1.675159
"ME_M_7",1.67511
"ME_M_7",1.675125
"ME_M_7",1.675128
"ME_M_7",1.675147
"ME_M_7",1.675158
"ME_M_7",1.675218
"ME_M_7",1.675266
"ME_M_7",1.675318
"ME_M_7",1.675297
"ME_M_7",1.675279
"ME_M_7",1.675277
"ME_M_7",1.675277
"ME_M_7",1.675253
"ME_M_7",1.675284
"ME_M_7",1.675301
"ME_M_7",1.675375
"ME_M_7",1.675386
"ME_M_7",1.675343
"ME_M_7",1.675307
"ME_M_7",1.675274
"ME_M_7",1.675282
"ME_M_7",1.675352
"ME_M_7",1.675389
"ME_M_7",1.675445
"ME_M_7",1.675537
"ME_M_7",1.675698
"ME_M_7",1.675892
"ME_M_7",1.676057
"ME_M_7",1.676191
"ME_M_7",1.676268
"ME_M_7",1.676346
"ME_M_7",1.676382
"ME_M_7",1.676357
"ME_M_7",1.676057
"ME_M_7",1.676103
"ME_M_7",1.676106
"ME_M_7",1.6761
"ME_M_7",1.67607
"ME_M_7",1.67608
"ME_M_7",1.67609
"ME_M_7",1.676108
"ME_M_7",1.676079
"ME_M_7",1.675995
"ME_M_7",1.67586
"ME_M_7",1.675716
"ME_M_7",1.675497
"ME_M_7",1.675434
"ME_M_7",1.675355
"ME_M_7",1.675266
"ME_M_7",1.675246
"ME_M_7",1.675239
"ME_M_7",1.675325
"ME_M_7",1.675419
"ME_M_7",1.675396
"ME_M_7",1.675348
"ME_M_7",1.675355
"ME_M_7",1.675544
"ME_M_7",1.675943
"ME_M_7",1.676036
"ME_M_7",1.675987
"ME_M_7",1.675721
"ME_M_7",1.675558
"ME_M_7",1.675449
"ME_M_7",1.6754
"ME_M_7",1.675397
"ME_M_7",1.675609
"ME_M_7",1.675703
"ME_M_7",1.675674
"ME_M_7",1.675277
"ME_M_7",1.674729
"ME_M_7",1.674611
"ME_M_7",1.674683
"ME_M_7",1.674793
"ME_M_7",1.674895
"ME_M_7",1.67485
"ME_M_7",1.674864
"ME_M_7",1.67498
"ME_M_7",1.675158
"ME_M_7",1.675323
"ME_M_7",1.67546
"ME_M_7",1.675521
"ME_M_7",1.675573
"ME_M_7",1.675564
"ME_M_7",1.675539
"ME_M_7",1.675561
"ME_M_7",1.67562
"ME_M_7",1.675721
"ME_M_7",1.675797
"ME_M_7",1.675847
"ME_M_7",1.675849
"ME_M_7",1.675867
"ME_M_7",1.675897
"ME_M_7",1.675908
"ME_M_7",1.675926
"ME_M_7",1.675969
"ME_M_7",1.676026
"ME_M_7",1.676104
"ME_M_7",1.676133
"ME_M_7",1.676153
"ME_M_7",1.676117
"ME_M_7",1.676094
"ME_M_7",1.676057
"ME_M_7",1.676016
"ME_M_7",1.67599
"ME_M_7",1.675976
"ME_M_7",1.676015
"ME_F_2",1.627062
"ME_F_2",1.627132
"ME_F_2",1.627154
"ME_F_2",1.627221
"ME_F_2",1.627312
"ME_F_2",1.627399
"ME_F_2",1.627531
"ME_F_2",1.627635
"ME_F_2",1.627657
"ME_F_2",1.627633
"ME_F_2",1.627438
"ME_F_2",1.62727
"ME_F_2",1.627083
"ME_F_2",1.626938
"ME_F_2",1.626843
"ME_F_2",1.626823
"ME_F_2",1.626774
"ME_F_2",1.626813
"ME_F_2",1.626859
"ME_F_2",1.626954
"ME_F_2",1.626995
"ME_F_2",1.62711
"ME_F_2",1.627248
"ME_F_2",1.627329
"ME_F_2",1.627384
"ME_F_2",1.627362
"ME_F_2",1.627307
"ME_F_2",1.627153
"ME_F_2",1.627025
"ME_F_2",1.627019
"ME_F_2",1.627046
"ME_F_2",1.62712
"ME_F_2",1.627183
"ME_F_2",1.627253
"ME_F_2",1.627289
"ME_F_2",1.627371
"ME_F_2",1.627408
"ME_F_2",1.627535
"ME_F_2",1.62756
"ME_F_2",1.627467
"ME_F_2",1.627424
"ME_F_2",1.627397
"ME_F_2",1.62735
"ME_F_2",1.627288
"ME_F_2",1.627164
"ME_F_2",1.62702
"ME_F_2",1.626902
"ME_F_2",1.626945
"ME_F_2",1.626964
"ME_F_2",1.626927
"ME_F_2",1.626886
"ME_F_2",1.626863
"ME_F_2",1.626922
"ME_F_2",1.626938
"ME_F_2",1.626933
"ME_F_2",1.62691
"ME_F_2",1.626854
"ME_F_2",1.626856
"ME_F_2",1.626763
"ME_F_2",1.62668
"ME_F_2",1.626596
"ME_F_2",1.62653
"ME_F_2",1.626518
"ME_F_2",1.626557
"ME_F_2",1.626524
"ME_F_2",1.626515
"ME_F_2",1.626512
"ME_F_2",1.626598
"ME_F_2",1.626649
"ME_F_2",1.626639
"ME_F_2",1.62664
"ME_F_2",1.626588
"ME_F_2",1.6268
"ME_F_2",1.626855
"ME_F_2",1.626894
"ME_F_2",1.626944
"ME_F_2",1.626994
"ME_F_2",1.627057
"ME_F_2",1.627141
"ME_F_2",1.627179
"ME_F_2",1.627213
"ME_F_2",1.627249
"ME_F_2",1.627258
"ME_F_2",1.627288
"ME_F_2",1.627323
"ME_F_2",1.627364
"ME_F_2",1.627411
"ME_F_2",1.627445
"ME_F_2",1.627514
"ME_F_2",1.627557
"ME_F_2",1.627597
"ME_F_2",1.627602
"ME_F_2",1.627612
"ME_F_2",1.627596
"ME_F_2",1.627555
"ME_F_2",1.627543
"ME_F_2",1.62752
"ME_F_2",1.627507
"ME_F_2",1.627508
"ME_F_2",1.627491
"ME_F_2",1.627489
"ME_F_2",1.627476
"ME_F_2",1.627479
"ME_F_2",1.62749
"ME_F_2",1.627462
"ME_F_2",1.627434
"ME_F_2",1.627392
"ME_F_2",1.627365
"ME_F_2",1.627325
"ME_F_2",1.627313
"ME_F_2",1.627331
"ME_F_2",1.627336
"ME_F_2",1.627368
"ME_F_2",1.627378
"ME_F_2",1.627404
"ME_F_2",1.627437
"ME_F_2",1.627479
"ME_F_2",1.627518
"ME_F_2",1.627544
"ME_F_2",1.627512
"ME_F_2",1.627399
"ME_F_2",1.627228
"ME_F_2",1.62709
"ME_F_2",1.627061
"ME_F_2",1.627132
"ME_F_2",1.627075
"ME_F_2",1.627038
"ME_F_2",1.627011
"ME_F_2",1.627065
"ME_F_2",1.627062
"ME_F_2",1.627101
"ME_F_2",1.62717
"ME_F_2",1.627278
"ME_F_2",1.627368
"ME_F_2",1.627446
"ME_F_2",1.6275
"ME_F_2",1.627569
"ME_F_2",1.62764
"ME_F_2",1.627615
"ME_F_2",1.627595
"ME_F_2",1.62753
"ME_F_2",1.627489
"ME_F_2",1.627396
"ME_F_2",1.62735
"ME_F_2",1.627384
"ME_F_2",1.628328
"ME_F_2",1.628335
"ME_F_2",1.628327
"ME_F_2",1.628265
"ME_F_2",1.628206
"ME_F_2",1.628135
"ME_F_2",1.628115
"ME_F_2",1.628077
"ME_F_2",1.628041
"ME_F_2",1.627998
"ME_F_2",1.627969
"ME_F_2",1.627931
"ME_F_2",1.627893
"ME_F_2",1.627831
"ME_F_2",1.627782
"ME_F_2",1.627813
"ME_F_2",1.627795
"ME_F_2",1.627795
"ME_F_2",1.627766
"ME_F_2",1.627776
"ME_F_2",1.627782
"ME_F_2",1.627801
"ME_F_2",1.62779
"ME_F_2",1.627686
"ME_F_2",1.627673
"ME_F_2",1.627681
"ME_F_2",1.627699
"ME_F_2",1.627634
"ME_F_2",1.627572
"ME_F_2",1.627636
"ME_F_2",1.627705
"ME_F_2",1.627723
"ME_F_2",1.627692
"ME_F_2",1.627645
"ME_F_2",1.627642
"ME_F_2",1.627672
"ME_F_2",1.627641
"ME_F_2",1.627612
"ME_F_2",1.627599
"ME_F_2",1.62756
"ME_F_2",1.627494
"ME_F_2",1.627371
"ME_F_2",1.627233
"ME_F_2",1.627109
"ME_F_2",1.627092
"ME_F_2",1.627145
"ME_F_2",1.627173
"ME_F_2",1.627156
"ME_F_2",1.627126
"ME_F_2",1.626941
"ME_F_2",1.626839
"ME_F_2",1.626802
"ME_F_2",1.626816
"ME_F_2",1.626827
"ME_F_2",1.626811
"ME_F_2",1.626761
"ME_F_2",1.626718
"ME_F_2",1.626667
"ME_F_2",1.626656
"ME_F_2",1.626647
"ME_F_2",1.626662
"ME_F_2",1.626725
"ME_F_2",1.62674
"ME_F_2",1.626776
"ME_F_2",1.626753
"ME_F_2",1.626743
"ME_F_2",1.626797
"ME_F_2",1.626832
"ME_F_2",1.626952
"ME_F_2",1.62712
"ME_F_2",1.627198
"ME_F_2",1.627227
"ME_F_2",1.627265
"ME_F_2",1.642849
"ME_F_2",1.642869
"ME_F_2",1.642774
"ME_F_2",1.642766
"ME_F_2",1.642801
"ME_F_2",1.642843
"ME_F_2",1.642813
"ME_F_2",1.642751
"ME_F_2",1.64273
"ME_F_2",1.642733
"ME_F_2",1.64269
"ME_F_2",1.642655
"ME_F_2",1.642638
"ME_F_2",1.642628
"ME_F_2",1.642609
"ME_F_2",1.642614
"ME_F_2",1.642545
"ME_F_2",1.642526
"ME_F_2",1.642497
"ME_F_2",1.642477
"ME_F_2",1.642489
"ME_F_2",1.64255
"ME_F_2",1.642568
"ME_F_2",1.642588
"ME_F_2",1.642585
"ME_F_2",1.642511
"ME_F_2",1.642451
"ME_F_2",1.642354
"ME_F_2",1.642298
"ME_F_2",1.642224
"ME_F_2",1.642132
"ME_F_2",1.642031
"ME_F_2",1.64194
"ME_F_2",1.641901
"ME_F_2",1.641894
"ME_F_2",1.641805
"ME_F_2",1.641775
"ME_F_2",1.641808
"ME_F_2",1.641845
"ME_F_2",1.641884
"ME_F_2",1.641829
"ME_F_2",1.641762
"ME_F_2",1.64175
"ME_F_2",1.641677
"ME_F_2",1.641564
"ME_F_2",1.641432
"ME_F_2",1.641295
"ME_F_2",1.6412
"ME_F_2",1.641226
"ME_F_2",1.641284
"ME_F_2",1.641384
"ME_F_2",1.641366
"ME_F_2",1.641202
"ME_F_2",1.641188
"ME_F_2",1.641337
"ME_F_2",1.641404
"ME_F_2",1.641418
"ME_F_2",1.641425
"ME_F_2",1.64146
"ME_F_2",1.641528
"ME_F_2",1.641603
"ME_F_2",1.641686
"ME_F_2",1.641753
"ME_F_2",1.641777
"ME_F_2",1.641672
"ME_F_2",1.641557
"ME_F_2",1.641513
"ME_F_2",1.641402
"ME_F_2",1.641428
"ME_F_2",1.641397
"ME_F_2",1.641312
"ME_F_2",1.641271
"ME_F_2",1.641289
"ME_F_2",1.641827
"ME_F_2",1.641795
"ME_F_2",1.64186
"ME_F_2",1.641966
"ME_F_2",1.642147
"ME_F_2",1.642577
"ME_F_2",1.642631
"ME_F_2",1.642704
"ME_F_2",1.642737
"ME_F_2",1.642741
"ME_F_2",1.642811
"ME_F_2",1.642843
"ME_F_2",1.642932
"ME_F_2",1.642974
"ME_F_2",1.643035
"ME_F_2",1.643113
"ME_F_2",1.643188
"ME_F_2",1.643245
"ME_F_2",1.643243
"ME_F_2",1.643384
"ME_F_2",1.643517
"ME_F_2",1.643484
"ME_F_2",1.643482
"ME_F_2",1.643586
"ME_F_2",1.64364
"ME_F_2",1.64369
"ME_F_2",1.643719
"ME_F_2",1.643749
"ME_F_2",1.643771
"ME_F_2",1.643813
"ME_F_2",1.643788
"ME_F_2",1.643789
"ME_F_2",1.64378
"ME_F_2",1.643745
"ME_F_2",1.643697
"ME_F_2",1.643661
"ME_F_2",1.643602
"ME_F_2",1.643595
"ME_F_2",1.643615
"ME_F_2",1.643604
"ME_F_2",1.643599
"ME_F_2",1.643597
"ME_F_2",1.643629
"ME_F_2",1.643651
"ME_F_2",1.643652
"ME_F_2",1.643446
"ME_F_2",1.643454
"ME_F_2",1.643452
"ME_F_2",1.643475
"ME_F_2",1.643456
"ME_F_2",1.643402
"ME_F_2",1.643343
"ME_F_2",1.643263
"ME_F_2",1.643142
"ME_F_2",1.643104
"ME_F_2",1.643093
"ME_F_2",1.643069
"ME_F_2",1.643061
"ME_F_2",1.643074
"ME_F_2",1.643013
"ME_F_2",1.642977
"ME_F_2",1.642943
"ME_F_2",1.642988
"ME_F_2",1.643016
"ME_F_2",1.643023
"ME_F_2",1.642993
"ME_F_2",1.642832
"ME_F_2",1.642741
"ME_F_2",1.642582
"ME_F_2",1.6425
"ME_F_2",1.642471
"ME_F_2",1.642452
"ME_F_2",1.642466
"ME_F_2",1.643401
"ME_F_2",1.643429
"ME_F_2",1.643406
"ME_F_2",1.643346
"ME_F_2",1.643312
"ME_F_2",1.643285
"ME_F_2",1.643263
"ME_F_2",1.643237
"ME_F_2",1.643271
"ME_F_2",1.643289
"ME_F_2",1.643319
"ME_F_2",1.64338
"ME_F_2",1.643387
"ME_F_2",1.643409
"ME_F_2",1.643414
"ME_F_2",1.64343
"ME_F_2",1.643355
"ME_F_2",1.643292
"ME_F_2",1.643192
"ME_F_2",1.643153
"ME_F_2",1.643161
"ME_F_2",1.643151
"ME_F_2",1.643127
"ME_F_2",1.643146
"ME_F_2",1.643086
"ME_F_2",1.643036
"ME_F_2",1.64294
"ME_F_2",1.642941
"ME_F_2",1.642952
"ME_F_2",1.642926
"ME_F_2",1.642861
"ME_F_2",1.642783
"ME_F_2",1.642775
"ME_F_2",1.642768
"ME_F_2",1.642717
"ME_F_2",1.642611
"ME_F_2",1.642481
"ME_F_2",1.64237
"ME_F_2",1.642219
"ME_F_2",1.642085
"ME_F_2",1.64202
"ME_F_2",1.642026
"ME_F_2",1.641997
"ME_F_2",1.641944
"ME_F_2",1.64188
"ME_F_2",1.641851
"ME_F_2",1.641877
"ME_F_2",1.641931
"ME_F_2",1.641912
"ME_F_2",1.641993
"ME_F_2",1.642091
"ME_F_2",1.642143
"ME_F_2",1.642187
"ME_F_2",1.642186
"ME_F_2",1.642111
"ME_F_2",1.642043
"ME_F_2",1.641953
"ME_F_2",1.641949
"ME_F_2",1.641931
"ME_F_2",1.641907
"ME_F_2",1.641914
"ME_F_2",1.641953
"ME_F_2",1.642005
"ME_F_2",1.642029
"ME_F_2",1.642088
"ME_F_2",1.642136
"ME_F_2",1.642162
"ME_F_2",1.642208
"ME_F_2",1.642146
"ME_F_2",1.64214
"ME_F_2",1.642148
"ME_F_2",1.642178
"ME_F_2",1.692004
"ME_F_2",1.692041
"ME_F_2",1.6921
"ME_F_2",1.692138
"ME_F_2",1.692196
"ME_F_2",1.69225
"ME_F_2",1.692283
"ME_F_2",1.692269
"ME_F_2",1.692278
"ME_F_2",1.692272
"ME_F_2",1.692258
"ME_F_2",1.692242
"ME_F_2",1.692257
"ME_F_2",1.692278
"ME_F_2",1.692285
"ME_F_2",1.69223
"ME_F_2",1.692236
"ME_F_2",1.69222
"ME_F_2",1.692225
"ME_F_2",1.692206
"ME_F_2",1.692195
"ME_F_2",1.692173
"ME_F_2",1.69214
"ME_F_2",1.691936
"ME_F_2",1.691833
"ME_F_2",1.691684
"ME_F_2",1.6915
"ME_F_2",1.691441
"ME_F_2",1.691328
"ME_F_2",1.691259
"ME_F_2",1.691116
"ME_F_2",1.690984
"ME_F_2",1.690906
"ME_F_2",1.69083
"ME_F_2",1.690687
"ME_F_2",1.690625
"ME_F_2",1.69061
"ME_F_2",1.690646
"ME_F_2",1.690707
"ME_F_2",1.690728
"ME_F_2",1.690732
"ME_F_2",1.690734
"ME_F_2",1.690728
"ME_F_2",1.690738
"ME_F_2",1.690764
"ME_F_2",1.69076
"ME_F_2",1.690763
"ME_F_2",1.690663
"ME_F_2",1.690555
"ME_F_2",1.690545
"ME_F_2",1.690609
"ME_F_2",1.690578
"ME_F_2",1.690525
"ME_F_2",1.690478
"ME_F_2",1.690463
"ME_F_2",1.69042
"ME_F_2",1.690403
"ME_F_2",1.690331
"ME_F_2",1.690287
"ME_F_2",1.690327
"ME_F_2",1.690335
"ME_F_2",1.690353
"ME_F_2",1.690306
"ME_F_2",1.690267
"ME_F_2",1.690239
"ME_F_2",1.690242
"ME_F_2",1.69023
"ME_F_2",1.690229
"ME_F_2",1.690224
"ME_F_2",1.690201
"ME_F_2",1.690167
"ME_F_2",1.690122
"ME_F_2",1.690115
"ME_F_2",1.692205
"ME_F_2",1.692232
"ME_F_2",1.692262
"ME_F_2",1.692308
"ME_F_2",1.692376
"ME_F_2",1.692411
"ME_F_2",1.692436
"ME_F_2",1.692456
"ME_F_2",1.692429
"ME_F_2",1.692415
"ME_F_2",1.692408
"ME_F_2",1.692403
"ME_F_2",1.692406
"ME_F_2",1.69242
"ME_F_2",1.692399
"ME_F_2",1.692385
"ME_F_2",1.692386
"ME_F_2",1.692392
"ME_F_2",1.692382
"ME_F_2",1.692334
"ME_F_2",1.692295
"ME_F_2",1.692289
"ME_F_2",1.692254
"ME_F_2",1.692218
"ME_F_2",1.69208
"ME_F_2",1.691981
"ME_F_2",1.691772
"ME_F_2",1.69186
"ME_F_2",1.691877
"ME_F_2",1.691756
"ME_F_2",1.691586
"ME_F_2",1.691436
"ME_F_2",1.691371
"ME_F_2",1.691267
"ME_F_2",1.691151
"ME_F_2",1.69104
"ME_F_2",1.690892
"ME_F_2",1.690754
"ME_F_2",1.690682
"ME_F_2",1.690602
"ME_F_2",1.69063
"ME_F_2",1.690608
"ME_F_2",1.690579
"ME_F_2",1.690531
"ME_F_2",1.690429
"ME_F_2",1.690334
"ME_F_2",1.690245
"ME_F_2",1.690145
"ME_F_2",1.690049
"ME_F_2",1.689963
"ME_F_2",1.689904
"ME_F_2",1.689871
"ME_F_2",1.689988
"ME_F_2",1.690048
"ME_F_2",1.690122
"ME_F_2",1.690121
"ME_F_2",1.690102
"ME_F_2",1.690139
"ME_F_2",1.690187
"ME_F_2",1.690251
"ME_F_2",1.690321
"ME_F_2",1.690344
"ME_F_2",1.690346
"ME_F_2",1.690391
"ME_F_2",1.690515
"ME_F_2",1.690586
"ME_F_2",1.690628
"ME_F_2",1.690665
"ME_F_2",1.690701
"ME_F_2",1.690733
"ME_F_2",1.690764
"ME_F_2",1.690846
"ME_F_2",1.690926
"ME_F_2",1.6942
"ME_F_2",1.69422
"ME_F_2",1.694193
"ME_F_2",1.694142
"ME_F_2",1.694137
"ME_F_2",1.694125
"ME_F_2",1.694063
"ME_F_2",1.694005
"ME_F_2",1.693916
"ME_F_2",1.693808
"ME_F_2",1.693613
"ME_F_2",1.693456
"ME_F_2",1.693134
"ME_F_2",1.69303
"ME_F_2",1.692952
"ME_F_2",1.692727
"ME_F_2",1.692657
"ME_F_2",1.692516
"ME_F_2",1.692395
"ME_F_2",1.692504
"ME_F_2",1.692275
"ME_F_2",1.692234
"ME_F_2",1.692211
"ME_F_2",1.692131
"ME_F_2",1.69206
"ME_F_2",1.691933
"ME_F_2",1.691787
"ME_F_2",1.691701
"ME_F_2",1.691622
"ME_F_2",1.691563
"ME_F_2",1.691498
"ME_F_2",1.691414
"ME_F_2",1.691354
"ME_F_2",1.691314
"ME_F_2",1.691288
"ME_F_2",1.691281
"ME_F_2",1.691262
"ME_F_2",1.691279
"ME_F_2",1.691418
"ME_F_2",1.691492
"ME_F_2",1.691554
"ME_F_2",1.69157
"ME_F_2",1.69161
"ME_F_2",1.691647
"ME_F_2",1.691686
"ME_F_2",1.691682
"ME_F_2",1.691639
"ME_F_2",1.691663
"ME_F_2",1.69166
"ME_F_2",1.691662
"ME_F_2",1.69159
"ME_F_2",1.691551
"ME_F_2",1.691491
"ME_F_2",1.691456
"ME_F_2",1.691383
"ME_F_2",1.691351
"ME_F_2",1.691371
"ME_F_2",1.691431
"ME_F_2",1.691473
"ME_F_2",1.691441
"ME_F_2",1.691434
"ME_F_2",1.69148
"ME_F_2",1.691573
"ME_F_2",1.691587
"ME_F_2",1.691581
"ME_F_2",1.691569
"ME_F_2",1.691581
"ME_F_2",1.691592
"ME_F_2",1.691599
"ME_F_2",1.691596
"ME_F_2",1.691587
"ME_F_2",1.691603
"ME_F_2",1.691613
"ME_F_2",1.638481
"ME_F_2",1.638465
"ME_F_2",1.638469
"ME_F_2",1.638582
"ME_F_2",1.638635
"ME_F_2",1.638773
"ME_F_2",1.638776
"ME_F_2",1.638756
"ME_F_2",1.638779
"ME_F_2",1.638779
"ME_F_2",1.638782
"ME_F_2",1.63878
"ME_F_2",1.638812
"ME_F_2",1.638878
"ME_F_2",1.638983
"ME_F_2",1.639022
"ME_F_2",1.639006
"ME_F_2",1.638985
"ME_F_2",1.639013
"ME_F_2",1.639078
"ME_F_2",1.639105
"ME_F_2",1.639077
"ME_F_2",1.63902
"ME_F_2",1.63897
"ME_F_2",1.638959
"ME_F_2",1.638926
"ME_F_2",1.638934
"ME_F_2",1.638874
"ME_F_2",1.638864
"ME_F_2",1.638894
"ME_F_2",1.63894
"ME_F_2",1.638986
"ME_F_2",1.638983
"ME_F_2",1.638952
"ME_F_2",1.638947
"ME_F_2",1.638893
"ME_F_2",1.638951
"ME_F_2",1.639009
"ME_F_2",1.63909
"ME_F_2",1.639108
"ME_F_2",1.639118
"ME_F_2",1.639096
"ME_F_2",1.639068
"ME_F_2",1.63912
"ME_F_2",1.63914
"ME_F_2",1.639182
"ME_F_2",1.639202
"ME_F_2",1.639216
"ME_F_2",1.639248
"ME_F_2",1.639247
"ME_F_2",1.639229
"ME_F_2",1.639195
"ME_F_2",1.639198
"ME_F_2",1.639199
"ME_F_2",1.639186
"ME_F_2",1.639119
"ME_F_2",1.639101
"ME_F_2",1.639095
"ME_F_2",1.639097
"ME_F_2",1.639078
"ME_F_2",1.63906
"ME_F_2",1.639054
"ME_F_2",1.639065
"ME_F_2",1.639037
"ME_F_2",1.63901
"ME_F_2",1.638976
"ME_F_2",1.638981
"ME_F_2",1.639013
"ME_F_2",1.638995
"ME_F_2",1.638954
"ME_F_2",1.638894
"ME_F_2",1.63891
"ME_F_2",1.638925
"ME_F_2",1.638588
"ME_F_2",1.638607
"ME_F_2",1.638598
"ME_F_2",1.638635
"ME_F_2",1.638735
"ME_F_2",1.638772
"ME_F_2",1.638827
"ME_F_2",1.638826
"ME_F_2",1.638777
"ME_F_2",1.638703
"ME_F_2",1.638559
"ME_F_2",1.63858
"ME_F_2",1.638564
"ME_F_2",1.638601
"ME_F_2",1.638549
"ME_F_2",1.638538
"ME_F_2",1.638541
"ME_F_2",1.638554
"ME_F_2",1.638603
"ME_F_2",1.638617
"ME_F_2",1.638657
"ME_F_2",1.638704
"ME_F_2",1.638778
"ME_F_2",1.638822
"ME_F_2",1.638825
"ME_F_2",1.638783
"ME_F_2",1.638706
"ME_F_2",1.638716
"ME_F_2",1.638662
"ME_F_2",1.638615
"ME_F_2",1.638557
"ME_F_2",1.63854
"ME_F_2",1.638557
"ME_F_2",1.638555
"ME_F_2",1.638536
"ME_F_2",1.63852
"ME_F_2",1.638523
"ME_F_2",1.638564
"ME_F_2",1.638652
"ME_F_2",1.638662
"ME_F_2",1.638659
"ME_F_2",1.638675
"ME_F_2",1.638712
"ME_F_2",1.638728
"ME_F_2",1.638723
"ME_F_2",1.638718
"ME_F_2",1.638772
"ME_F_2",1.6388
"ME_F_2",1.638835
"ME_F_2",1.63885
"ME_F_2",1.638846
"ME_F_2",1.638883
"ME_F_2",1.638941
"ME_F_2",1.639002
"ME_F_2",1.638981
"ME_F_2",1.639
"ME_F_2",1.639041
"ME_F_2",1.639073
"ME_F_2",1.639053
"ME_F_2",1.639034
"ME_F_2",1.639016
"ME_F_2",1.639052
"ME_F_2",1.639116
"ME_F_2",1.639133
"ME_F_2",1.639158
"ME_F_2",1.639187
"ME_F_2",1.639225
"ME_F_2",1.639247
"ME_F_2",1.639243
"ME_F_2",1.639247
"ME_F_2",1.639272
"ME_F_2",1.639315
"ME_F_2",1.639348
"ME_F_2",1.639057
"ME_F_2",1.63903
"ME_F_2",1.639063
"ME_F_2",1.639057
"ME_F_2",1.639057
"ME_F_2",1.639053
"ME_F_2",1.639106
"ME_F_2",1.639119
"ME_F_2",1.639104
"ME_F_2",1.639101
"ME_F_2",1.639107
"ME_F_2",1.639118
"ME_F_2",1.639108
"ME_F_2",1.63906
"ME_F_2",1.638983
"ME_F_2",1.638935
"ME_F_2",1.638896
"ME_F_2",1.638806
"ME_F_2",1.638686
"ME_F_2",1.638627
"ME_F_2",1.638603
"ME_F_2",1.638488
"ME_F_2",1.638322
"ME_F_2",1.63821
"ME_F_2",1.638065
"ME_F_2",1.63803
"ME_F_2",1.638156
"ME_F_2",1.638151
"ME_F_2",1.638173
"ME_F_2",1.638212
"ME_F_2",1.638271
"ME_F_2",1.638278
"ME_F_2",1.638276
"ME_F_2",1.638273
"ME_F_2",1.638289
"ME_F_2",1.638285
"ME_F_2",1.638255
"ME_F_2",1.638184
"ME_F_2",1.638089
"ME_F_2",1.638049
"ME_F_2",1.638029
"ME_F_2",1.638053
"ME_F_2",1.638103
"ME_F_2",1.638128
"ME_F_2",1.638169
"ME_F_2",1.638228
"ME_F_2",1.638274
"ME_F_2",1.63829
"ME_F_2",1.638319
"ME_F_2",1.638349
"ME_F_2",1.638357
"ME_F_2",1.638359
"ME_F_2",1.638381
"ME_F_2",1.63839
"ME_F_2",1.638415
"ME_F_2",1.63842
"ME_F_2",1.638388
"ME_F_2",1.638321
"ME_F_2",1.638302
"ME_F_2",1.638269
"ME_F_2",1.638263
"ME_F_2",1.638212
"ME_F_2",1.63823
"ME_F_2",1.638256
"ME_F_2",1.63827
"ME_F_2",1.638317
"ME_F_2",1.638327
"ME_F_2",1.63835
"ME_F_2",1.638409
"ME_F_2",1.638452
"ME_F_2",1.638451
"ME_F_2",1.638463
"ME_F_3",1.699841
"ME_F_3",1.699768
"ME_F_3",1.699721
"ME_F_3",1.699715
"ME_F_3",1.699737
"ME_F_3",1.699663
"ME_F_3",1.699573
"ME_F_3",1.699558
"ME_F_3",1.699559
"ME_F_3",1.699569
"ME_F_3",1.699474
"ME_F_3",1.699358
"ME_F_3",1.699348
"ME_F_3",1.699357
"ME_F_3",1.699365
"ME_F_3",1.699318
"ME_F_3",1.699267
"ME_F_3",1.699274
"ME_F_3",1.699283
"ME_F_3",1.69929
"ME_F_3",1.699198
"ME_F_3",1.699167
"ME_F_3",1.699147
"ME_F_3",1.699149
"ME_F_3",1.699057
"ME_F_3",1.69899
"ME_F_3",1.698896
"ME_F_3",1.698892
"ME_F_3",1.698945
"ME_F_3",1.698906
"ME_F_3",1.698877
"ME_F_3",1.698836
"ME_F_3",1.698891
"ME_F_3",1.698877
"ME_F_3",1.698834
"ME_F_3",1.698801
"ME_F_3",1.698803
"ME_F_3",1.698811
"ME_F_3",1.698831
"ME_F_3",1.698799
"ME_F_3",1.698751
"ME_F_3",1.698756
"ME_F_3",1.698783
"ME_F_3",1.698792
"ME_F_3",1.698781
"ME_F_3",1.698758
"ME_F_3",1.698792
"ME_F_3",1.698758
"ME_F_3",1.698715
"ME_F_3",1.698671
"ME_F_3",1.698652
"ME_F_3",1.698639
"ME_F_3",1.698602
"ME_F_3",1.69857
"ME_F_3",1.698552
"ME_F_3",1.698511
"ME_F_3",1.69849
"ME_F_3",1.698476
"ME_F_3",1.698379
"ME_F_3",1.698356
"ME_F_3",1.698375
"ME_F_3",1.698365
"ME_F_3",1.698306
"ME_F_3",1.698232
"ME_F_3",1.698229
"ME_F_3",1.698255
"ME_F_3",1.698289
"ME_F_3",1.698257
"ME_F_3",1.698156
"ME_F_3",1.698121
"ME_F_3",1.69814
"ME_F_3",1.698139
"ME_F_3",1.69808
"ME_F_3",1.6985
"ME_F_3",1.698496
"ME_F_3",1.698544
"ME_F_3",1.698583
"ME_F_3",1.698584
"ME_F_3",1.698558
"ME_F_3",1.698544
"ME_F_3",1.698523
"ME_F_3",1.698466
"ME_F_3",1.698408
"ME_F_3",1.698337
"ME_F_3",1.698354
"ME_F_3",1.698327
"ME_F_3",1.698273
"ME_F_3",1.698226
"ME_F_3",1.698163
"ME_F_3",1.698199
"ME_F_3",1.6982
"ME_F_3",1.698172
"ME_F_3",1.698123
"ME_F_3",1.698154
"ME_F_3",1.698205
"ME_F_3",1.698243
"ME_F_3",1.698259
"ME_F_3",1.698218
"ME_F_3",1.698225
"ME_F_3",1.698218
"ME_F_3",1.698289
"ME_F_3",1.698179
"ME_F_3",1.698125
"ME_F_3",1.698082
"ME_F_3",1.698093
"ME_F_3",1.698085
"ME_F_3",1.698048
"ME_F_3",1.697983
"ME_F_3",1.697921
"ME_F_3",1.697932
"ME_F_3",1.697901
"ME_F_3",1.697859
"ME_F_3",1.697797
"ME_F_3",1.697873
"ME_F_3",1.697899
"ME_F_3",1.697915
"ME_F_3",1.69789
"ME_F_3",1.697886
"ME_F_3",1.697906
"ME_F_3",1.697908
"ME_F_3",1.697882
"ME_F_3",1.697776
"ME_F_3",1.697741
"ME_F_3",1.697761
"ME_F_3",1.697787
"ME_F_3",1.697746
"ME_F_3",1.697747
"ME_F_3",1.697734
"ME_F_3",1.69775
"ME_F_3",1.697799
"ME_F_3",1.697752
"ME_F_3",1.697716
"ME_F_3",1.697717
"ME_F_3",1.697748
"ME_F_3",1.697702
"ME_F_3",1.697623
"ME_F_3",1.697534
"ME_F_3",1.697537
"ME_F_3",1.697551
"ME_F_3",1.697545
"ME_F_3",1.697504
"ME_F_3",1.697496
"ME_F_3",1.697509
"ME_F_3",1.697477
"ME_F_3",1.697377
"ME_F_3",1.697441
"ME_F_3",1.69743
"ME_F_3",1.697418
"ME_F_3",1.697404
"ME_F_3",1.697448
"ME_F_3",1.697496
"ME_F_3",1.697547
"ME_F_3",1.697539
"ME_F_3",1.697497
"ME_F_3",1.697527
"ME_F_3",1.697539
"ME_F_3",1.697513
"ME_F_3",1.697342
"ME_F_3",1.697209
"ME_F_3",1.697178
"ME_F_3",1.697222
"ME_F_3",1.697089
"ME_F_3",1.696933
"ME_F_3",1.696773
"ME_F_3",1.696719
"ME_F_3",1.696685
"ME_F_3",1.696564
"ME_F_3",1.696391
"ME_F_3",1.696254
"ME_F_3",1.696246
"ME_F_3",1.696207
"ME_F_3",1.696099
"ME_F_3",1.696055
"ME_F_3",1.696087
"ME_F_3",1.696056
"ME_F_3",1.696048
"ME_F_3",1.696036
"ME_F_3",1.696074
"ME_F_3",1.696109
"ME_F_3",1.69618
"ME_F_3",1.69628
"ME_F_3",1.696236
"ME_F_3",1.696177
"ME_F_3",1.696243
"ME_F_3",1.696353
"ME_F_3",1.696499
"ME_F_3",1.696545
"ME_F_3",1.696547
"ME_F_3",1.696601
"ME_F_3",1.696629
"ME_F_3",1.696585
"ME_F_3",1.696553
"ME_F_3",1.696486
"ME_F_3",1.696463
"ME_F_3",1.696442
"ME_F_3",1.696344
"ME_F_3",1.696249
"ME_F_3",1.696123
"ME_F_3",1.69605
"ME_F_3",1.695971
"ME_F_3",1.6959
"ME_F_3",1.695854
"ME_F_3",1.695843
"ME_F_3",1.695897
"ME_F_3",1.695942
"ME_F_3",1.695971
"ME_F_3",1.696
"ME_F_3",1.696062
"ME_F_3",1.696145
"ME_F_3",1.69622
"ME_F_3",1.696249
"ME_F_3",1.696277
"ME_F_3",1.69634
"ME_F_3",1.696399
"ME_F_3",1.696394
"ME_F_3",1.696401
"ME_F_3",1.696418
"ME_F_3",1.696487
"ME_F_3",1.678598
"ME_F_3",1.678613
"ME_F_3",1.678621
"ME_F_3",1.678661
"ME_F_3",1.678675
"ME_F_3",1.678674
"ME_F_3",1.678665
"ME_F_3",1.678694
"ME_F_3",1.678726
"ME_F_3",1.678754
"ME_F_3",1.678761
"ME_F_3",1.678743
"ME_F_3",1.678733
"ME_F_3",1.678706
"ME_F_3",1.678669
"ME_F_3",1.67865
"ME_F_3",1.678658
"ME_F_3",1.678683
"ME_F_3",1.678698
"ME_F_3",1.678711
"ME_F_3",1.678711
"ME_F_3",1.678716
"ME_F_3",1.67872
"ME_F_3",1.678701
"ME_F_3",1.678672
"ME_F_3",1.678654
"ME_F_3",1.678651
"ME_F_3",1.678637
"ME_F_3",1.678637
"ME_F_3",1.678645
"ME_F_3",1.678648
"ME_F_3",1.678666
"ME_F_3",1.678661
"ME_F_3",1.678658
"ME_F_3",1.678673
"ME_F_3",1.678684
"ME_F_3",1.678712
"ME_F_3",1.678723
"ME_F_3",1.678719
"ME_F_3",1.678685
"ME_F_3",1.678675
"ME_F_3",1.678688
"ME_F_3",1.678675
"ME_F_3",1.678672
"ME_F_3",1.678666
"ME_F_3",1.678671
"ME_F_3",1.678664
"ME_F_3",1.678624
"ME_F_3",1.678625
"ME_F_3",1.678676
"ME_F_3",1.678851
"ME_F_3",1.679043
"ME_F_3",1.67923
"ME_F_3",1.679353
"ME_F_3",1.679455
"ME_F_3",1.679528
"ME_F_3",1.679556
"ME_F_3",1.679544
"ME_F_3",1.679516
"ME_F_3",1.679468
"ME_F_3",1.679395
"ME_F_3",1.679307
"ME_F_3",1.679202
"ME_F_3",1.679095
"ME_F_3",1.679029
"ME_F_3",1.678986
"ME_F_3",1.678941
"ME_F_3",1.678879
"ME_F_3",1.678804
"ME_F_3",1.678721
"ME_F_3",1.678675
"ME_F_3",1.67864
"ME_F_3",1.678602
"ME_F_3",1.678839
"ME_F_3",1.678877
"ME_F_3",1.678906
"ME_F_3",1.678907
"ME_F_3",1.678884
"ME_F_3",1.678862
"ME_F_3",1.678868
"ME_F_3",1.67887
"ME_F_3",1.678826
"ME_F_3",1.678786
"ME_F_3",1.678733
"ME_F_3",1.678698
"ME_F_3",1.67871
"ME_F_3",1.678698
"ME_F_3",1.678678
"ME_F_3",1.678644
"ME_F_3",1.678633
"ME_F_3",1.678625
"ME_F_3",1.678614
"ME_F_3",1.678599
"ME_F_3",1.678578
"ME_F_3",1.67858
"ME_F_3",1.67856
"ME_F_3",1.678544
"ME_F_3",1.67853
"ME_F_3",1.678498
"ME_F_3",1.678478
"ME_F_3",1.678465
"ME_F_3",1.678502
"ME_F_3",1.678521
"ME_F_3",1.678544
"ME_F_3",1.678557
"ME_F_3",1.678566
"ME_F_3",1.678587
"ME_F_3",1.678599
"ME_F_3",1.678645
"ME_F_3",1.678697
"ME_F_3",1.678749
"ME_F_3",1.678777
"ME_F_3",1.678787
"ME_F_3",1.678795
"ME_F_3",1.678793
"ME_F_3",1.678759
"ME_F_3",1.678684
"ME_F_3",1.678651
"ME_F_3",1.678581
"ME_F_3",1.678517
"ME_F_3",1.67846
"ME_F_3",1.678432
"ME_F_3",1.678427
"ME_F_3",1.678387
"ME_F_3",1.678355
"ME_F_3",1.678343
"ME_F_3",1.678325
"ME_F_3",1.678319
"ME_F_3",1.678319
"ME_F_3",1.678314
"ME_F_3",1.678332
"ME_F_3",1.67836
"ME_F_3",1.678373
"ME_F_3",1.678407
"ME_F_3",1.678423
"ME_F_3",1.678471
"ME_F_3",1.678503
"ME_F_3",1.678519
"ME_F_3",1.678521
"ME_F_3",1.678518
"ME_F_3",1.678478
"ME_F_3",1.678434
"ME_F_3",1.678421
"ME_F_3",1.678395
"ME_F_3",1.678335
"ME_F_3",1.678298
"ME_F_3",1.678818
"ME_F_3",1.678834
"ME_F_3",1.678879
"ME_F_3",1.678903
"ME_F_3",1.678909
"ME_F_3",1.678918
"ME_F_3",1.678913
"ME_F_3",1.678919
"ME_F_3",1.67893
"ME_F_3",1.678959
"ME_F_3",1.678946
"ME_F_3",1.678967
"ME_F_3",1.678975
"ME_F_3",1.678988
"ME_F_3",1.678971
"ME_F_3",1.678972
"ME_F_3",1.678994
"ME_F_3",1.679018
"ME_F_3",1.679056
"ME_F_3",1.67909
"ME_F_3",1.679107
"ME_F_3",1.679104
"ME_F_3",1.679114
"ME_F_3",1.679144
"ME_F_3",1.679147
"ME_F_3",1.679059
"ME_F_3",1.67897
"ME_F_3",1.678889
"ME_F_3",1.678833
"ME_F_3",1.678804
"ME_F_3",1.678738
"ME_F_3",1.678699
"ME_F_3",1.678633
"ME_F_3",1.678574
"ME_F_3",1.678554
"ME_F_3",1.678522
"ME_F_3",1.678517
"ME_F_3",1.678571
"ME_F_3",1.678576
"ME_F_3",1.678632
"ME_F_3",1.678641
"ME_F_3",1.678637
"ME_F_3",1.678635
"ME_F_3",1.67863
"ME_F_3",1.678634
"ME_F_3",1.678597
"ME_F_3",1.67857
"ME_F_3",1.678573
"ME_F_3",1.67857
"ME_F_3",1.678575
"ME_F_3",1.678573
"ME_F_3",1.678548
"ME_F_3",1.678561
"ME_F_3",1.678606
"ME_F_3",1.678653
"ME_F_3",1.678691
"ME_F_3",1.678677
"ME_F_3",1.678684
"ME_F_3",1.678699
"ME_F_3",1.678668
"ME_F_3",1.678623
"ME_F_3",1.678591
"ME_F_3",1.678548
"ME_F_3",1.678548
"ME_F_3",1.678521
"ME_F_3",1.678534
"ME_F_3",1.678552
"ME_F_3",1.678562
"ME_F_3",1.678555
"ME_F_3",1.67855
"ME_F_3",1.67856
"ME_F_3",1.678582
"ME_F_3",1.677488
"ME_F_3",1.677472
"ME_F_3",1.67748
"ME_F_3",1.677489
"ME_F_3",1.677493
"ME_F_3",1.677511
"ME_F_3",1.677543
"ME_F_3",1.677549
"ME_F_3",1.677547
"ME_F_3",1.67755
"ME_F_3",1.677584
"ME_F_3",1.677606
"ME_F_3",1.677628
"ME_F_3",1.677646
"ME_F_3",1.677692
"ME_F_3",1.677715
"ME_F_3",1.677741
"ME_F_3",1.67775
"ME_F_3",1.677743
"ME_F_3",1.677763
"ME_F_3",1.677799
"ME_F_3",1.677817
"ME_F_3",1.677769
"ME_F_3",1.677749
"ME_F_3",1.677753
"ME_F_3",1.677796
"ME_F_3",1.677816
"ME_F_3",1.67783
"ME_F_3",1.677805
"ME_F_3",1.677788
"ME_F_3",1.677782
"ME_F_3",1.677758
"ME_F_3",1.677735
"ME_F_3",1.677686
"ME_F_3",1.677601
"ME_F_3",1.677564
"ME_F_3",1.677562
"ME_F_3",1.677582
"ME_F_3",1.67759
"ME_F_3",1.6776
"ME_F_3",1.677639
"ME_F_3",1.677655
"ME_F_3",1.677689
"ME_F_3",1.677686
"ME_F_3",1.677685
"ME_F_3",1.677718
"ME_F_3",1.67777
"ME_F_3",1.677773
"ME_F_3",1.67776
"ME_F_3",1.677698
"ME_F_3",1.677651
"ME_F_3",1.677648
"ME_F_3",1.677602
"ME_F_3",1.677582
"ME_F_3",1.677588
"ME_F_3",1.677561
"ME_F_3",1.677538
"ME_F_3",1.677563
"ME_F_3",1.677646
"ME_F_3",1.677698
"ME_F_3",1.67773
"ME_F_3",1.677762
"ME_F_3",1.677767
"ME_F_3",1.67775
"ME_F_3",1.677721
"ME_F_3",1.67769
"ME_F_3",1.677663
"ME_F_3",1.677641
"ME_F_3",1.677604
"ME_F_3",1.677584
"ME_F_3",1.677585
"ME_F_3",1.677561
"ME_F_3",1.677548
"ME_F_3",1.677496
"ME_F_3",1.677514
"ME_F_3",1.677533
"ME_F_3",1.677536
"ME_F_3",1.677529
"ME_F_3",1.677509
"ME_F_3",1.677526
"ME_F_3",1.67753
"ME_F_3",1.677539
"ME_F_3",1.677513
"ME_F_3",1.677501
"ME_F_3",1.677486
"ME_F_3",1.677477
"ME_F_3",1.677486
"ME_F_3",1.677508
"ME_F_3",1.677498
"ME_F_3",1.677499
"ME_F_3",1.677496
"ME_F_3",1.677489
"ME_F_3",1.67748
"ME_F_3",1.677502
"ME_F_3",1.677507
"ME_F_3",1.677544
"ME_F_3",1.677562
"ME_F_3",1.67759
"ME_F_3",1.677601
"ME_F_3",1.67758
"ME_F_3",1.67759
"ME_F_3",1.677578
"ME_F_3",1.677589
"ME_F_3",1.677623
"ME_F_3",1.677665
"ME_F_3",1.677666
"ME_F_3",1.677695
"ME_F_3",1.677699
"ME_F_3",1.677683
"ME_F_3",1.677702
"ME_F_3",1.677631
"ME_F_3",1.677613
"ME_F_3",1.677603
"ME_F_3",1.677589
"ME_F_3",1.677566
"ME_F_3",1.677549
"ME_F_3",1.677527
"ME_F_3",1.677521
"ME_F_3",1.6775
"ME_F_3",1.67751
"ME_F_3",1.677507
"ME_F_3",1.677486
"ME_F_3",1.677485
"ME_F_3",1.677469
"ME_F_3",1.677451
"ME_F_3",1.677439
"ME_F_3",1.677408
"ME_F_3",1.677388
"ME_F_3",1.677356
"ME_F_3",1.677309
"ME_F_3",1.677297
"ME_F_3",1.677317
"ME_F_3",1.677289
"ME_F_3",1.677255
"ME_F_3",1.67721
"ME_F_3",1.677254
"ME_F_3",1.677277
"ME_F_3",1.677314
"ME_F_3",1.677333
"ME_F_3",1.677334
"ME_F_3",1.677342
"ME_F_3",1.677363
"ME_F_3",1.677381
"ME_F_3",1.677389
"ME_F_3",1.677385
"ME_F_3",1.677585
"ME_F_3",1.677582
"ME_F_3",1.677561
"ME_F_3",1.677583
"ME_F_3",1.677594
"ME_F_3",1.677614
"ME_F_3",1.677627
"ME_F_3",1.677634
"ME_F_3",1.677641
"ME_F_3",1.677663
"ME_F_3",1.677688
"ME_F_3",1.677724
"ME_F_3",1.677763
"ME_F_3",1.677803
"ME_F_3",1.67781
"ME_F_3",1.677792
"ME_F_3",1.677768
"ME_F_3",1.677758
"ME_F_3",1.677749
"ME_F_3",1.677807
"ME_F_3",1.677792
"ME_F_3",1.67774
"ME_F_3",1.677668
"ME_F_3",1.677623
"ME_F_3",1.677577
"ME_F_3",1.677576
"ME_F_3",1.677563
"ME_F_3",1.67757
"ME_F_3",1.677521
"ME_F_3",1.677486
"ME_F_3",1.677392
"ME_F_3",1.677398
"ME_F_3",1.677366
"ME_F_3",1.677359
"ME_F_3",1.677334
"ME_F_3",1.67739
"ME_F_3",1.677404
"ME_F_3",1.677449
"ME_F_3",1.677492
"ME_F_3",1.677496
"ME_F_3",1.677507
"ME_F_3",1.677507
"ME_F_3",1.677481
"ME_F_3",1.677446
"ME_F_3",1.677438
"ME_F_3",1.67746
"ME_F_3",1.677485
"ME_F_3",1.677438
"ME_F_3",1.6774
"ME_F_3",1.67736
"ME_F_3",1.67731
"ME_F_3",1.677287
"ME_F_3",1.677238
"ME_F_3",1.677184
"ME_F_3",1.677143
"ME_F_3",1.677085
"ME_F_3",1.677029
"ME_F_3",1.676915
"ME_F_3",1.676822
"ME_F_3",1.676715
"ME_F_3",1.676638
"ME_F_3",1.676632
"ME_F_3",1.676658
"ME_F_3",1.67673
"ME_F_3",1.67675
"ME_F_3",1.676827
"ME_F_3",1.676901
"ME_F_3",1.67702
"ME_F_3",1.677071
"ME_F_3",1.677162
"ME_F_3",1.677215
"ME_F_3",1.677325
"ME_F_3",1.677387
"ME_F_3",1.674155
"ME_F_3",1.674151
"ME_F_3",1.674156
"ME_F_3",1.67413
"ME_F_3",1.674125
"ME_F_3",1.674131
"ME_F_3",1.674124
"ME_F_3",1.674121
"ME_F_3",1.674114
"ME_F_3",1.674114
"ME_F_3",1.674137
"ME_F_3",1.674165
"ME_F_3",1.674217
"ME_F_3",1.674247
"ME_F_3",1.67429
"ME_F_3",1.67436
"ME_F_3",1.6744
"ME_F_3",1.674431
"ME_F_3",1.674432
"ME_F_3",1.674432
"ME_F_3",1.674419
"ME_F_3",1.674394
"ME_F_3",1.674363
"ME_F_3",1.674329
"ME_F_3",1.674342
"ME_F_3",1.674347
"ME_F_3",1.674303
"ME_F_3",1.674239
"ME_F_3",1.674186
"ME_F_3",1.674155
"ME_F_3",1.674144
"ME_F_3",1.674156
"ME_F_3",1.674148
"ME_F_3",1.674144
"ME_F_3",1.674166
"ME_F_3",1.674181
"ME_F_3",1.674181
"ME_F_3",1.674162
"ME_F_3",1.674147
"ME_F_3",1.674163
"ME_F_3",1.674164
"ME_F_3",1.67411
"ME_F_3",1.674065
"ME_F_3",1.674027
"ME_F_3",1.673952
"ME_F_3",1.673925
"ME_F_3",1.673818
"ME_F_3",1.67382
"ME_F_3",1.673837
"ME_F_3",1.673887
"ME_F_3",1.673904
"ME_F_3",1.673916
"ME_F_3",1.673923
"ME_F_3",1.673922
"ME_F_3",1.673902
"ME_F_3",1.673896
"ME_F_3",1.673917
"ME_F_3",1.67391
"ME_F_3",1.673895
"ME_F_3",1.67387
"ME_F_3",1.673834
"ME_F_3",1.673801
"ME_F_3",1.673792
"ME_F_3",1.673785
"ME_F_3",1.6738
"ME_F_3",1.673808
"ME_F_3",1.673823
"ME_F_3",1.673815
"ME_F_3",1.673855
"ME_F_3",1.673888
"ME_F_3",1.673907
"ME_F_3",1.673919
"ME_F_3",1.67394
"ME_F_3",1.674159
"ME_F_3",1.674178
"ME_F_3",1.674157
"ME_F_3",1.674169
"ME_F_3",1.674165
"ME_F_3",1.674162
"ME_F_3",1.67416
"ME_F_3",1.674134
"ME_F_3",1.674124
"ME_F_3",1.674108
"ME_F_3",1.674095
"ME_F_3",1.674073
"ME_F_3",1.674062
"ME_F_3",1.674048
"ME_F_3",1.674065
"ME_F_3",1.674098
"ME_F_3",1.674087
"ME_F_3",1.674074
"ME_F_3",1.674113
"ME_F_3",1.674154
"ME_F_3",1.674109
"ME_F_3",1.674072
"ME_F_3",1.674077
"ME_F_3",1.674107
"ME_F_3",1.674182
"ME_F_3",1.674116
"ME_F_3",1.674128
"ME_F_3",1.674165
"ME_F_3",1.674157
"ME_F_3",1.674131
"ME_F_3",1.674104
"ME_F_3",1.674067
"ME_F_3",1.674017
"ME_F_3",1.673986
"ME_F_3",1.673941
"ME_F_3",1.673931
"ME_F_3",1.673877
"ME_F_3",1.673822
"ME_F_3",1.673771
"ME_F_3",1.673865
"ME_F_3",1.673896
"ME_F_3",1.673931
"ME_F_3",1.673952
"ME_F_3",1.673953
"ME_F_3",1.67394
"ME_F_3",1.673938
"ME_F_3",1.673936
"ME_F_3",1.673943
"ME_F_3",1.673958
"ME_F_3",1.673958
"ME_F_3",1.673939
"ME_F_3",1.673911
"ME_F_3",1.673904
"ME_F_3",1.673885
"ME_F_3",1.673844
"ME_F_3",1.67376
"ME_F_3",1.673729
"ME_F_3",1.673667
"ME_F_3",1.673652
"ME_F_3",1.673782
"ME_F_3",1.673818
"ME_F_3",1.673849
"ME_F_3",1.673872
"ME_F_3",1.673905
"ME_F_3",1.673917
"ME_F_3",1.673952
"ME_F_3",1.673965
"ME_F_3",1.673969
"ME_F_3",1.673957
"ME_F_3",1.673912
"ME_F_3",1.673844
"ME_F_3",1.673795
"ME_F_3",1.673736
"ME_F_3",1.673933
"ME_F_3",1.673907
"ME_F_3",1.673908
"ME_F_3",1.673887
"ME_F_3",1.67387
"ME_F_3",1.673858
"ME_F_3",1.673865
"ME_F_3",1.673893
"ME_F_3",1.673913
"ME_F_3",1.673923
"ME_F_3",1.673926
"ME_F_3",1.673929
"ME_F_3",1.673931
"ME_F_3",1.673921
"ME_F_3",1.673923
"ME_F_3",1.673927
"ME_F_3",1.673933
"ME_F_3",1.67393
"ME_F_3",1.673924
"ME_F_3",1.673937
"ME_F_3",1.673965
"ME_F_3",1.673981
"ME_F_3",1.674024
"ME_F_3",1.674044
"ME_F_3",1.674042
"ME_F_3",1.674057
"ME_F_3",1.674081
"ME_F_3",1.674101
"ME_F_3",1.674123
"ME_F_3",1.674132
"ME_F_3",1.674139
"ME_F_3",1.674132
"ME_F_3",1.674118
"ME_F_3",1.674098
"ME_F_3",1.674128
"ME_F_3",1.674133
"ME_F_3",1.67407
"ME_F_3",1.673971
"ME_F_3",1.673887
"ME_F_3",1.673792
"ME_F_3",1.673756
"ME_F_3",1.673722
"ME_F_3",1.67369
"ME_F_3",1.673648
"ME_F_3",1.673664
"ME_F_3",1.673656
"ME_F_3",1.67369
"ME_F_3",1.673693
"ME_F_3",1.673697
"ME_F_3",1.673702
"ME_F_3",1.673716
"ME_F_3",1.673738
"ME_F_3",1.673777
"ME_F_3",1.673798
"ME_F_3",1.673829
"ME_F_3",1.67385
"ME_F_3",1.673838
"ME_F_3",1.67382
"ME_F_3",1.673789
"ME_F_3",1.673753
"ME_F_3",1.673721
"ME_F_3",1.673722
"ME_F_3",1.673737
"ME_F_3",1.673719
"ME_F_3",1.673682
"ME_F_3",1.673668
"ME_F_3",1.673624
"ME_F_3",1.67358
"ME_F_3",1.673517
"ME_F_3",1.673458
"ME_F_3",1.673376
"ME_F_3",1.673311
"ME_F_3",1.673225
"ME_F_4",1.534468
"ME_F_4",1.534537
"ME_F_4",1.534577
"ME_F_4",1.534622
"ME_F_4",1.53466
"ME_F_4",1.53468
"ME_F_4",1.534757
"ME_F_4",1.534937
"ME_F_4",1.535046
"ME_F_4",1.535187
"ME_F_4",1.535311
"ME_F_4",1.535477
"ME_F_4",1.535592
"ME_F_4",1.535688
"ME_F_4",1.535769
"ME_F_4",1.535817
"ME_F_4",1.535858
"ME_F_4",1.535868
"ME_F_4",1.535907
"ME_F_4",1.535831
"ME_F_4",1.535703
"ME_F_4",1.535524
"ME_F_4",1.535425
"ME_F_4",1.535307
"ME_F_4",1.535257
"ME_F_4",1.535191
"ME_F_4",1.535114
"ME_F_4",1.535003
"ME_F_4",1.534926
"ME_F_4",1.534912
"ME_F_4",1.534951
"ME_F_4",1.535016
"ME_F_4",1.535036
"ME_F_4",1.535084
"ME_F_4",1.535128
"ME_F_4",1.535192
"ME_F_4",1.535252
"ME_F_4",1.535339
"ME_F_4",1.53543
"ME_F_4",1.53557
"ME_F_4",1.535678
"ME_F_4",1.535864
"ME_F_4",1.536002
"ME_F_4",1.536162
"ME_F_4",1.536303
"ME_F_4",1.536402
"ME_F_4",1.536508
"ME_F_4",1.536646
"ME_F_4",1.536885
"ME_F_4",1.537118
"ME_F_4",1.537206
"ME_F_4",1.537271
"ME_F_4",1.537227
"ME_F_4",1.537482
"ME_F_4",1.537532
"ME_F_4",1.537468
"ME_F_4",1.53738
"ME_F_4",1.537306
"ME_F_4",1.537227
"ME_F_4",1.537162
"ME_F_4",1.537116
"ME_F_4",1.537078
"ME_F_4",1.537072
"ME_F_4",1.537059
"ME_F_4",1.537054
"ME_F_4",1.537071
"ME_F_4",1.537102
"ME_F_4",1.537164
"ME_F_4",1.537227
"ME_F_4",1.537287
"ME_F_4",1.537331
"ME_F_4",1.53733
"ME_F_4",1.53736
"ME_F_4",1.536899
"ME_F_4",1.536885
"ME_F_4",1.536866
"ME_F_4",1.536845
"ME_F_4",1.536847
"ME_F_4",1.536846
"ME_F_4",1.53684
"ME_F_4",1.53679
"ME_F_4",1.536767
"ME_F_4",1.536774
"ME_F_4",1.536767
"ME_F_4",1.536772
"ME_F_4",1.536749
"ME_F_4",1.536729
"ME_F_4",1.536702
"ME_F_4",1.536682
"ME_F_4",1.536626
"ME_F_4",1.536577
"ME_F_4",1.536534
"ME_F_4",1.536574
"ME_F_4",1.536608
"ME_F_4",1.536577
"ME_F_4",1.53653
"ME_F_4",1.536489
"ME_F_4",1.536561
"ME_F_4",1.53656
"ME_F_4",1.536551
"ME_F_4",1.53659
"ME_F_4",1.536579
"ME_F_4",1.536659
"ME_F_4",1.536748
"ME_F_4",1.536782
"ME_F_4",1.536763
"ME_F_4",1.536815
"ME_F_4",1.536814
"ME_F_4",1.536829
"ME_F_4",1.536843
"ME_F_4",1.536864
"ME_F_4",1.53692
"ME_F_4",1.53695
"ME_F_4",1.537033
"ME_F_4",1.537097
"ME_F_4",1.537208
"ME_F_4",1.537403
"ME_F_4",1.537623
"ME_F_4",1.537705
"ME_F_4",1.537804
"ME_F_4",1.537816
"ME_F_4",1.537862
"ME_F_4",1.537933
"ME_F_4",1.53801
"ME_F_4",1.538061
"ME_F_4",1.538082
"ME_F_4",1.538109
"ME_F_4",1.538126
"ME_F_4",1.538227
"ME_F_4",1.538459
"ME_F_4",1.538617
"ME_F_4",1.538734
"ME_F_4",1.538827
"ME_F_4",1.538863
"ME_F_4",1.538898
"ME_F_4",1.538945
"ME_F_4",1.539
"ME_F_4",1.539049
"ME_F_4",1.539095
"ME_F_4",1.539144
"ME_F_4",1.539216
"ME_F_4",1.539189
"ME_F_4",1.539101
"ME_F_4",1.538998
"ME_F_4",1.538861
"ME_F_4",1.537716
"ME_F_4",1.537667
"ME_F_4",1.537716
"ME_F_4",1.537688
"ME_F_4",1.537672
"ME_F_4",1.537668
"ME_F_4",1.537611
"ME_F_4",1.537595
"ME_F_4",1.537564
"ME_F_4",1.537592
"ME_F_4",1.537638
"ME_F_4",1.537638
"ME_F_4",1.537612
"ME_F_4",1.537588
"ME_F_4",1.537613
"ME_F_4",1.537592
"ME_F_4",1.537587
"ME_F_4",1.537547
"ME_F_4",1.537508
"ME_F_4",1.53745
"ME_F_4",1.537376
"ME_F_4",1.537239
"ME_F_4",1.537124
"ME_F_4",1.537015
"ME_F_4",1.536928
"ME_F_4",1.536815
"ME_F_4",1.536606
"ME_F_4",1.536446
"ME_F_4",1.536245
"ME_F_4",1.535676
"ME_F_4",1.535404
"ME_F_4",1.535115
"ME_F_4",1.534835
"ME_F_4",1.534467
"ME_F_4",1.534284
"ME_F_4",1.533965
"ME_F_4",1.533707
"ME_F_4",1.533596
"ME_F_4",1.533441
"ME_F_4",1.533231
"ME_F_4",1.532959
"ME_F_4",1.532887
"ME_F_4",1.533172
"ME_F_4",1.532635
"ME_F_4",1.532775
"ME_F_4",1.533054
"ME_F_4",1.533376
"ME_F_4",1.533509
"ME_F_4",1.533664
"ME_F_4",1.533856
"ME_F_4",1.534059
"ME_F_4",1.534168
"ME_F_4",1.534271
"ME_F_4",1.534297
"ME_F_4",1.534286
"ME_F_4",1.534283
"ME_F_4",1.534271
"ME_F_4",1.534272
"ME_F_4",1.534305
"ME_F_4",1.534319
"ME_F_4",1.534383
"ME_F_4",1.53446
"ME_F_4",1.53458
"ME_F_4",1.534654
"ME_F_4",1.534758
"ME_F_4",1.534803
"ME_F_4",1.534858
"ME_F_4",1.534898
"ME_F_4",1.534944
"ME_F_4",1.534958
"ME_F_4",1.534942
"ME_F_4",1.53494
"ME_F_4",1.534934
"ME_F_4",1.525138
"ME_F_4",1.525136
"ME_F_4",1.525133
"ME_F_4",1.525136
"ME_F_4",1.525131
"ME_F_4",1.525116
"ME_F_4",1.525117
"ME_F_4",1.525125
"ME_F_4",1.525153
"ME_F_4",1.525168
"ME_F_4",1.52519
"ME_F_4",1.525222
"ME_F_4",1.525257
"ME_F_4",1.525264
"ME_F_4",1.525252
"ME_F_4",1.525265
"ME_F_4",1.525276
"ME_F_4",1.525348
"ME_F_4",1.525405
"ME_F_4",1.525441
"ME_F_4",1.525475
"ME_F_4",1.525524
"ME_F_4",1.525642
"ME_F_4",1.52572
"ME_F_4",1.525821
"ME_F_4",1.525895
"ME_F_4",1.525958
"ME_F_4",1.52608
"ME_F_4",1.526231
"ME_F_4",1.526413
"ME_F_4",1.526625
"ME_F_4",1.526776
"ME_F_4",1.526919
"ME_F_4",1.527068
"ME_F_4",1.527066
"ME_F_4",1.527086
"ME_F_4",1.527047
"ME_F_4",1.526954
"ME_F_4",1.526866
"ME_F_4",1.526875
"ME_F_4",1.526861
"ME_F_4",1.526787
"ME_F_4",1.526712
"ME_F_4",1.526656
"ME_F_4",1.526674
"ME_F_4",1.526637
"ME_F_4",1.526576
"ME_F_4",1.526506
"ME_F_4",1.526432
"ME_F_4",1.526386
"ME_F_4",1.526359
"ME_F_4",1.526276
"ME_F_4",1.526185
"ME_F_4",1.526079
"ME_F_4",1.525993
"ME_F_4",1.525909
"ME_F_4",1.525892
"ME_F_4",1.525863
"ME_F_4",1.525892
"ME_F_4",1.525937
"ME_F_4",1.526007
"ME_F_4",1.526072
"ME_F_4",1.526132
"ME_F_4",1.526151
"ME_F_4",1.526172
"ME_F_4",1.526194
"ME_F_4",1.52624
"ME_F_4",1.526259
"ME_F_4",1.526245
"ME_F_4",1.526245
"ME_F_4",1.526264
"ME_F_4",1.526281
"ME_F_4",1.52626
"ME_F_4",1.527017
"ME_F_4",1.527045
"ME_F_4",1.527068
"ME_F_4",1.527083
"ME_F_4",1.527128
"ME_F_4",1.527221
"ME_F_4",1.527257
"ME_F_4",1.527252
"ME_F_4",1.527301
"ME_F_4",1.527443
"ME_F_4",1.527544
"ME_F_4",1.527672
"ME_F_4",1.527761
"ME_F_4",1.527856
"ME_F_4",1.528017
"ME_F_4",1.528201
"ME_F_4",1.52844
"ME_F_4",1.52875
"ME_F_4",1.529178
"ME_F_4",1.529378
"ME_F_4",1.52954
"ME_F_4",1.529716
"ME_F_4",1.529842
"ME_F_4",1.529957
"ME_F_4",1.530026
"ME_F_4",1.530047
"ME_F_4",1.530077
"ME_F_4",1.530036
"ME_F_4",1.530123
"ME_F_4",1.530329
"ME_F_4",1.530409
"ME_F_4",1.530462
"ME_F_4",1.530528
"ME_F_4",1.53067
"ME_F_4",1.530783
"ME_F_4",1.530952
"ME_F_4",1.53113
"ME_F_4",1.531252
"ME_F_4",1.531358
"ME_F_4",1.531543
"ME_F_4",1.531725
"ME_F_4",1.531796
"ME_F_4",1.531812
"ME_F_4",1.531777
"ME_F_4",1.531731
"ME_F_4",1.53159
"ME_F_4",1.531468
"ME_F_4",1.531355
"ME_F_4",1.531248
"ME_F_4",1.531116
"ME_F_4",1.530994
"ME_F_4",1.530861
"ME_F_4",1.530748
"ME_F_4",1.530635
"ME_F_4",1.530527
"ME_F_4",1.530406
"ME_F_4",1.530321
"ME_F_4",1.530269
"ME_F_4",1.53019
"ME_F_4",1.530134
"ME_F_4",1.530064
"ME_F_4",1.530007
"ME_F_4",1.530009
"ME_F_4",1.529995
"ME_F_4",1.529981
"ME_F_4",1.529965
"ME_F_4",1.529942
"ME_F_4",1.529962
"ME_F_4",1.530005
"ME_F_4",1.529966
"ME_F_4",1.52989
"ME_F_4",1.529827
"ME_F_4",1.529777
"ME_F_4",1.528335
"ME_F_4",1.52836
"ME_F_4",1.528404
"ME_F_4",1.528407
"ME_F_4",1.5284
"ME_F_4",1.528388
"ME_F_4",1.52838
"ME_F_4",1.528362
"ME_F_4",1.528353
"ME_F_4",1.528347
"ME_F_4",1.528327
"ME_F_4",1.528309
"ME_F_4",1.528273
"ME_F_4",1.528264
"ME_F_4",1.528261
"ME_F_4",1.528274
"ME_F_4",1.528287
"ME_F_4",1.528288
"ME_F_4",1.528276
"ME_F_4",1.528314
"ME_F_4",1.528344
"ME_F_4",1.528512
"ME_F_4",1.528571
"ME_F_4",1.528693
"ME_F_4",1.528785
"ME_F_4",1.52885
"ME_F_4",1.528879
"ME_F_4",1.528902
"ME_F_4",1.528882
"ME_F_4",1.528793
"ME_F_4",1.528737
"ME_F_4",1.528692
"ME_F_4",1.528595
"ME_F_4",1.528494
"ME_F_4",1.528414
"ME_F_4",1.528351
"ME_F_4",1.528337
"ME_F_4",1.528348
"ME_F_4",1.52838
"ME_F_4",1.528423
"ME_F_4",1.528476
"ME_F_4",1.528548
"ME_F_4",1.528605
"ME_F_4",1.52868
"ME_F_4",1.528715
"ME_F_4",1.528736
"ME_F_4",1.528728
"ME_F_4",1.528679
"ME_F_4",1.528677
"ME_F_4",1.528698
"ME_F_4",1.528714
"ME_F_4",1.528727
"ME_F_4",1.528759
"ME_F_4",1.528792
"ME_F_4",1.528829
"ME_F_4",1.528818
"ME_F_4",1.528775
"ME_F_4",1.528802
"ME_F_4",1.528863
"ME_F_4",1.52886
"ME_F_4",1.528804
"ME_F_4",1.52872
"ME_F_4",1.528665
"ME_F_4",1.528583
"ME_F_4",1.528565
"ME_F_4",1.528589
"ME_F_4",1.528609
"ME_F_4",1.528669
"ME_F_4",1.528777
"ME_F_4",1.528797
"ME_F_4",1.528803
"ME_F_4",1.528819
"ME_F_4",1.528871
"ME_F_4",1.513611
"ME_F_4",1.513605
"ME_F_4",1.513613
"ME_F_4",1.513612
"ME_F_4",1.513614
"ME_F_4",1.513622
"ME_F_4",1.513649
"ME_F_4",1.513717
"ME_F_4",1.513785
"ME_F_4",1.513845
"ME_F_4",1.513914
"ME_F_4",1.514036
"ME_F_4",1.514169
"ME_F_4",1.514275
"ME_F_4",1.514404
"ME_F_4",1.514586
"ME_F_4",1.514832
"ME_F_4",1.514977
"ME_F_4",1.51511
"ME_F_4",1.515197
"ME_F_4",1.515273
"ME_F_4",1.51537
"ME_F_4",1.515529
"ME_F_4",1.51564
"ME_F_4",1.51574
"ME_F_4",1.515846
"ME_F_4",1.515936
"ME_F_4",1.51595
"ME_F_4",1.515973
"ME_F_4",1.516045
"ME_F_4",1.516144
"ME_F_4",1.51623
"ME_F_4",1.516216
"ME_F_4",1.516257
"ME_F_4",1.516274
"ME_F_4",1.516268
"ME_F_4",1.516175
"ME_F_4",1.516115
"ME_F_4",1.516092
"ME_F_4",1.516138
"ME_F_4",1.516113
"ME_F_4",1.516082
"ME_F_4",1.516042
"ME_F_4",1.51599
"ME_F_4",1.516
"ME_F_4",1.516028
"ME_F_4",1.516077
"ME_F_4",1.516053
"ME_F_4",1.516029
"ME_F_4",1.516023
"ME_F_4",1.516042
"ME_F_4",1.516067
"ME_F_4",1.516077
"ME_F_4",1.51606
"ME_F_4",1.516062
"ME_F_4",1.516054
"ME_F_4",1.516056
"ME_F_4",1.516068
"ME_F_4",1.516066
"ME_F_4",1.516138
"ME_F_4",1.516224
"ME_F_4",1.516268
"ME_F_4",1.516311
"ME_F_4",1.516322
"ME_F_4",1.516348
"ME_F_4",1.516348
"ME_F_4",1.516332
"ME_F_4",1.516304
"ME_F_4",1.516293
"ME_F_4",1.516279
"ME_F_4",1.51626
"ME_F_4",1.516223
"ME_F_4",1.516174
"ME_F_4",1.515622
"ME_F_4",1.515629
"ME_F_4",1.515636
"ME_F_4",1.515647
"ME_F_4",1.515646
"ME_F_4",1.515642
"ME_F_4",1.515669
"ME_F_4",1.515694
"ME_F_4",1.515671
"ME_F_4",1.515658
"ME_F_4",1.51563
"ME_F_4",1.515628
"ME_F_4",1.51561
"ME_F_4",1.515597
"ME_F_4",1.51557
"ME_F_4",1.515544
"ME_F_4",1.515512
"ME_F_4",1.515516
"ME_F_4",1.515515
"ME_F_4",1.515544
"ME_F_4",1.515561
"ME_F_4",1.515609
"ME_F_4",1.515659
"ME_F_4",1.515723
"ME_F_4",1.515767
"ME_F_4",1.515806
"ME_F_4",1.515865
"ME_F_4",1.51588
"ME_F_4",1.515878
"ME_F_4",1.515855
"ME_F_4",1.515867
"ME_F_4",1.515864
"ME_F_4",1.515849
"ME_F_4",1.515826
"ME_F_4",1.515806
"ME_F_4",1.515801
"ME_F_4",1.515785
"ME_F_4",1.515768
"ME_F_4",1.515755
"ME_F_4",1.515771
"ME_F_4",1.515749
"ME_F_4",1.515714
"ME_F_4",1.515675
"ME_F_4",1.51565
"ME_F_4",1.515655
"ME_F_4",1.51572
"ME_F_4",1.515831
"ME_F_4",1.515976
"ME_F_4",1.516059
"ME_F_4",1.516161
"ME_F_4",1.516175
"ME_F_4",1.516102
"ME_F_4",1.516072
"ME_F_4",1.516002
"ME_F_4",1.515943
"ME_F_4",1.515879
"ME_F_4",1.515838
"ME_F_4",1.515805
"ME_F_4",1.515808
"ME_F_4",1.515831
"ME_F_4",1.515828
"ME_F_4",1.515827
"ME_F_4",1.515818
"ME_F_4",1.515855
"ME_F_4",1.515879
"ME_F_4",1.515898
"ME_F_4",1.515812
"ME_F_4",1.51577
"ME_F_4",1.515783
"ME_F_4",1.515786
"ME_F_4",1.515759
"ME_F_4",1.515685
"ME_F_4",1.515636
"ME_F_4",1.515622
"ME_F_4",1.515641
"ME_F_4",1.515696
"ME_F_4",1.515717
"ME_F_4",1.515727
"ME_F_4",1.515725
"ME_F_4",1.515714
"ME_F_4",1.515706
"ME_F_4",1.51573
"ME_F_4",1.515734
"ME_F_4",1.515766
"ME_F_4",1.515796
"ME_F_4",1.515818
"ME_F_4",1.515877
"ME_F_4",1.515921
"ME_F_4",1.516014
"ME_F_4",1.516074
"ME_F_4",1.516064
"ME_F_4",1.516027
"ME_F_4",1.515999
"ME_F_4",1.51596
"ME_F_4",1.515952
"ME_F_4",1.515989
"ME_F_4",1.516041
"ME_F_4",1.516082
"ME_F_4",1.516089
"ME_F_4",1.516126
"ME_F_4",1.516152
"ME_F_4",1.516206
"ME_F_4",1.516281
"ME_F_4",1.516332
"ME_F_4",1.516347
"ME_F_4",1.516337
"ME_F_4",1.516336
"ME_F_4",1.516295
"ME_F_4",1.516266
"ME_F_4",1.516244
"ME_F_4",1.516247
"ME_F_4",1.516266
"ME_F_4",1.516314
"ME_F_4",1.516343
"ME_F_4",1.516343
"ME_F_4",1.516355
"ME_F_4",1.51638
"ME_F_4",1.516405
"ME_F_4",1.516477
"ME_F_4",1.516542
"ME_F_4",1.516603
"ME_F_4",1.516647
"ME_F_4",1.516683
"ME_F_4",1.516724
"ME_F_4",1.516759
"ME_F_4",1.516814
"ME_F_4",1.516838
"ME_F_4",1.516852
"ME_F_4",1.516895
"ME_F_4",1.516938
"ME_F_4",1.516962
"ME_F_4",1.516931
"ME_F_4",1.516936
"ME_F_4",1.51693
"ME_F_4",1.516977
"ME_F_4",1.516982
"ME_F_4",1.516959
"ME_F_4",1.516933
"ME_F_4",1.516927
"ME_F_4",1.516961
"ME_F_4",1.516945
"ME_F_4",1.516896
"ME_F_4",1.516853
"ME_F_4",1.516818
"ME_F_4",1.516815
"ME_F_4",1.516806
"ME_F_4",1.509944
"ME_F_4",1.510015
"ME_F_4",1.510082
"ME_F_4",1.510181
"ME_F_4",1.51031
"ME_F_4",1.510471
"ME_F_4",1.510554
"ME_F_4",1.510688
"ME_F_4",1.510851
"ME_F_4",1.511033
"ME_F_4",1.511128
"ME_F_4",1.511152
"ME_F_4",1.511109
"ME_F_4",1.510983
"ME_F_4",1.510952
"ME_F_4",1.510925
"ME_F_4",1.51078
"ME_F_4",1.510565
"ME_F_4",1.510494
"ME_F_4",1.510428
"ME_F_4",1.510421
"ME_F_4",1.510416
"ME_F_4",1.510352
"ME_F_4",1.510313
"ME_F_4",1.51036
"ME_F_4",1.510468
"ME_F_4",1.510507
"ME_F_4",1.510508
"ME_F_4",1.510428
"ME_F_4",1.51032
"ME_F_4",1.510294
"ME_F_4",1.510308
"ME_F_4",1.510322
"ME_F_4",1.510371
"ME_F_4",1.510388
"ME_F_4",1.510394
"ME_F_4",1.510356
"ME_F_4",1.510297
"ME_F_4",1.51028
"ME_F_4",1.510255
"ME_F_4",1.510253
"ME_F_4",1.5103
"ME_F_4",1.510349
"ME_F_4",1.510414
"ME_F_4",1.510508
"ME_F_4",1.510577
"ME_F_4",1.51061
"ME_F_4",1.510631
"ME_F_4",1.510614
"ME_F_4",1.510567
"ME_F_4",1.510541
"ME_F_4",1.510519
"ME_F_4",1.510529
"ME_F_4",1.510537
"ME_F_4",1.510499
"ME_F_4",1.510425
"ME_F_4",1.51028
"ME_F_4",1.510155
"ME_F_4",1.510114
"ME_F_4",1.510093
"ME_F_4",1.510073
"ME_F_4",1.510101
"ME_F_4",1.510093
"ME_F_4",1.510128
"ME_F_4",1.510157
"ME_F_4",1.510193
"ME_F_4",1.510246
"ME_F_4",1.51027
"ME_F_4",1.510333
"ME_F_4",1.510334
"ME_F_4",1.510292
"ME_F_4",1.51024
"ME_F_4",1.510243
"ME_F_4",1.509873
"ME_F_4",1.509861
"ME_F_4",1.509855
"ME_F_4",1.509828
"ME_F_4",1.509777
"ME_F_4",1.509734
"ME_F_4",1.50971
"ME_F_4",1.509696
"ME_F_4",1.509666
"ME_F_4",1.50956
"ME_F_4",1.509433
"ME_F_4",1.509287
"ME_F_4",1.50924
"ME_F_4",1.509096
"ME_F_4",1.508935
"ME_F_4",1.508848
"ME_F_4",1.508814
"ME_F_4",1.508833
"ME_F_4",1.508833
"ME_F_4",1.508851
"ME_F_4",1.508868
"ME_F_4",1.508855
"ME_F_4",1.508898
"ME_F_4",1.50889
"ME_F_4",1.508895
"ME_F_4",1.508886
"ME_F_4",1.508849
"ME_F_4",1.508795
"ME_F_4",1.508778
"ME_F_4",1.508749
"ME_F_4",1.508765
"ME_F_4",1.508768
"ME_F_4",1.508792
"ME_F_4",1.508844
"ME_F_4",1.508924
"ME_F_4",1.509018
"ME_F_4",1.509142
"ME_F_4",1.509227
"ME_F_4",1.50928
"ME_F_4",1.509321
"ME_F_4",1.509373
"ME_F_4",1.509399
"ME_F_4",1.509467
"ME_F_4",1.509499
"ME_F_4",1.509547
"ME_F_4",1.509567
"ME_F_4",1.509583
"ME_F_4",1.509593
"ME_F_4",1.509594
"ME_F_4",1.509612
"ME_F_4",1.509608
"ME_F_4",1.50961
"ME_F_4",1.509579
"ME_F_4",1.50956
"ME_F_4",1.509589
"ME_F_4",1.509614
"ME_F_4",1.509607
"ME_F_4",1.509592
"ME_F_4",1.509617
"ME_F_4",1.509646
"ME_F_4",1.509697
"ME_F_4",1.509746
"ME_F_4",1.509777
"ME_F_4",1.509786
"ME_F_4",1.509794
"ME_F_4",1.509774
"ME_F_4",1.509726
"ME_F_4",1.509678
"ME_F_4",1.509628
"ME_F_4",1.509566
"ME_F_4",1.509523
"ME_F_4",1.50949
"ME_F_4",1.509476
"ME_F_4",1.510361
"ME_F_4",1.510301
"ME_F_4",1.510295
"ME_F_4",1.510307
"ME_F_4",1.510366
"ME_F_4",1.510394
"ME_F_4",1.510451
"ME_F_4",1.510499
"ME_F_4",1.510543
"ME_F_4",1.510597
"ME_F_4",1.510662
"ME_F_4",1.510704
"ME_F_4",1.510696
"ME_F_4",1.510709
"ME_F_4",1.510689
"ME_F_4",1.510707
"ME_F_4",1.510744
"ME_F_4",1.510816
"ME_F_4",1.51089
"ME_F_4",1.510916
"ME_F_4",1.510953
"ME_F_4",1.51098
"ME_F_4",1.510937
"ME_F_4",1.510885
"ME_F_4",1.510859
"ME_F_4",1.510836
"ME_F_4",1.510823
"ME_F_4",1.510783
"ME_F_4",1.510732
"ME_F_4",1.510687
"ME_F_4",1.5105
"ME_F_4",1.510062
"ME_F_4",1.509301
"ME_F_4",1.509123
"ME_F_4",1.509126
"ME_F_4",1.509051
"ME_F_4",1.508877
"ME_F_4",1.508734
"ME_F_4",1.508547
"ME_F_4",1.508567
"ME_F_4",1.508561
"ME_F_4",1.508556
"ME_F_4",1.508349
"ME_F_4",1.508396
"ME_F_4",1.508521
"ME_F_4",1.508689
"ME_F_4",1.508794
"ME_F_4",1.508867
"ME_F_4",1.508908
"ME_F_4",1.508944
"ME_F_4",1.508952
"ME_F_4",1.508968
"ME_F_4",1.508992
"ME_F_4",1.509056
"ME_F_4",1.509173
"ME_F_4",1.509399
"ME_F_4",1.509507
"ME_F_4",1.509612
"ME_F_4",1.50975
"ME_F_4",1.50994
"ME_F_4",1.510057
"ME_F_4",1.510187
"ME_F_4",1.510248
"ME_F_4",1.510288
"ME_F_4",1.510361
"ME_F_4",1.510403
"ME_F_4",1.510402
"ME_F_4",1.51034
"ME_F_4",1.510365
"ME_F_4",1.510427
"ME_F_4",1.510444
"ME_F_4",1.510473
"ME_F_4",1.510417
"ME_M_8",1.721519
"ME_M_8",1.721565
"ME_M_8",1.721575
"ME_M_8",1.721559
"ME_M_8",1.721556
"ME_M_8",1.721547
"ME_M_8",1.721563
"ME_M_8",1.72156
"ME_M_8",1.721546
"ME_M_8",1.72152
"ME_M_8",1.721496
"ME_M_8",1.721459
"ME_M_8",1.721423
"ME_M_8",1.721424
"ME_M_8",1.721452
"ME_M_8",1.721459
"ME_M_8",1.721478
"ME_M_8",1.72155
"ME_M_8",1.721614
"ME_M_8",1.721693
"ME_M_8",1.721743
"ME_M_8",1.721818
"ME_M_8",1.72189
"ME_M_8",1.721927
"ME_M_8",1.722019
"ME_M_8",1.722148
"ME_M_8",1.722228
"ME_M_8",1.722221
"ME_M_8",1.722218
"ME_M_8",1.722076
"ME_M_8",1.721994
"ME_M_8",1.721792
"ME_M_8",1.721687
"ME_M_8",1.721554
"ME_M_8",1.721385
"ME_M_8",1.721129
"ME_M_8",1.720964
"ME_M_8",1.721002
"ME_M_8",1.721033
"ME_M_8",1.721168
"ME_M_8",1.721373
"ME_M_8",1.721539
"ME_M_8",1.721645
"ME_M_8",1.721837
"ME_M_8",1.721946
"ME_M_8",1.722082
"ME_M_8",1.722081
"ME_M_8",1.722091
"ME_M_8",1.721947
"ME_M_8",1.721797
"ME_M_8",1.721763
"ME_M_8",1.721827
"ME_M_8",1.721968
"ME_M_8",1.722091
"ME_M_8",1.722124
"ME_M_8",1.722163
"ME_M_8",1.72219
"ME_M_8",1.722207
"ME_M_8",1.722232
"ME_M_8",1.722258
"ME_M_8",1.722304
"ME_M_8",1.722328
"ME_M_8",1.722286
"ME_M_8",1.722212
"ME_M_8",1.722142
"ME_M_8",1.722056
"ME_M_8",1.72192
"ME_M_8",1.721785
"ME_M_8",1.721691
"ME_M_8",1.721692
"ME_M_8",1.72164
"ME_M_8",1.721613
"ME_M_8",1.721577
"ME_M_8",1.721768
"ME_M_8",1.721804
"ME_M_8",1.721828
"ME_M_8",1.721802
"ME_M_8",1.721811
"ME_M_8",1.721808
"ME_M_8",1.72178
"ME_M_8",1.721783
"ME_M_8",1.721804
"ME_M_8",1.721795
"ME_M_8",1.721825
"ME_M_8",1.721843
"ME_M_8",1.72182
"ME_M_8",1.721771
"ME_M_8",1.721687
"ME_M_8",1.721591
"ME_M_8",1.72148
"ME_M_8",1.72135
"ME_M_8",1.721264
"ME_M_8",1.721274
"ME_M_8",1.721285
"ME_M_8",1.721426
"ME_M_8",1.721514
"ME_M_8",1.721621
"ME_M_8",1.721724
"ME_M_8",1.721773
"ME_M_8",1.721797
"ME_M_8",1.721829
"ME_M_8",1.721817
"ME_M_8",1.721768
"ME_M_8",1.72164
"ME_M_8",1.721576
"ME_M_8",1.721549
"ME_M_8",1.72161
"ME_M_8",1.721652
"ME_M_8",1.721734
"ME_M_8",1.721761
"ME_M_8",1.721726
"ME_M_8",1.721729
"ME_M_8",1.721727
"ME_M_8",1.72172
"ME_M_8",1.721725
"ME_M_8",1.721771
"ME_M_8",1.721831
"ME_M_8",1.721822
"ME_M_8",1.721831
"ME_M_8",1.721788
"ME_M_8",1.721774
"ME_M_8",1.72175
"ME_M_8",1.72175
"ME_M_8",1.721726
"ME_M_8",1.721728
"ME_M_8",1.721733
"ME_M_8",1.721735
"ME_M_8",1.7217
"ME_M_8",1.72164
"ME_M_8",1.721594
"ME_M_8",1.721645
"ME_M_8",1.721718
"ME_M_8",1.721808
"ME_M_8",1.72185
"ME_M_8",1.721929
"ME_M_8",1.72201
"ME_M_8",1.722121
"ME_M_8",1.722206
"ME_M_8",1.722315
"ME_M_8",1.722379
"ME_M_8",1.722399
"ME_M_8",1.722417
"ME_M_8",1.722395
"ME_M_8",1.722373
"ME_M_8",1.722323
"ME_M_8",1.722407
"ME_M_8",1.722487
"ME_M_8",1.722607
"ME_M_8",1.722709
"ME_M_8",1.722797
"ME_M_8",1.722929
"ME_M_8",1.723048
"ME_M_8",1.723129
"ME_M_8",1.723101
"ME_M_8",1.722846
"ME_M_8",1.722643
"ME_M_8",1.72245
"ME_M_8",1.722296
"ME_M_8",1.722092
"ME_M_8",1.721632
"ME_M_8",1.721598
"ME_M_8",1.72147
"ME_M_8",1.721525
"ME_M_8",1.72182
"ME_M_8",1.722111
"ME_M_8",1.722361
"ME_M_8",1.722511
"ME_M_8",1.722465
"ME_M_8",1.7225
"ME_M_8",1.722597
"ME_M_8",1.722689
"ME_M_8",1.722722
"ME_M_8",1.722787
"ME_M_8",1.722678
"ME_M_8",1.722641
"ME_M_8",1.722666
"ME_M_8",1.722706
"ME_M_8",1.722685
"ME_M_8",1.722518
"ME_M_8",1.722458
"ME_M_8",1.722433
"ME_M_8",1.722487
"ME_M_8",1.722512
"ME_M_8",1.722538
"ME_M_8",1.722521
"ME_M_8",1.722468
"ME_M_8",1.722452
"ME_M_8",1.722396
"ME_M_8",1.722369
"ME_M_8",1.722334
"ME_M_8",1.722299
"ME_M_8",1.722265
"ME_M_8",1.722242
"ME_M_8",1.722218
"ME_M_8",1.722222
"ME_M_8",1.722282
"ME_M_8",1.722301
"ME_M_8",1.722325
"ME_M_8",1.722349
"ME_M_8",1.722349
"ME_M_8",1.722369
"ME_M_8",1.722417
"ME_M_8",1.722421
"ME_M_8",1.722417
"ME_M_8",1.72242
"ME_M_8",1.722402
"ME_M_8",1.722376
"ME_M_8",1.722353
"ME_M_8",1.722354
"ME_M_8",1.722354
"ME_M_8",1.722335
"ME_M_8",1.722336
"ME_M_8",1.722307
"ME_M_8",1.722281
"ME_M_8",1.722219
"ME_M_8",1.722152
"ME_M_8",1.713063
"ME_M_8",1.713052
"ME_M_8",1.713069
"ME_M_8",1.713099
"ME_M_8",1.713121
"ME_M_8",1.713163
"ME_M_8",1.713205
"ME_M_8",1.713254
"ME_M_8",1.71331
"ME_M_8",1.713387
"ME_M_8",1.713475
"ME_M_8",1.713523
"ME_M_8",1.713614
"ME_M_8",1.713659
"ME_M_8",1.713732
"ME_M_8",1.71377
"ME_M_8",1.713803
"ME_M_8",1.713836
"ME_M_8",1.71386
"ME_M_8",1.713888
"ME_M_8",1.713922
"ME_M_8",1.713938
"ME_M_8",1.713946
"ME_M_8",1.713956
"ME_M_8",1.713943
"ME_M_8",1.713939
"ME_M_8",1.713952
"ME_M_8",1.713993
"ME_M_8",1.714041
"ME_M_8",1.714104
"ME_M_8",1.714235
"ME_M_8",1.714326
"ME_M_8",1.714448
"ME_M_8",1.714594
"ME_M_8",1.714781
"ME_M_8",1.714915
"ME_M_8",1.715105
"ME_M_8",1.715276
"ME_M_8",1.715399
"ME_M_8",1.715342
"ME_M_8",1.715385
"ME_M_8",1.715057
"ME_M_8",1.714891
"ME_M_8",1.714765
"ME_M_8",1.714586
"ME_M_8",1.714279
"ME_M_8",1.714177
"ME_M_8",1.714174
"ME_M_8",1.714242
"ME_M_8",1.714433
"ME_M_8",1.714588
"ME_M_8",1.714673
"ME_M_8",1.71484
"ME_M_8",1.714949
"ME_M_8",1.715054
"ME_M_8",1.715068
"ME_M_8",1.715064
"ME_M_8",1.715037
"ME_M_8",1.715096
"ME_M_8",1.715144
"ME_M_8",1.715217
"ME_M_8",1.715263
"ME_M_8",1.715222
"ME_M_8",1.715194
"ME_M_8",1.715156
"ME_M_8",1.715133
"ME_M_8",1.715124
"ME_M_8",1.715103
"ME_M_8",1.715097
"ME_M_8",1.715087
"ME_M_8",1.715084
"ME_M_8",1.715067
"ME_M_8",1.715076
"ME_M_8",1.714762
"ME_M_8",1.714782
"ME_M_8",1.714809
"ME_M_8",1.714846
"ME_M_8",1.714912
"ME_M_8",1.714949
"ME_M_8",1.715046
"ME_M_8",1.715107
"ME_M_8",1.715171
"ME_M_8",1.715233
"ME_M_8",1.715254
"ME_M_8",1.715226
"ME_M_8",1.715145
"ME_M_8",1.71507
"ME_M_8",1.714883
"ME_M_8",1.714719
"ME_M_8",1.714562
"ME_M_8",1.714418
"ME_M_8",1.7146
"ME_M_8",1.714804
"ME_M_8",1.714964
"ME_M_8",1.715108
"ME_M_8",1.715297
"ME_M_8",1.715396
"ME_M_8",1.715488
"ME_M_8",1.715676
"ME_M_8",1.715815
"ME_M_8",1.715825
"ME_M_8",1.715742
"ME_M_8",1.715536
"ME_M_8",1.715523
"ME_M_8",1.71553
"ME_M_8",1.715568
"ME_M_8",1.715621
"ME_M_8",1.715687
"ME_M_8",1.715711
"ME_M_8",1.715719
"ME_M_8",1.71575
"ME_M_8",1.715732
"ME_M_8",1.715743
"ME_M_8",1.715743
"ME_M_8",1.715724
"ME_M_8",1.715706
"ME_M_8",1.715701
"ME_M_8",1.715698
"ME_M_8",1.715677
"ME_M_8",1.715643
"ME_M_8",1.715597
"ME_M_8",1.715592
"ME_M_8",1.715582
"ME_M_8",1.715598
"ME_M_8",1.71559
"ME_M_8",1.715601
"ME_M_8",1.715587
"ME_M_8",1.715564
"ME_M_8",1.715546
"ME_M_8",1.71552
"ME_M_8",1.715508
"ME_M_8",1.715529
"ME_M_8",1.715542
"ME_M_8",1.715577
"ME_M_8",1.715599
"ME_M_8",1.715633
"ME_M_8",1.715649
"ME_M_8",1.715664
"ME_M_8",1.715682
"ME_M_8",1.71576
"ME_M_8",1.715803
"ME_M_8",1.715833
"ME_M_8",1.715851
"ME_M_8",1.71582
"ME_M_8",1.715815
"ME_M_8",1.715794
"ME_M_8",1.715411
"ME_M_8",1.715408
"ME_M_8",1.715409
"ME_M_8",1.715431
"ME_M_8",1.715462
"ME_M_8",1.715562
"ME_M_8",1.715634
"ME_M_8",1.715694
"ME_M_8",1.715808
"ME_M_8",1.715917
"ME_M_8",1.715998
"ME_M_8",1.716041
"ME_M_8",1.716197
"ME_M_8",1.71645
"ME_M_8",1.716649
"ME_M_8",1.716844
"ME_M_8",1.716892
"ME_M_8",1.716735
"ME_M_8",1.716692
"ME_M_8",1.71663
"ME_M_8",1.71651
"ME_M_8",1.716311
"ME_M_8",1.716102
"ME_M_8",1.715873
"ME_M_8",1.715362
"ME_M_8",1.715472
"ME_M_8",1.715398
"ME_M_8",1.715553
"ME_M_8",1.715785
"ME_M_8",1.716147
"ME_M_8",1.71635
"ME_M_8",1.716438
"ME_M_8",1.716506
"ME_M_8",1.716636
"ME_M_8",1.716754
"ME_M_8",1.716908
"ME_M_8",1.717088
"ME_M_8",1.717313
"ME_M_8",1.717476
"ME_M_8",1.717619
"ME_M_8",1.717758
"ME_M_8",1.717862
"ME_M_8",1.717853
"ME_M_8",1.717777
"ME_M_8",1.717638
"ME_M_8",1.717568
"ME_M_8",1.717648
"ME_M_8",1.717718
"ME_M_8",1.717782
"ME_M_8",1.717841
"ME_M_8",1.717838
"ME_M_8",1.71786
"ME_M_8",1.717877
"ME_M_8",1.717904
"ME_M_8",1.717926
"ME_M_8",1.717928
"ME_M_8",1.717946
"ME_M_8",1.717939
"ME_M_8",1.717936
"ME_M_8",1.717928
"ME_M_8",1.717946
"ME_M_8",1.717975
"ME_M_8",1.717981
"ME_M_8",1.717972
"ME_M_8",1.717998
"ME_M_8",1.718044
"ME_M_8",1.718103
"ME_M_8",1.718178
"ME_M_8",1.718212
"ME_M_8",1.71827
"ME_M_8",1.718274
"ME_M_8",1.718314
"ME_M_8",1.718319
"ME_M_8",1.71852
"ME_M_8",1.718547
"ME_M_8",1.718554
"ME_M_8",1.718574
"ME_M_8",1.718566
"ME_M_8",1.718594
"ME_M_8",1.718628
"ME_M_8",1.718689
"ME_M_8",1.718729
"ME_M_8",1.718813
"ME_M_8",1.718936
"ME_M_8",1.719124
"ME_M_8",1.719244
"ME_M_8",1.719328
"ME_M_8",1.71938
"ME_M_8",1.719132
"ME_M_8",1.719085
"ME_M_8",1.719058
"ME_M_8",1.718979
"ME_M_8",1.718799
"ME_M_8",1.718663
"ME_M_8",1.718679
"ME_M_8",1.718813
"ME_M_8",1.71889
"ME_M_8",1.718933
"ME_M_8",1.719119
"ME_M_8",1.719244
"ME_M_8",1.719475
"ME_M_8",1.719527
"ME_M_8",1.719594
"ME_M_8",1.719722
"ME_M_8",1.719928
"ME_M_8",1.720043
"ME_M_8",1.720145
"ME_M_8",1.720072
"ME_M_8",1.719995
"ME_M_8",1.719999
"ME_M_8",1.720042
"ME_M_8",1.720098
"ME_M_8",1.720126
"ME_M_8",1.720157
"ME_M_8",1.720161
"ME_M_8",1.720156
"ME_M_8",1.720112
"ME_M_8",1.720065
"ME_M_8",1.720054
"ME_M_8",1.720092
"ME_M_8",1.720204
"ME_M_8",1.720224
"ME_M_8",1.720265
"ME_M_8",1.720308
"ME_M_8",1.720322
"ME_M_8",1.720375
"ME_M_8",1.720314
"ME_M_8",1.720285
"ME_M_8",1.720239
"ME_M_8",1.72021
"ME_M_8",1.720088
"ME_M_8",1.720043
"ME_M_8",1.719948
"ME_M_8",1.719893
"ME_M_8",1.719851
"ME_M_8",1.719829
"ME_M_8",1.719814
"ME_M_8",1.719795
"ME_M_8",1.719805
"ME_M_8",1.719797
"ME_M_8",1.719762
"ME_M_8",1.719752
"ME_M_8",1.719719
"ME_M_8",1.719692
"ME_M_8",1.719669
"ME_M_8",1.719636
"ME_M_8",1.718506
"ME_M_8",1.71851
"ME_M_8",1.718516
"ME_M_8",1.718511
"ME_M_8",1.71856
"ME_M_8",1.718576
"ME_M_8",1.71859
"ME_M_8",1.718627
"ME_M_8",1.718738
"ME_M_8",1.718818
"ME_M_8",1.718919
"ME_M_8",1.71905
"ME_M_8",1.719127
"ME_M_8",1.719204
"ME_M_8",1.719258
"ME_M_8",1.71932
"ME_M_8",1.719307
"ME_M_8",1.719253
"ME_M_8",1.719206
"ME_M_8",1.719121
"ME_M_8",1.719192
"ME_M_8",1.719336
"ME_M_8",1.719452
"ME_M_8",1.719724
"ME_M_8",1.720073
"ME_M_8",1.720191
"ME_M_8",1.720274
"ME_M_8",1.720328
"ME_M_8",1.720477
"ME_M_8",1.720611
"ME_M_8",1.720686
"ME_M_8",1.720781
"ME_M_8",1.720689
"ME_M_8",1.72069
"ME_M_8",1.720757
"ME_M_8",1.720809
"ME_M_8",1.720946
"ME_M_8",1.721042
"ME_M_8",1.721133
"ME_M_8",1.721241
"ME_M_8",1.721281
"ME_M_8",1.721285
"ME_M_8",1.721326
"ME_M_8",1.721321
"ME_M_8",1.721265
"ME_M_8",1.721234
"ME_M_8",1.721188
"ME_M_8",1.721123
"ME_M_8",1.721045
"ME_M_8",1.721014
"ME_M_8",1.720981
"ME_M_8",1.720952
"ME_M_8",1.720964
"ME_M_8",1.720942
"ME_M_8",1.720938
"ME_M_8",1.720885
"ME_M_8",1.720898
"ME_M_8",1.720892
"ME_M_8",1.720892
"ME_M_8",1.720857
"ME_M_8",1.720791
"ME_M_8",1.720755
"ME_M_8",1.720722
"ME_M_8",1.720707
"ME_M_8",1.72068
"ME_M_8",1.720628
"ME_M_8",1.720566
"ME_M_8",1.720477
"ME_M_8",1.720353
"ME_M_8",1.720242
"ME_M_8",1.720135
"ME_M_8",1.720027
"ME_M_8",1.719885
"ME_M_8",1.719214
"ME_M_8",1.71926
"ME_M_8",1.719263
"ME_M_8",1.719283
"ME_M_8",1.719313
"ME_M_8",1.719405
"ME_M_8",1.719445
"ME_M_8",1.719476
"ME_M_8",1.719495
"ME_M_8",1.719508
"ME_M_8",1.719519
"ME_M_8",1.719526
"ME_M_8",1.719526
"ME_M_8",1.719523
"ME_M_8",1.719512
"ME_M_8",1.719552
"ME_M_8",1.719616
"ME_M_8",1.71971
"ME_M_8",1.71981
"ME_M_8",1.719914
"ME_M_8",1.720015
"ME_M_8",1.720158
"ME_M_8",1.720207
"ME_M_8",1.720226
"ME_M_8",1.720166
"ME_M_8",1.719949
"ME_M_8",1.719736
"ME_M_8",1.719444
"ME_M_8",1.718965
"ME_M_8",1.718966
"ME_M_8",1.718952
"ME_M_8",1.719007
"ME_M_8",1.719063
"ME_M_8",1.719375
"ME_M_8",1.71956
"ME_M_8",1.719548
"ME_M_8",1.719527
"ME_M_8",1.719527
"ME_M_8",1.719683
"ME_M_8",1.71979
"ME_M_8",1.719855
"ME_M_8",1.719998
"ME_M_8",1.720136
"ME_M_8",1.720165
"ME_M_8",1.7202
"ME_M_8",1.720265
"ME_M_8",1.720481
"ME_M_8",1.720561
"ME_M_8",1.720638
"ME_M_8",1.720632
"ME_M_8",1.72057
"ME_M_8",1.720571
"ME_M_8",1.720561
"ME_M_8",1.720603
"ME_M_8",1.720633
"ME_M_8",1.720616
"ME_M_8",1.720594
"ME_M_8",1.720548
"ME_M_8",1.720526
"ME_M_8",1.720528
"ME_M_8",1.720451
"ME_M_8",1.720446
"ME_M_8",1.720607
"ME_M_8",1.720691
"ME_M_8",1.720794
"ME_M_8",1.72098
"ME_M_8",1.721147
"ME_M_8",1.7213
"ME_M_8",1.721455
"ME_M_8",1.721555
"ME_M_8",1.721601
"ME_M_8",1.721635
"ME_M_8",1.697505
"ME_M_8",1.697601
"ME_M_8",1.697725
"ME_M_8",1.697895
"ME_M_8",1.698131
"ME_M_8",1.698258
"ME_M_8",1.698253
"ME_M_8",1.698212
"ME_M_8",1.697893
"ME_M_8",1.697843
"ME_M_8",1.697712
"ME_M_8",1.697583
"ME_M_8",1.6977
"ME_M_8",1.69789
"ME_M_8",1.698062
"ME_M_8",1.698167
"ME_M_8",1.698282
"ME_M_8",1.698344
"ME_M_8",1.698526
"ME_M_8",1.698644
"ME_M_8",1.698664
"ME_M_8",1.698725
"ME_M_8",1.698687
"ME_M_8",1.698554
"ME_M_8",1.698481
"ME_M_8",1.69848
"ME_M_8",1.698483
"ME_M_8",1.698519
"ME_M_8",1.6985
"ME_M_8",1.698483
"ME_M_8",1.698462
"ME_M_8",1.698437
"ME_M_8",1.698346
"ME_M_8",1.698253
"ME_M_8",1.69805
"ME_M_8",1.697925
"ME_M_8",1.697647
"ME_M_8",1.697424
"ME_M_8",1.697282
"ME_M_8",1.697214
"ME_M_8",1.697017
"ME_M_8",1.696951
"ME_M_8",1.696907
"ME_M_8",1.696748
"ME_M_8",1.696759
"ME_M_8",1.696709
"ME_M_8",1.696708
"ME_M_8",1.696656
"ME_M_8",1.69661
"ME_M_8",1.696571
"ME_M_8",1.696532
"ME_M_8",1.696531
"ME_M_8",1.696587
"ME_M_8",1.696578
"ME_M_8",1.696594
"ME_M_8",1.696589
"ME_M_8",1.696589
"ME_M_8",1.696586
"ME_M_8",1.696556
"ME_M_8",1.696479
"ME_M_8",1.696386
"ME_M_8",1.696317
"ME_M_8",1.696229
"ME_M_8",1.696162
"ME_M_8",1.696128
"ME_M_8",1.696029
"ME_M_8",1.696028
"ME_M_8",1.695998
"ME_M_8",1.696031
"ME_M_8",1.696049
"ME_M_8",1.696075
"ME_M_8",1.696108
"ME_M_8",1.696168
"ME_M_8",1.698371
"ME_M_8",1.698437
"ME_M_8",1.698459
"ME_M_8",1.698525
"ME_M_8",1.698526
"ME_M_8",1.698583
"ME_M_8",1.698684
"ME_M_8",1.698822
"ME_M_8",1.698986
"ME_M_8",1.699546
"ME_M_8",1.699525
"ME_M_8",1.699589
"ME_M_8",1.699863
"ME_M_8",1.699953
"ME_M_8",1.700029
"ME_M_8",1.700122
"ME_M_8",1.700056
"ME_M_8",1.699957
"ME_M_8",1.69966
"ME_M_8",1.699443
"ME_M_8",1.699308
"ME_M_8",1.699272
"ME_M_8",1.699203
"ME_M_8",1.699162
"ME_M_8",1.699075
"ME_M_8",1.699003
"ME_M_8",1.698973
"ME_M_8",1.698964
"ME_M_8",1.699005
"ME_M_8",1.698991
"ME_M_8",1.699031
"ME_M_8",1.698991
"ME_M_8",1.698967
"ME_M_8",1.698925
"ME_M_8",1.698924
"ME_M_8",1.698905
"ME_M_8",1.698878
"ME_M_8",1.698847
"ME_M_8",1.698877
"ME_M_8",1.698888
"ME_M_8",1.698881
"ME_M_8",1.698844
"ME_M_8",1.698827
"ME_M_8",1.698823
"ME_M_8",1.698812
"ME_M_8",1.698812
"ME_M_8",1.698777
"ME_M_8",1.698745
"ME_M_8",1.698715
"ME_M_8",1.698724
"ME_M_8",1.698672
"ME_M_8",1.698609
"ME_M_8",1.698564
"ME_M_8",1.698512
"ME_M_8",1.698408
"ME_M_8",1.698292
"ME_M_8",1.698157
"ME_M_8",1.698009
"ME_M_8",1.697848
"ME_M_8",1.697361
"ME_M_8",1.697058
"ME_M_8",1.6968
"ME_M_8",1.696603
"ME_M_8",1.696338
"ME_M_8",1.696073
"ME_M_8",1.69588
"ME_M_8",1.695691
"ME_M_8",1.695508
"ME_M_8",1.695478
"ME_M_8",1.695797
"ME_M_8",1.696093
"ME_M_8",1.69614
"ME_M_8",1.695675
"ME_M_8",1.698806
"ME_M_8",1.698817
"ME_M_8",1.69881
"ME_M_8",1.698821
"ME_M_8",1.698833
"ME_M_8",1.698859
"ME_M_8",1.698928
"ME_M_8",1.698958
"ME_M_8",1.698997
"ME_M_8",1.699016
"ME_M_8",1.699033
"ME_M_8",1.69904
"ME_M_8",1.699024
"ME_M_8",1.699022
"ME_M_8",1.699044
"ME_M_8",1.699071
"ME_M_8",1.699115
"ME_M_8",1.699223
"ME_M_8",1.699376
"ME_M_8",1.699581
"ME_M_8",1.700401
"ME_M_8",1.700578
"ME_M_8",1.700193
"ME_M_8",1.700093
"ME_M_8",1.700186
"ME_M_8",1.700576
"ME_M_8",1.700487
"ME_M_8",1.700362
"ME_M_8",1.700279
"ME_M_8",1.699942
"ME_M_8",1.699494
"ME_M_8",1.699399
"ME_M_8",1.699449
"ME_M_8",1.699536
"ME_M_8",1.699857
"ME_M_8",1.699986
"ME_M_8",1.699986
"ME_M_8",1.70001
"ME_M_8",1.700059
"ME_M_8",1.70019
"ME_M_8",1.700283
"ME_M_8",1.700412
"ME_M_8",1.700635
"ME_M_8",1.700838
"ME_M_8",1.701319
"ME_M_8",1.701517
"ME_M_8",1.701601
"ME_M_8",1.701646
"ME_M_8",1.701584
"ME_M_8",1.701583
"ME_M_8",1.701958
"ME_M_8",1.702035
"ME_M_8",1.702085
"ME_M_8",1.702137
"ME_M_8",1.702142
"ME_M_8",1.702183
"ME_M_8",1.702223
"ME_M_8",1.702279
"ME_M_8",1.702399
"ME_M_8",1.702479
"ME_M_8",1.702547
"ME_M_8",1.70262
"ME_M_8",1.70278
"ME_M_8",1.702943
"ME_M_8",1.703113
"ME_M_8",1.703261
"ME_M_8",1.703376
"ME_M_8",1.703498
"ME_M_8",1.703546
"ME_M_8",1.703616
"ME_M_8",1.70359
"ME_M_8",1.703593
"ME_M_8",1.703632
